,building_name,unit_name,unit_group,sqft,effective_price,date,leased_rate
0,The Villages of Briar Forest,0211,2x2,1138,1541,01/25/2024,False
1,The Villages of Briar Forest,0211,2x2,1138,1526,01/26/2024,False
2,The Villages of Briar Forest,0211,2x2,1138,1526,01/27/2024,False
3,The Villages of Briar Forest,0211,2x2,1138,1526,01/28/2024,False
4,The Villages of Briar Forest,0211,2x2,1138,1526,01/29/2024,False
5,The Villages of Briar Forest,0211,2x2,1138,1526,01/30/2024,False
6,The Villages of Briar Forest,0211,2x2,1138,1601,01/31/2024,False
7,The Villages of Briar Forest,0211,2x2,1138,1601,02/01/2024,False
8,The Villages of Briar Forest,0211,2x2,1138,1601,02/02/2024,False
9,The Villages of Briar Forest,0211,2x2,1138,1636,02/03/2024,False
10,The Villages of Briar Forest,0211,2x2,1138,1636,02/04/2024,False
11,The Villages of Briar Forest,0211,2x2,1138,1636,02/05/2024,False
12,The Villages of Briar Forest,0211,2x2,1138,1636,02/06/2024,False
13,The Villages of Briar Forest,0211,2x2,1138,1636,02/07/2024,False
14,The Villages of Briar Forest,0211,2x2,1138,1636,02/08/2024,False
15,The Villages of Briar Forest,0211,2x2,1138,1636,02/09/2024,False
16,The Villages of Briar Forest,0211,2x2,1138,1596,02/10/2024,False
17,The Villages of Briar Forest,0211,2x2,1138,1596,02/11/2024,False
18,The Villages of Briar Forest,0211,2x2,1138,1596,02/12/2024,False
19,The Villages of Briar Forest,0211,2x2,1138,1596,02/13/2024,False
20,The Villages of Briar Forest,0211,2x2,1138,1616,02/14/2024,False
21,The Villages of Briar Forest,0211,2x2,1138,1616,02/15/2024,False
22,The Villages of Briar Forest,0211,2x2,1138,1616,02/16/2024,False
23,The Villages of Briar Forest,0211,2x2,1138,1596,02/17/2024,False
24,The Villages of Briar Forest,0211,2x2,1138,1596,02/18/2024,False
25,The Villages of Briar Forest,0211,2x2,1138,1596,02/19/2024,False
26,The Villages of Briar Forest,0211,2x2,1138,1596,02/20/2024,False
27,The Villages of Briar Forest,0211,2x2,1138,1596,02/21/2024,False
28,The Villages of Briar Forest,0211,2x2,1138,1596,02/22/2024,False
29,The Villages of Briar Forest,0211,2x2,1138,1596,02/23/2024,False
30,The Villages of Briar Forest,0211,2x2,1138,1596,02/24/2024,False
31,The Villages of Briar Forest,0211,2x2,1138,1596,02/25/2024,False
32,The Villages of Briar Forest,0211,2x2,1138,1566,02/26/2024,False
33,The Villages of Briar Forest,0211,2x2,1138,1596,02/27/2024,False
34,The Villages of Briar Forest,0211,2x2,1138,1596,02/28/2024,False
35,The Villages of Briar Forest,0211,2x2,1138,1566,02/29/2024,False
36,The Villages of Briar Forest,0211,2x2,1138,1566,03/01/2024,False
37,The Villages of Briar Forest,0211,2x2,1138,1566,03/02/2024,False
38,The Villages of Briar Forest,0211,2x2,1138,1566,03/03/2024,False
39,The Villages of Briar Forest,0211,2x2,1138,1566,03/04/2024,False
40,The Villages of Briar Forest,0211,2x2,1138,1566,03/05/2024,False
41,The Villages of Briar Forest,0211,2x2,1138,1566,03/06/2024,False
42,The Villages of Briar Forest,0211,2x2,1138,1566,03/07/2024,False
43,The Villages of Briar Forest,0211,2x2,1138,1566,03/08/2024,False
44,The Villages of Briar Forest,0211,2x2,1138,1561,03/09/2024,False
45,The Villages of Briar Forest,0211,2x2,1138,1561,03/10/2024,False
46,The Villages of Briar Forest,0211,2x2,1138,1561,03/11/2024,False
47,The Villages of Briar Forest,0211,2x2,1138,1561,03/12/2024,False
48,The Villages of Briar Forest,0211,2x2,1138,1561,03/13/2024,False
49,The Villages of Briar Forest,0211,2x2,1138,1561,03/14/2024,False
50,The Villages of Briar Forest,0211,2x2,1138,1561,03/15/2024,False
51,The Villages of Briar Forest,0211,2x2,1138,1591,03/16/2024,False
52,The Villages of Briar Forest,0211,2x2,1138,1591,03/17/2024,False
53,The Villages of Briar Forest,0211,2x2,1138,1591,03/18/2024,False
54,The Villages of Briar Forest,0211,2x2,1138,1591,03/19/2024,False
55,The Villages of Briar Forest,0211,2x2,1138,1591,03/20/2024,False
56,The Villages of Briar Forest,0211,2x2,1138,1591,03/21/2024,False
57,The Villages of Briar Forest,0211,2x2,1138,1591,03/22/2024,False
58,The Villages of Briar Forest,0211,2x2,1138,1736,03/23/2024,False
59,The Villages of Briar Forest,0211,2x2,1138,1736,03/24/2024,False
60,The Villages of Briar Forest,0211,2x2,1138,1736,03/25/2024,False
61,The Villages of Briar Forest,0211,2x2,1138,1736,03/26/2024,False
62,The Villages of Briar Forest,0211,2x2,1138,1736,03/27/2024,False
63,The Villages of Briar Forest,0211,2x2,1138,1736,03/28/2024,False
64,The Villages of Briar Forest,0211,2x2,1138,1736,03/29/2024,False
65,The Villages of Briar Forest,0211,2x2,1138,1736,03/30/2024,False
66,The Villages of Briar Forest,0211,2x2,1138,1736,03/31/2024,True
67,The Villages of Briar Forest,0211,2x2,1138,1671,02/04/2025,False
68,The Villages of Briar Forest,0211,2x2,1138,1676,02/05/2025,False
69,The Villages of Briar Forest,0211,2x2,1138,1671,02/06/2025,False
70,The Villages of Briar Forest,0211,2x2,1138,1656,02/07/2025,False
71,The Villages of Briar Forest,0211,2x2,1138,1651,02/08/2025,False
72,The Villages of Briar Forest,0211,2x2,1138,1651,02/09/2025,False
73,The Villages of Briar Forest,0211,2x2,1138,1656,02/10/2025,False
74,The Villages of Briar Forest,0211,2x2,1138,1651,02/11/2025,False
75,The Villages of Briar Forest,0211,2x2,1138,1651,02/12/2025,False
76,The Villages of Briar Forest,0211,2x2,1138,1651,02/13/2025,False
77,The Villages of Briar Forest,0211,2x2,1138,1701,02/14/2025,False
78,The Villages of Briar Forest,0211,2x2,1138,1701,02/15/2025,False
79,The Villages of Briar Forest,0211,2x2,1138,1701,02/16/2025,False
80,The Villages of Briar Forest,0211,2x2,1138,1701,02/17/2025,False
81,The Villages of Briar Forest,0211,2x2,1138,1701,02/18/2025,False
82,The Villages of Briar Forest,0211,2x2,1138,1706,02/19/2025,False
83,The Villages of Briar Forest,0211,2x2,1138,1706,02/20/2025,False
84,The Villages of Briar Forest,0211,2x2,1138,1696,02/21/2025,False
85,The Villages of Briar Forest,0211,2x2,1138,1701,02/22/2025,False
86,The Villages of Briar Forest,0211,2x2,1138,1701,02/23/2025,False
87,The Villages of Briar Forest,0211,2x2,1138,1696,02/24/2025,False
88,The Villages of Briar Forest,0211,2x2,1138,1701,02/25/2025,False
89,The Villages of Briar Forest,0211,2x2,1138,1706,02/26/2025,False
90,The Villages of Briar Forest,0211,2x2,1138,1706,02/27/2025,False
91,The Villages of Briar Forest,0211,2x2,1138,1716,02/28/2025,False
92,The Villages of Briar Forest,0211,2x2,1138,1716,03/01/2025,False
93,The Villages of Briar Forest,0211,2x2,1138,1716,03/02/2025,False
94,The Villages of Briar Forest,0211,2x2,1138,1706,03/03/2025,False
95,The Villages of Briar Forest,0211,2x2,1138,1706,03/04/2025,False
96,The Villages of Briar Forest,0211,2x2,1138,1701,03/05/2025,False
97,The Villages of Briar Forest,0211,2x2,1138,1706,03/06/2025,False
98,The Villages of Briar Forest,0211,2x2,1138,1711,03/07/2025,False
99,The Villages of Briar Forest,0211,2x2,1138,1706,03/08/2025,False
100,The Villages of Briar Forest,0211,2x2,1138,1706,03/09/2025,False
101,The Villages of Briar Forest,0211,2x2,1138,1701,03/10/2025,False
102,The Villages of Briar Forest,0211,2x2,1138,1701,03/11/2025,False
103,The Villages of Briar Forest,0211,2x2,1138,1701,03/12/2025,False
104,The Villages of Briar Forest,0211,2x2,1138,1701,03/13/2025,False
105,The Villages of Briar Forest,0211,2x2,1138,1701,03/14/2025,False
106,The Villages of Briar Forest,0211,2x2,1138,1701,03/15/2025,False
107,The Villages of Briar Forest,0211,2x2,1138,1701,03/16/2025,False
108,The Villages of Briar Forest,0211,2x2,1138,1701,03/17/2025,False
109,The Villages of Briar Forest,0211,2x2,1138,1701,03/18/2025,False
110,The Villages of Briar Forest,0211,2x2,1138,1661,03/19/2025,False
111,The Villages of Briar Forest,0211,2x2,1138,1661,03/20/2025,False
112,The Villages of Briar Forest,0211,2x2,1138,1661,03/21/2025,False
113,The Villages of Briar Forest,0211,2x2,1138,1661,03/22/2025,False
114,The Villages of Briar Forest,0211,2x2,1138,1661,03/23/2025,False
115,The Villages of Briar Forest,0211,2x2,1138,1661,03/24/2025,False
116,The Villages of Briar Forest,0211,2x2,1138,1830,03/25/2025,False
117,The Villages of Briar Forest,0211,2x2,1138,1830,03/26/2025,False
118,The Villages of Briar Forest,0211,2x2,1138,1830,03/27/2025,False
119,The Villages of Briar Forest,0211,2x2,1138,1830,03/28/2025,False
120,The Villages of Briar Forest,0211,2x2,1138,1830,03/29/2025,False
121,The Villages of Briar Forest,0211,2x2,1138,1830,03/30/2025,False
122,The Villages of Briar Forest,0211,2x2,1138,1830,03/31/2025,False
123,The Villages of Briar Forest,0211,2x2,1138,1830,04/01/2025,True
124,The Villages of Briar Forest,0212,1x1,817,1272,08/19/2023,False
125,The Villages of Briar Forest,0212,1x1,817,1272,08/20/2023,False
126,The Villages of Briar Forest,0212,1x1,817,1272,08/21/2023,False
127,The Villages of Briar Forest,0212,1x1,817,1272,08/22/2023,False
128,The Villages of Briar Forest,0212,1x1,817,1272,08/23/2023,False
129,The Villages of Briar Forest,0212,1x1,817,1272,08/24/2023,False
130,The Villages of Briar Forest,0212,1x1,817,1272,08/25/2023,False
131,The Villages of Briar Forest,0212,1x1,817,1232,08/26/2023,False
132,The Villages of Briar Forest,0212,1x1,817,1232,08/27/2023,False
133,The Villages of Briar Forest,0212,1x1,817,1232,08/28/2023,False
134,The Villages of Briar Forest,0212,1x1,817,1232,08/29/2023,False
135,The Villages of Briar Forest,0212,1x1,817,1232,08/30/2023,False
136,The Villages of Briar Forest,0212,1x1,817,1232,08/31/2023,False
137,The Villages of Briar Forest,0212,1x1,817,1222,09/01/2023,False
138,The Villages of Briar Forest,0212,1x1,817,1257,09/02/2023,False
139,The Villages of Briar Forest,0212,1x1,817,1262,09/03/2023,False
140,The Villages of Briar Forest,0212,1x1,817,1262,09/04/2023,False
141,The Villages of Briar Forest,0212,1x1,817,1262,09/05/2023,False
142,The Villages of Briar Forest,0212,1x1,817,1262,09/06/2023,False
143,The Villages of Briar Forest,0212,1x1,817,1262,09/07/2023,False
144,The Villages of Briar Forest,0212,1x1,817,1262,09/08/2023,False
145,The Villages of Briar Forest,0212,1x1,817,1247,09/09/2023,False
146,The Villages of Briar Forest,0212,1x1,817,1217,09/10/2023,False
147,The Villages of Briar Forest,0212,1x1,817,1217,09/11/2023,False
148,The Villages of Briar Forest,0212,1x1,817,1217,09/12/2023,False
149,The Villages of Briar Forest,0212,1x1,817,1217,09/13/2023,False
150,The Villages of Briar Forest,0212,1x1,817,1217,09/14/2023,False
151,The Villages of Briar Forest,0212,1x1,817,1217,09/15/2023,False
152,The Villages of Briar Forest,0212,1x1,817,1247,09/16/2023,False
153,The Villages of Briar Forest,0212,1x1,817,1247,09/17/2023,False
154,The Villages of Briar Forest,0212,1x1,817,1247,09/18/2023,False
155,The Villages of Briar Forest,0212,1x1,817,1247,09/19/2023,False
156,The Villages of Briar Forest,0212,1x1,817,1247,09/20/2023,False
157,The Villages of Briar Forest,0212,1x1,817,1247,09/21/2023,False
158,The Villages of Briar Forest,0212,1x1,817,1247,09/22/2023,False
159,The Villages of Briar Forest,0212,1x1,817,1247,09/23/2023,False
160,The Villages of Briar Forest,0212,1x1,817,1247,09/24/2023,False
161,The Villages of Briar Forest,0212,1x1,817,1247,09/25/2023,False
162,The Villages of Briar Forest,0212,1x1,817,1247,09/26/2023,False
163,The Villages of Briar Forest,0212,1x1,817,1247,09/27/2023,False
164,The Villages of Briar Forest,0212,1x1,817,1247,09/28/2023,False
165,The Villages of Briar Forest,0212,1x1,817,1247,09/29/2023,False
166,The Villages of Briar Forest,0212,1x1,817,1247,09/30/2023,False
167,The Villages of Briar Forest,0212,1x1,817,1247,10/01/2023,False
168,The Villages of Briar Forest,0212,1x1,817,1247,10/02/2023,False
169,The Villages of Briar Forest,0212,1x1,817,1247,10/03/2023,False
170,The Villages of Briar Forest,0212,1x1,817,1171,10/04/2023,False
171,The Villages of Briar Forest,0212,1x1,817,1108,10/05/2023,False
172,The Villages of Briar Forest,0212,1x1,817,1108,10/06/2023,False
173,The Villages of Briar Forest,0212,1x1,817,1108,10/07/2023,False
174,The Villages of Briar Forest,0212,1x1,817,1108,10/08/2023,False
175,The Villages of Briar Forest,0212,1x1,817,1108,10/09/2023,False
176,The Villages of Briar Forest,0212,1x1,817,1108,10/10/2023,False
177,The Villages of Briar Forest,0212,1x1,817,1108,10/11/2023,False
178,The Villages of Briar Forest,0212,1x1,817,1108,10/12/2023,False
179,The Villages of Briar Forest,0212,1x1,817,1108,10/13/2023,False
180,The Villages of Briar Forest,0212,1x1,817,1108,10/14/2023,False
181,The Villages of Briar Forest,0212,1x1,817,1048,10/15/2023,False
182,The Villages of Briar Forest,0212,1x1,817,1048,10/16/2023,False
183,The Villages of Briar Forest,0212,1x1,817,1048,10/17/2023,True
184,The Villages of Briar Forest,0212,1x1,817,1260,11/15/2024,False
185,The Villages of Briar Forest,0212,1x1,817,1260,11/16/2024,False
186,The Villages of Briar Forest,0212,1x1,817,1260,11/17/2024,False
187,The Villages of Briar Forest,0212,1x1,817,1260,11/18/2024,False
188,The Villages of Briar Forest,0212,1x1,817,1260,11/19/2024,False
189,The Villages of Briar Forest,0212,1x1,817,1215,11/20/2024,False
190,The Villages of Briar Forest,0212,1x1,817,1215,11/21/2024,False
191,The Villages of Briar Forest,0212,1x1,817,1270,11/22/2024,False
192,The Villages of Briar Forest,0212,1x1,817,1187,11/23/2024,False
193,The Villages of Briar Forest,0212,1x1,817,1187,11/24/2024,False
194,The Villages of Briar Forest,0212,1x1,817,1187,11/25/2024,False
195,The Villages of Briar Forest,0212,1x1,817,1255,11/26/2024,False
196,The Villages of Briar Forest,0212,1x1,817,1187,11/27/2024,False
197,The Villages of Briar Forest,0212,1x1,817,1187,11/28/2024,False
198,The Villages of Briar Forest,0212,1x1,817,1182,11/29/2024,False
199,The Villages of Briar Forest,0212,1x1,817,1182,11/30/2024,False
200,The Villages of Briar Forest,0212,1x1,817,1182,12/01/2024,False
201,The Villages of Briar Forest,0212,1x1,817,1182,12/02/2024,False
202,The Villages of Briar Forest,0212,1x1,817,1232,12/03/2024,False
203,The Villages of Briar Forest,0212,1x1,817,1232,12/04/2024,False
204,The Villages of Briar Forest,0212,1x1,817,1232,12/05/2024,False
205,The Villages of Briar Forest,0212,1x1,817,1232,12/06/2024,False
206,The Villages of Briar Forest,0212,1x1,817,1202,12/07/2024,False
207,The Villages of Briar Forest,0212,1x1,817,1202,12/08/2024,False
208,The Villages of Briar Forest,0212,1x1,817,1202,12/09/2024,False
209,The Villages of Briar Forest,0212,1x1,817,1202,12/10/2024,False
210,The Villages of Briar Forest,0212,1x1,817,1202,12/11/2024,False
211,The Villages of Briar Forest,0212,1x1,817,1202,12/12/2024,False
212,The Villages of Briar Forest,0212,1x1,817,1248,12/13/2024,False
213,The Villages of Briar Forest,0212,1x1,817,1248,12/14/2024,False
214,The Villages of Briar Forest,0212,1x1,817,1248,12/15/2024,False
215,The Villages of Briar Forest,0212,1x1,817,1248,12/16/2024,False
216,The Villages of Briar Forest,0212,1x1,817,1248,12/17/2024,False
217,The Villages of Briar Forest,0212,1x1,817,1289,12/18/2024,False
218,The Villages of Briar Forest,0212,1x1,817,1289,12/19/2024,False
219,The Villages of Briar Forest,0212,1x1,817,1248,12/20/2024,False
220,The Villages of Briar Forest,0212,1x1,817,1248,12/21/2024,False
221,The Villages of Briar Forest,0212,1x1,817,1248,12/22/2024,False
222,The Villages of Briar Forest,0212,1x1,817,1248,12/23/2024,False
223,The Villages of Briar Forest,0212,1x1,817,1248,12/24/2024,False
224,The Villages of Briar Forest,0212,1x1,817,1248,12/25/2024,False
225,The Villages of Briar Forest,0212,1x1,817,1248,12/26/2024,False
226,The Villages of Briar Forest,0212,1x1,817,1242,12/27/2024,False
227,The Villages of Briar Forest,0212,1x1,817,1242,12/28/2024,False
228,The Villages of Briar Forest,0212,1x1,817,1242,12/29/2024,False
229,The Villages of Briar Forest,0212,1x1,817,1242,12/30/2024,False
230,The Villages of Briar Forest,0212,1x1,817,1242,12/31/2024,False
231,The Villages of Briar Forest,0212,1x1,817,1310,01/01/2025,False
232,The Villages of Briar Forest,0212,1x1,817,1235,01/02/2025,False
233,The Villages of Briar Forest,0212,1x1,817,1235,01/03/2025,False
234,The Villages of Briar Forest,0212,1x1,817,1215,01/04/2025,False
235,The Villages of Briar Forest,0212,1x1,817,1215,01/05/2025,False
236,The Villages of Briar Forest,0212,1x1,817,1215,01/06/2025,False
237,The Villages of Briar Forest,0212,1x1,817,1185,01/07/2025,False
238,The Villages of Briar Forest,0212,1x1,817,1185,01/08/2025,False
239,The Villages of Briar Forest,0212,1x1,817,1185,01/09/2025,False
240,The Villages of Briar Forest,0212,1x1,817,1175,01/10/2025,False
241,The Villages of Briar Forest,0212,1x1,817,1175,01/11/2025,False
242,The Villages of Briar Forest,0212,1x1,817,1175,01/12/2025,False
243,The Villages of Briar Forest,0212,1x1,817,1175,01/13/2025,False
244,The Villages of Briar Forest,0212,1x1,817,1175,01/14/2025,False
245,The Villages of Briar Forest,0212,1x1,817,1175,01/15/2025,False
246,The Villages of Briar Forest,0212,1x1,817,1175,01/16/2025,False
247,The Villages of Briar Forest,0212,1x1,817,1175,01/17/2025,False
248,The Villages of Briar Forest,0212,1x1,817,1175,01/18/2025,True
249,The Villages of Briar Forest,0213,1x1,817,1369,10/09/2024,False
250,The Villages of Briar Forest,0213,1x1,817,1328,10/10/2024,False
251,The Villages of Briar Forest,0213,1x1,817,1328,10/11/2024,False
252,The Villages of Briar Forest,0213,1x1,817,1328,10/12/2024,False
253,The Villages of Briar Forest,0213,1x1,817,1328,10/13/2024,False
254,The Villages of Briar Forest,0213,1x1,817,1328,10/14/2024,False
255,The Villages of Briar Forest,0213,1x1,817,1278,10/15/2024,False
256,The Villages of Briar Forest,0213,1x1,817,1278,10/16/2024,False
257,The Villages of Briar Forest,0213,1x1,817,1278,10/17/2024,False
258,The Villages of Briar Forest,0213,1x1,817,1278,10/18/2024,False
259,The Villages of Briar Forest,0213,1x1,817,1278,10/19/2024,False
260,The Villages of Briar Forest,0213,1x1,817,1278,10/20/2024,False
261,The Villages of Briar Forest,0213,1x1,817,1278,10/21/2024,False
262,The Villages of Briar Forest,0213,1x1,817,1278,10/22/2024,False
263,The Villages of Briar Forest,0213,1x1,817,1278,10/23/2024,False
264,The Villages of Briar Forest,0213,1x1,817,1278,10/24/2024,False
265,The Villages of Briar Forest,0213,1x1,817,1278,10/25/2024,False
266,The Villages of Briar Forest,0213,1x1,817,1278,10/26/2024,False
267,The Villages of Briar Forest,0213,1x1,817,1278,10/27/2024,False
268,The Villages of Briar Forest,0213,1x1,817,1340,10/28/2024,False
269,The Villages of Briar Forest,0213,1x1,817,1340,10/29/2024,False
270,The Villages of Briar Forest,0213,1x1,817,1340,10/30/2024,False
271,The Villages of Briar Forest,0213,1x1,817,1340,10/31/2024,False
272,The Villages of Briar Forest,0213,1x1,817,1340,11/01/2024,False
273,The Villages of Briar Forest,0213,1x1,817,1340,11/02/2024,False
274,The Villages of Briar Forest,0213,1x1,817,1340,11/03/2024,False
275,The Villages of Briar Forest,0213,1x1,817,1340,11/04/2024,False
276,The Villages of Briar Forest,0213,1x1,817,1298,11/05/2024,False
277,The Villages of Briar Forest,0213,1x1,817,1298,11/06/2024,False
278,The Villages of Briar Forest,0213,1x1,817,1298,11/07/2024,False
279,The Villages of Briar Forest,0213,1x1,817,1298,11/08/2024,False
280,The Villages of Briar Forest,0213,1x1,817,1298,11/09/2024,False
281,The Villages of Briar Forest,0213,1x1,817,1298,11/10/2024,False
282,The Villages of Briar Forest,0213,1x1,817,1298,11/11/2024,False
283,The Villages of Briar Forest,0213,1x1,817,1298,11/12/2024,False
284,The Villages of Briar Forest,0213,1x1,817,1298,11/13/2024,False
285,The Villages of Briar Forest,0213,1x1,817,1298,11/14/2024,False
286,The Villages of Briar Forest,0213,1x1,817,1298,11/15/2024,False
287,The Villages of Briar Forest,0213,1x1,817,1298,11/16/2024,False
288,The Villages of Briar Forest,0213,1x1,817,1298,11/17/2024,False
289,The Villages of Briar Forest,0213,1x1,817,1298,11/18/2024,False
290,The Villages of Briar Forest,0213,1x1,817,1298,11/19/2024,False
291,The Villages of Briar Forest,0213,1x1,817,1298,11/20/2024,False
292,The Villages of Briar Forest,0213,1x1,817,1298,11/21/2024,False
293,The Villages of Briar Forest,0213,1x1,817,1340,11/22/2024,True
294,The Villages of Briar Forest,0213,1x1,817,1500,03/25/2025,False
295,The Villages of Briar Forest,0213,1x1,817,1500,03/26/2025,False
296,The Villages of Briar Forest,0213,1x1,817,1500,03/27/2025,False
297,The Villages of Briar Forest,0213,1x1,817,1500,03/28/2025,False
298,The Villages of Briar Forest,0213,1x1,817,1500,03/29/2025,False
299,The Villages of Briar Forest,0213,1x1,817,1500,03/30/2025,False
300,The Villages of Briar Forest,0213,1x1,817,1500,03/31/2025,False
301,The Villages of Briar Forest,0213,1x1,817,1500,04/01/2025,True
302,The Villages of Briar Forest,0214,2x2,1138,1656,12/19/2023,False
303,The Villages of Briar Forest,0214,2x2,1138,1656,12/20/2023,False
304,The Villages of Briar Forest,0214,2x2,1138,1656,12/21/2023,False
305,The Villages of Briar Forest,0214,2x2,1138,1656,12/22/2023,False
306,The Villages of Briar Forest,0214,2x2,1138,1656,12/23/2023,False
307,The Villages of Briar Forest,0214,2x2,1138,1656,12/24/2023,False
308,The Villages of Briar Forest,0214,2x2,1138,1656,12/25/2023,False
309,The Villages of Briar Forest,0214,2x2,1138,1656,12/26/2023,False
310,The Villages of Briar Forest,0214,2x2,1138,1656,12/27/2023,False
311,The Villages of Briar Forest,0214,2x2,1138,1656,12/28/2023,False
312,The Villages of Briar Forest,0214,2x2,1138,1656,12/29/2023,False
313,The Villages of Briar Forest,0214,2x2,1138,1586,12/30/2023,False
314,The Villages of Briar Forest,0214,2x2,1138,1586,12/31/2023,False
315,The Villages of Briar Forest,0214,2x2,1138,1586,01/01/2024,False
316,The Villages of Briar Forest,0214,2x2,1138,1586,01/02/2024,False
317,The Villages of Briar Forest,0214,2x2,1138,1586,01/03/2024,False
318,The Villages of Briar Forest,0214,2x2,1138,1586,01/04/2024,False
319,The Villages of Briar Forest,0214,2x2,1138,1586,01/05/2024,False
320,The Villages of Briar Forest,0214,2x2,1138,1541,01/06/2024,False
321,The Villages of Briar Forest,0214,2x2,1138,1541,01/07/2024,False
322,The Villages of Briar Forest,0214,2x2,1138,1541,01/08/2024,False
323,The Villages of Briar Forest,0214,2x2,1138,1541,01/09/2024,False
324,The Villages of Briar Forest,0214,2x2,1138,1541,01/10/2024,False
325,The Villages of Briar Forest,0214,2x2,1138,1541,01/11/2024,False
326,The Villages of Briar Forest,0214,2x2,1138,1541,01/12/2024,False
327,The Villages of Briar Forest,0214,2x2,1138,1596,01/13/2024,False
328,The Villages of Briar Forest,0214,2x2,1138,1616,01/14/2024,False
329,The Villages of Briar Forest,0214,2x2,1138,1616,01/15/2024,False
330,The Villages of Briar Forest,0214,2x2,1138,1616,01/16/2024,False
331,The Villages of Briar Forest,0214,2x2,1138,1616,01/17/2024,False
332,The Villages of Briar Forest,0214,2x2,1138,1616,01/18/2024,True
333,The Villages of Briar Forest,0215,2x2,1138,1428,06/17/2023,False
334,The Villages of Briar Forest,0215,2x2,1138,1428,06/18/2023,False
335,The Villages of Briar Forest,0215,2x2,1138,1396,06/19/2023,False
336,The Villages of Briar Forest,0215,2x2,1138,1428,06/20/2023,False
337,The Villages of Briar Forest,0215,2x2,1138,1428,06/21/2023,True
338,The Villages of Briar Forest,0218,2x2,1138,1656,02/07/2024,False
339,The Villages of Briar Forest,0218,2x2,1138,1656,02/08/2024,False
340,The Villages of Briar Forest,0218,2x2,1138,1656,02/09/2024,False
341,The Villages of Briar Forest,0218,2x2,1138,1616,02/10/2024,False
342,The Villages of Briar Forest,0218,2x2,1138,1616,02/11/2024,False
343,The Villages of Briar Forest,0218,2x2,1138,1616,02/12/2024,False
344,The Villages of Briar Forest,0218,2x2,1138,1616,02/13/2024,False
345,The Villages of Briar Forest,0218,2x2,1138,1636,02/14/2024,False
346,The Villages of Briar Forest,0218,2x2,1138,1636,02/15/2024,False
347,The Villages of Briar Forest,0218,2x2,1138,1636,02/16/2024,False
348,The Villages of Briar Forest,0218,2x2,1138,1616,02/17/2024,False
349,The Villages of Briar Forest,0218,2x2,1138,1616,02/18/2024,False
350,The Villages of Briar Forest,0218,2x2,1138,1616,02/19/2024,False
351,The Villages of Briar Forest,0218,2x2,1138,1616,02/20/2024,False
352,The Villages of Briar Forest,0218,2x2,1138,1616,02/21/2024,False
353,The Villages of Briar Forest,0218,2x2,1138,1616,02/22/2024,False
354,The Villages of Briar Forest,0218,2x2,1138,1616,02/23/2024,False
355,The Villages of Briar Forest,0218,2x2,1138,1616,02/24/2024,False
356,The Villages of Briar Forest,0218,2x2,1138,1616,02/25/2024,False
357,The Villages of Briar Forest,0218,2x2,1138,1616,02/26/2024,False
358,The Villages of Briar Forest,0218,2x2,1138,1616,02/27/2024,False
359,The Villages of Briar Forest,0218,2x2,1138,1616,02/28/2024,False
360,The Villages of Briar Forest,0218,2x2,1138,1616,02/29/2024,False
361,The Villages of Briar Forest,0218,2x2,1138,1616,03/01/2024,False
362,The Villages of Briar Forest,0218,2x2,1138,1616,03/02/2024,False
363,The Villages of Briar Forest,0218,2x2,1138,1616,03/03/2024,False
364,The Villages of Briar Forest,0218,2x2,1138,1616,03/04/2024,False
365,The Villages of Briar Forest,0218,2x2,1138,1616,03/05/2024,False
366,The Villages of Briar Forest,0218,2x2,1138,1616,03/06/2024,False
367,The Villages of Briar Forest,0218,2x2,1138,1616,03/07/2024,False
368,The Villages of Briar Forest,0218,2x2,1138,1616,03/08/2024,False
369,The Villages of Briar Forest,0218,2x2,1138,1616,03/09/2024,False
370,The Villages of Briar Forest,0218,2x2,1138,1616,03/10/2024,False
371,The Villages of Briar Forest,0218,2x2,1138,1616,03/11/2024,False
372,The Villages of Briar Forest,0218,2x2,1138,1616,03/12/2024,False
373,The Villages of Briar Forest,0218,2x2,1138,1616,03/13/2024,False
374,The Villages of Briar Forest,0218,2x2,1138,1616,03/14/2024,False
375,The Villages of Briar Forest,0218,2x2,1138,1616,03/15/2024,False
376,The Villages of Briar Forest,0218,2x2,1138,1616,03/16/2024,False
377,The Villages of Briar Forest,0218,2x2,1138,1616,03/17/2024,False
378,The Villages of Briar Forest,0218,2x2,1138,1616,03/18/2024,False
379,The Villages of Briar Forest,0218,2x2,1138,1616,03/19/2024,False
380,The Villages of Briar Forest,0218,2x2,1138,1616,03/20/2024,False
381,The Villages of Briar Forest,0218,2x2,1138,1616,03/21/2024,False
382,The Villages of Briar Forest,0218,2x2,1138,1616,03/22/2024,False
383,The Villages of Briar Forest,0218,2x2,1138,1616,03/23/2024,False
384,The Villages of Briar Forest,0218,2x2,1138,1616,03/24/2024,False
385,The Villages of Briar Forest,0218,2x2,1138,1756,03/25/2024,False
386,The Villages of Briar Forest,0218,2x2,1138,1756,03/26/2024,False
387,The Villages of Briar Forest,0218,2x2,1138,1756,03/27/2024,False
388,The Villages of Briar Forest,0218,2x2,1138,1756,03/28/2024,False
389,The Villages of Briar Forest,0218,2x2,1138,1756,03/29/2024,False
390,The Villages of Briar Forest,0218,2x2,1138,1756,03/30/2024,False
391,The Villages of Briar Forest,0218,2x2,1138,1756,03/31/2024,False
392,The Villages of Briar Forest,0218,2x2,1138,1756,04/01/2024,False
393,The Villages of Briar Forest,0218,2x2,1138,1756,04/02/2024,False
394,The Villages of Briar Forest,0218,2x2,1138,1756,04/03/2024,False
395,The Villages of Briar Forest,0218,2x2,1138,1756,04/04/2024,False
396,The Villages of Briar Forest,0218,2x2,1138,1756,04/05/2024,False
397,The Villages of Briar Forest,0218,2x2,1138,1811,04/06/2024,False
398,The Villages of Briar Forest,0218,2x2,1138,1811,04/07/2024,False
399,The Villages of Briar Forest,0218,2x2,1138,1811,04/08/2024,False
400,The Villages of Briar Forest,0218,2x2,1138,1811,04/09/2024,False
401,The Villages of Briar Forest,0218,2x2,1138,1811,04/10/2024,False
402,The Villages of Briar Forest,0218,2x2,1138,1811,04/11/2024,False
403,The Villages of Briar Forest,0218,2x2,1138,1811,04/12/2024,False
404,The Villages of Briar Forest,0218,2x2,1138,1761,04/13/2024,False
405,The Villages of Briar Forest,0218,2x2,1138,1761,04/14/2024,False
406,The Villages of Briar Forest,0218,2x2,1138,1761,04/15/2024,False
407,The Villages of Briar Forest,0218,2x2,1138,1761,04/16/2024,False
408,The Villages of Briar Forest,0218,2x2,1138,1761,04/17/2024,False
409,The Villages of Briar Forest,0218,2x2,1138,1761,04/18/2024,False
410,The Villages of Briar Forest,0218,2x2,1138,1761,04/19/2024,False
411,The Villages of Briar Forest,0218,2x2,1138,1761,04/20/2024,False
412,The Villages of Briar Forest,0218,2x2,1138,1761,04/21/2024,True
413,The Villages of Briar Forest,0218,2x2,1138,1721,02/25/2025,False
414,The Villages of Briar Forest,0218,2x2,1138,1726,02/26/2025,False
415,The Villages of Briar Forest,0218,2x2,1138,1726,02/27/2025,False
416,The Villages of Briar Forest,0218,2x2,1138,1736,02/28/2025,False
417,The Villages of Briar Forest,0218,2x2,1138,1736,03/01/2025,False
418,The Villages of Briar Forest,0218,2x2,1138,1736,03/02/2025,False
419,The Villages of Briar Forest,0218,2x2,1138,1736,03/03/2025,False
420,The Villages of Briar Forest,0218,2x2,1138,1736,03/04/2025,False
421,The Villages of Briar Forest,0218,2x2,1138,1731,03/05/2025,False
422,The Villages of Briar Forest,0218,2x2,1138,1741,03/06/2025,False
423,The Villages of Briar Forest,0218,2x2,1138,1746,03/07/2025,False
424,The Villages of Briar Forest,0218,2x2,1138,1741,03/08/2025,False
425,The Villages of Briar Forest,0218,2x2,1138,1741,03/09/2025,False
426,The Villages of Briar Forest,0218,2x2,1138,1746,03/10/2025,False
427,The Villages of Briar Forest,0218,2x2,1138,1746,03/11/2025,False
428,The Villages of Briar Forest,0218,2x2,1138,1746,03/12/2025,False
429,The Villages of Briar Forest,0218,2x2,1138,1746,03/13/2025,False
430,The Villages of Briar Forest,0218,2x2,1138,1746,03/14/2025,False
431,The Villages of Briar Forest,0218,2x2,1138,1746,03/15/2025,False
432,The Villages of Briar Forest,0218,2x2,1138,1746,03/16/2025,False
433,The Villages of Briar Forest,0218,2x2,1138,1746,03/17/2025,False
434,The Villages of Briar Forest,0218,2x2,1138,1746,03/18/2025,False
435,The Villages of Briar Forest,0218,2x2,1138,1681,03/19/2025,False
436,The Villages of Briar Forest,0218,2x2,1138,1681,03/20/2025,False
437,The Villages of Briar Forest,0218,2x2,1138,1681,03/21/2025,False
438,The Villages of Briar Forest,0218,2x2,1138,1681,03/22/2025,False
439,The Villages of Briar Forest,0218,2x2,1138,1681,03/23/2025,False
440,The Villages of Briar Forest,0218,2x2,1138,1681,03/24/2025,False
441,The Villages of Briar Forest,0218,2x2,1138,1850,03/25/2025,False
442,The Villages of Briar Forest,0218,2x2,1138,1850,03/26/2025,False
443,The Villages of Briar Forest,0218,2x2,1138,1850,03/27/2025,False
444,The Villages of Briar Forest,0218,2x2,1138,1850,03/28/2025,False
445,The Villages of Briar Forest,0218,2x2,1138,1850,03/29/2025,False
446,The Villages of Briar Forest,0218,2x2,1138,1850,03/30/2025,False
447,The Villages of Briar Forest,0218,2x2,1138,1850,03/31/2025,False
448,The Villages of Briar Forest,0218,2x2,1138,1850,04/01/2025,True
449,The Villages of Briar Forest,0221,2x2,1138,1551,05/06/2024,False
450,The Villages of Briar Forest,0221,2x2,1138,1551,05/07/2024,False
451,The Villages of Briar Forest,0221,2x2,1138,1551,05/08/2024,False
452,The Villages of Briar Forest,0221,2x2,1138,1551,05/09/2024,False
453,The Villages of Briar Forest,0221,2x2,1138,1531,05/10/2024,False
454,The Villages of Briar Forest,0221,2x2,1138,1501,05/11/2024,False
455,The Villages of Briar Forest,0221,2x2,1138,1501,05/12/2024,False
456,The Villages of Briar Forest,0221,2x2,1138,1501,05/13/2024,False
457,The Villages of Briar Forest,0221,2x2,1138,1501,05/14/2024,False
458,The Villages of Briar Forest,0221,2x2,1138,1501,05/15/2024,False
459,The Villages of Briar Forest,0221,2x2,1138,1501,05/16/2024,False
460,The Villages of Briar Forest,0221,2x2,1138,1501,05/17/2024,False
461,The Villages of Briar Forest,0221,2x2,1138,1501,05/18/2024,False
462,The Villages of Briar Forest,0221,2x2,1138,1501,05/19/2024,False
463,The Villages of Briar Forest,0221,2x2,1138,1501,05/20/2024,False
464,The Villages of Briar Forest,0221,2x2,1138,1501,05/21/2024,False
465,The Villages of Briar Forest,0221,2x2,1138,1501,05/22/2024,False
466,The Villages of Briar Forest,0221,2x2,1138,1501,05/23/2024,False
467,The Villages of Briar Forest,0221,2x2,1138,1511,05/24/2024,False
468,The Villages of Briar Forest,0221,2x2,1138,1552,05/25/2024,False
469,The Villages of Briar Forest,0221,2x2,1138,1552,05/26/2024,False
470,The Villages of Briar Forest,0221,2x2,1138,1552,05/27/2024,False
471,The Villages of Briar Forest,0221,2x2,1138,1552,05/28/2024,False
472,The Villages of Briar Forest,0221,2x2,1138,1506,05/29/2024,False
473,The Villages of Briar Forest,0221,2x2,1138,1547,05/30/2024,False
474,The Villages of Briar Forest,0221,2x2,1138,1506,05/31/2024,False
475,The Villages of Briar Forest,0221,2x2,1138,1506,06/01/2024,False
476,The Villages of Briar Forest,0221,2x2,1138,1506,06/02/2024,False
477,The Villages of Briar Forest,0221,2x2,1138,1506,06/03/2024,False
478,The Villages of Briar Forest,0221,2x2,1138,1514,06/04/2024,False
479,The Villages of Briar Forest,0221,2x2,1138,1506,06/05/2024,False
480,The Villages of Briar Forest,0221,2x2,1138,1506,06/06/2024,False
481,The Villages of Briar Forest,0221,2x2,1138,1506,06/07/2024,False
482,The Villages of Briar Forest,0221,2x2,1138,1547,06/08/2024,False
483,The Villages of Briar Forest,0221,2x2,1138,1547,06/09/2024,False
484,The Villages of Briar Forest,0221,2x2,1138,1547,06/10/2024,False
485,The Villages of Briar Forest,0221,2x2,1138,1547,06/11/2024,False
486,The Villages of Briar Forest,0221,2x2,1138,1547,06/12/2024,False
487,The Villages of Briar Forest,0221,2x2,1138,1547,06/13/2024,False
488,The Villages of Briar Forest,0221,2x2,1138,1547,06/14/2024,False
489,The Villages of Briar Forest,0221,2x2,1138,1547,06/15/2024,False
490,The Villages of Briar Forest,0221,2x2,1138,1547,06/16/2024,False
491,The Villages of Briar Forest,0221,2x2,1138,1547,06/17/2024,False
492,The Villages of Briar Forest,0221,2x2,1138,1547,06/18/2024,False
493,The Villages of Briar Forest,0221,2x2,1138,1547,06/19/2024,False
494,The Villages of Briar Forest,0221,2x2,1138,1547,06/20/2024,False
495,The Villages of Briar Forest,0221,2x2,1138,1547,06/21/2024,False
496,The Villages of Briar Forest,0221,2x2,1138,1547,06/22/2024,False
497,The Villages of Briar Forest,0221,2x2,1138,1547,06/23/2024,False
498,The Villages of Briar Forest,0221,2x2,1138,1527,06/24/2024,False
499,The Villages of Briar Forest,0221,2x2,1138,1527,06/25/2024,False
500,The Villages of Briar Forest,0221,2x2,1138,1527,06/26/2024,False
501,The Villages of Briar Forest,0221,2x2,1138,1527,06/27/2024,False
502,The Villages of Briar Forest,0221,2x2,1138,1474,06/28/2024,False
503,The Villages of Briar Forest,0221,2x2,1138,1474,06/29/2024,False
504,The Villages of Briar Forest,0221,2x2,1138,1474,06/30/2024,False
505,The Villages of Briar Forest,0221,2x2,1138,1474,07/01/2024,False
506,The Villages of Briar Forest,0221,2x2,1138,1428,07/02/2024,False
507,The Villages of Briar Forest,0221,2x2,1138,1428,07/03/2024,False
508,The Villages of Briar Forest,0221,2x2,1138,1428,07/04/2024,False
509,The Villages of Briar Forest,0221,2x2,1138,1423,07/05/2024,False
510,The Villages of Briar Forest,0221,2x2,1138,1423,07/06/2024,False
511,The Villages of Briar Forest,0221,2x2,1138,1423,07/07/2024,False
512,The Villages of Briar Forest,0221,2x2,1138,1423,07/08/2024,False
513,The Villages of Briar Forest,0221,2x2,1138,1423,07/09/2024,False
514,The Villages of Briar Forest,0221,2x2,1138,1446,07/10/2024,False
515,The Villages of Briar Forest,0221,2x2,1138,1368,07/11/2024,False
516,The Villages of Briar Forest,0221,2x2,1138,1368,07/12/2024,False
517,The Villages of Briar Forest,0221,2x2,1138,1363,07/13/2024,False
518,The Villages of Briar Forest,0221,2x2,1138,1363,07/14/2024,True
519,The Villages of Briar Forest,0228,2x2,1138,1546,05/05/2024,False
520,The Villages of Briar Forest,0228,2x2,1138,1546,05/06/2024,False
521,The Villages of Briar Forest,0228,2x2,1138,1546,05/07/2024,False
522,The Villages of Briar Forest,0228,2x2,1138,1546,05/08/2024,False
523,The Villages of Briar Forest,0228,2x2,1138,1546,05/09/2024,False
524,The Villages of Briar Forest,0228,2x2,1138,1529,05/10/2024,False
525,The Villages of Briar Forest,0228,2x2,1138,1496,05/11/2024,False
526,The Villages of Briar Forest,0228,2x2,1138,1496,05/12/2024,False
527,The Villages of Briar Forest,0228,2x2,1138,1496,05/13/2024,False
528,The Villages of Briar Forest,0228,2x2,1138,1496,05/14/2024,False
529,The Villages of Briar Forest,0228,2x2,1138,1496,05/15/2024,False
530,The Villages of Briar Forest,0228,2x2,1138,1496,05/16/2024,False
531,The Villages of Briar Forest,0228,2x2,1138,1491,05/17/2024,False
532,The Villages of Briar Forest,0228,2x2,1138,1491,05/18/2024,False
533,The Villages of Briar Forest,0228,2x2,1138,1491,05/19/2024,False
534,The Villages of Briar Forest,0228,2x2,1138,1491,05/20/2024,False
535,The Villages of Briar Forest,0228,2x2,1138,1491,05/21/2024,False
536,The Villages of Briar Forest,0228,2x2,1138,1491,05/22/2024,False
537,The Villages of Briar Forest,0228,2x2,1138,1491,05/23/2024,False
538,The Villages of Briar Forest,0228,2x2,1138,1506,05/24/2024,False
539,The Villages of Briar Forest,0228,2x2,1138,1506,05/25/2024,False
540,The Villages of Briar Forest,0228,2x2,1138,1506,05/26/2024,False
541,The Villages of Briar Forest,0228,2x2,1138,1506,05/27/2024,False
542,The Villages of Briar Forest,0228,2x2,1138,1506,05/28/2024,False
543,The Villages of Briar Forest,0228,2x2,1138,1506,05/29/2024,False
544,The Villages of Briar Forest,0228,2x2,1138,1521,05/30/2024,False
545,The Villages of Briar Forest,0228,2x2,1138,1521,05/31/2024,False
546,The Villages of Briar Forest,0228,2x2,1138,1517,06/01/2024,False
547,The Villages of Briar Forest,0228,2x2,1138,1517,06/02/2024,True
548,The Villages of Briar Forest,0228,2x2,1138,1481,11/07/2024,False
549,The Villages of Briar Forest,0228,2x2,1138,1496,11/08/2024,False
550,The Villages of Briar Forest,0228,2x2,1138,1496,11/09/2024,False
551,The Villages of Briar Forest,0228,2x2,1138,1481,11/10/2024,False
552,The Villages of Briar Forest,0228,2x2,1138,1481,11/11/2024,False
553,The Villages of Briar Forest,0228,2x2,1138,1441,11/12/2024,False
554,The Villages of Briar Forest,0228,2x2,1138,1446,11/13/2024,False
555,The Villages of Briar Forest,0228,2x2,1138,1446,11/14/2024,False
556,The Villages of Briar Forest,0228,2x2,1138,1416,11/15/2024,False
557,The Villages of Briar Forest,0228,2x2,1138,1416,11/16/2024,False
558,The Villages of Briar Forest,0228,2x2,1138,1416,11/17/2024,False
559,The Villages of Briar Forest,0228,2x2,1138,1416,11/18/2024,False
560,The Villages of Briar Forest,0228,2x2,1138,1416,11/19/2024,False
561,The Villages of Briar Forest,0228,2x2,1138,1416,11/20/2024,False
562,The Villages of Briar Forest,0228,2x2,1138,1416,11/21/2024,False
563,The Villages of Briar Forest,0228,2x2,1138,1461,11/22/2024,False
564,The Villages of Briar Forest,0228,2x2,1138,1353,11/23/2024,False
565,The Villages of Briar Forest,0228,2x2,1138,1353,11/24/2024,False
566,The Villages of Briar Forest,0228,2x2,1138,1353,11/25/2024,False
567,The Villages of Briar Forest,0228,2x2,1138,1421,11/26/2024,False
568,The Villages of Briar Forest,0228,2x2,1138,1353,11/27/2024,False
569,The Villages of Briar Forest,0228,2x2,1138,1353,11/28/2024,False
570,The Villages of Briar Forest,0228,2x2,1138,1353,11/29/2024,False
571,The Villages of Briar Forest,0228,2x2,1138,1353,11/30/2024,False
572,The Villages of Briar Forest,0228,2x2,1138,1346,12/01/2024,False
573,The Villages of Briar Forest,0228,2x2,1138,1346,12/02/2024,False
574,The Villages of Briar Forest,0228,2x2,1138,1366,12/03/2024,False
575,The Villages of Briar Forest,0228,2x2,1138,1366,12/04/2024,False
576,The Villages of Briar Forest,0228,2x2,1138,1366,12/05/2024,False
577,The Villages of Briar Forest,0228,2x2,1138,1356,12/06/2024,False
578,The Villages of Briar Forest,0228,2x2,1138,1356,12/07/2024,False
579,The Villages of Briar Forest,0228,2x2,1138,1356,12/08/2024,False
580,The Villages of Briar Forest,0228,2x2,1138,1356,12/09/2024,False
581,The Villages of Briar Forest,0228,2x2,1138,1356,12/10/2024,False
582,The Villages of Briar Forest,0228,2x2,1138,1356,12/11/2024,False
583,The Villages of Briar Forest,0228,2x2,1138,1363,12/12/2024,False
584,The Villages of Briar Forest,0228,2x2,1138,1398,12/13/2024,False
585,The Villages of Briar Forest,0228,2x2,1138,1398,12/14/2024,True
586,The Villages of Briar Forest,0311,3x2,1256,1842,08/15/2023,False
587,The Villages of Briar Forest,0311,3x2,1256,1891,08/16/2023,False
588,The Villages of Briar Forest,0311,3x2,1256,1891,08/17/2023,False
589,The Villages of Briar Forest,0311,3x2,1256,1890,08/18/2023,False
590,The Villages of Briar Forest,0311,3x2,1256,1890,08/19/2023,False
591,The Villages of Briar Forest,0311,3x2,1256,1890,08/20/2023,False
592,The Villages of Briar Forest,0311,3x2,1256,1890,08/21/2023,False
593,The Villages of Briar Forest,0311,3x2,1256,1890,08/22/2023,False
594,The Villages of Briar Forest,0311,3x2,1256,1890,08/23/2023,False
595,The Villages of Briar Forest,0311,3x2,1256,1890,08/24/2023,False
596,The Villages of Briar Forest,0311,3x2,1256,1890,08/25/2023,False
597,The Villages of Briar Forest,0311,3x2,1256,1900,08/26/2023,False
598,The Villages of Briar Forest,0311,3x2,1256,1900,08/27/2023,False
599,The Villages of Briar Forest,0311,3x2,1256,1900,08/28/2023,False
600,The Villages of Briar Forest,0311,3x2,1256,1900,08/29/2023,False
601,The Villages of Briar Forest,0311,3x2,1256,1900,08/30/2023,False
602,The Villages of Briar Forest,0311,3x2,1256,1900,08/31/2023,False
603,The Villages of Briar Forest,0311,3x2,1256,1875,09/01/2023,False
604,The Villages of Briar Forest,0311,3x2,1256,1875,09/02/2023,False
605,The Villages of Briar Forest,0311,3x2,1256,1875,09/03/2023,False
606,The Villages of Briar Forest,0311,3x2,1256,1875,09/04/2023,False
607,The Villages of Briar Forest,0311,3x2,1256,1875,09/05/2023,False
608,The Villages of Briar Forest,0311,3x2,1256,1875,09/06/2023,False
609,The Villages of Briar Forest,0311,3x2,1256,1875,09/07/2023,False
610,The Villages of Briar Forest,0311,3x2,1256,1875,09/08/2023,False
611,The Villages of Briar Forest,0311,3x2,1256,1885,09/09/2023,False
612,The Villages of Briar Forest,0311,3x2,1256,1860,09/10/2023,False
613,The Villages of Briar Forest,0311,3x2,1256,1860,09/11/2023,False
614,The Villages of Briar Forest,0311,3x2,1256,1860,09/12/2023,False
615,The Villages of Briar Forest,0311,3x2,1256,1860,09/13/2023,False
616,The Villages of Briar Forest,0311,3x2,1256,1860,09/14/2023,False
617,The Villages of Briar Forest,0311,3x2,1256,1860,09/15/2023,False
618,The Villages of Briar Forest,0311,3x2,1256,1872,09/16/2023,False
619,The Villages of Briar Forest,0311,3x2,1256,1872,09/17/2023,False
620,The Villages of Briar Forest,0311,3x2,1256,1872,09/18/2023,False
621,The Villages of Briar Forest,0311,3x2,1256,1872,09/19/2023,False
622,The Villages of Briar Forest,0311,3x2,1256,1861,09/20/2023,False
623,The Villages of Briar Forest,0311,3x2,1256,1872,09/21/2023,False
624,The Villages of Briar Forest,0311,3x2,1256,1872,09/22/2023,False
625,The Villages of Briar Forest,0311,3x2,1256,1856,09/23/2023,False
626,The Villages of Briar Forest,0311,3x2,1256,1856,09/24/2023,False
627,The Villages of Briar Forest,0311,3x2,1256,1856,09/25/2023,False
628,The Villages of Briar Forest,0311,3x2,1256,1872,09/26/2023,False
629,The Villages of Briar Forest,0311,3x2,1256,1872,09/27/2023,False
630,The Villages of Briar Forest,0311,3x2,1256,1872,09/28/2023,False
631,The Villages of Briar Forest,0311,3x2,1256,1856,09/29/2023,False
632,The Villages of Briar Forest,0311,3x2,1256,1856,09/30/2023,False
633,The Villages of Briar Forest,0311,3x2,1256,1856,10/01/2023,False
634,The Villages of Briar Forest,0311,3x2,1256,1856,10/02/2023,False
635,The Villages of Briar Forest,0311,3x2,1256,1856,10/03/2023,False
636,The Villages of Briar Forest,0311,3x2,1256,1856,10/04/2023,True
637,The Villages of Briar Forest,0312,2x2,972,1484,07/26/2023,False
638,The Villages of Briar Forest,0312,2x2,972,1484,07/27/2023,False
639,The Villages of Briar Forest,0312,2x2,972,1484,07/28/2023,False
640,The Villages of Briar Forest,0312,2x2,972,1484,07/29/2023,False
641,The Villages of Briar Forest,0312,2x2,972,1484,07/30/2023,False
642,The Villages of Briar Forest,0312,2x2,972,1494,07/31/2023,False
643,The Villages of Briar Forest,0312,2x2,972,1494,08/01/2023,False
644,The Villages of Briar Forest,0312,2x2,972,1494,08/02/2023,False
645,The Villages of Briar Forest,0312,2x2,972,1564,08/03/2023,False
646,The Villages of Briar Forest,0312,2x2,972,1570,08/04/2023,False
647,The Villages of Briar Forest,0312,2x2,972,1644,08/05/2023,False
648,The Villages of Briar Forest,0312,2x2,972,1644,08/06/2023,False
649,The Villages of Briar Forest,0312,2x2,972,1644,08/07/2023,False
650,The Villages of Briar Forest,0312,2x2,972,1644,08/08/2023,False
651,The Villages of Briar Forest,0312,2x2,972,1530,08/09/2023,False
652,The Villages of Briar Forest,0312,2x2,972,1530,08/10/2023,False
653,The Villages of Briar Forest,0312,2x2,972,1470,08/11/2023,False
654,The Villages of Briar Forest,0312,2x2,972,1484,08/12/2023,False
655,The Villages of Briar Forest,0312,2x2,972,1490,08/13/2023,False
656,The Villages of Briar Forest,0312,2x2,972,1490,08/14/2023,False
657,The Villages of Briar Forest,0312,2x2,972,1490,08/15/2023,False
658,The Villages of Briar Forest,0312,2x2,972,1537,08/16/2023,False
659,The Villages of Briar Forest,0312,2x2,972,1537,08/17/2023,False
660,The Villages of Briar Forest,0312,2x2,972,1592,08/18/2023,False
661,The Villages of Briar Forest,0312,2x2,972,1592,08/19/2023,True
662,The Villages of Briar Forest,0312,2x2,972,1435,08/02/2024,False
663,The Villages of Briar Forest,0312,2x2,972,1435,08/03/2024,False
664,The Villages of Briar Forest,0312,2x2,972,1435,08/04/2024,False
665,The Villages of Briar Forest,0312,2x2,972,1435,08/05/2024,False
666,The Villages of Briar Forest,0312,2x2,972,1435,08/06/2024,False
667,The Villages of Briar Forest,0312,2x2,972,1435,08/07/2024,False
668,The Villages of Briar Forest,0312,2x2,972,1435,08/08/2024,False
669,The Villages of Briar Forest,0312,2x2,972,1435,08/09/2024,False
670,The Villages of Briar Forest,0312,2x2,972,1435,08/10/2024,False
671,The Villages of Briar Forest,0312,2x2,972,1435,08/11/2024,False
672,The Villages of Briar Forest,0312,2x2,972,1435,08/12/2024,False
673,The Villages of Briar Forest,0312,2x2,972,1435,08/13/2024,False
674,The Villages of Briar Forest,0312,2x2,972,1435,08/14/2024,False
675,The Villages of Briar Forest,0312,2x2,972,1435,08/15/2024,False
676,The Villages of Briar Forest,0312,2x2,972,1435,08/16/2024,True
677,The Villages of Briar Forest,0313,2x2,972,1335,01/05/2024,False
678,The Villages of Briar Forest,0313,2x2,972,1290,01/06/2024,False
679,The Villages of Briar Forest,0313,2x2,972,1290,01/07/2024,False
680,The Villages of Briar Forest,0313,2x2,972,1290,01/08/2024,False
681,The Villages of Briar Forest,0313,2x2,972,1290,01/09/2024,False
682,The Villages of Briar Forest,0313,2x2,972,1290,01/10/2024,False
683,The Villages of Briar Forest,0313,2x2,972,1290,01/11/2024,False
684,The Villages of Briar Forest,0313,2x2,972,1290,01/12/2024,False
685,The Villages of Briar Forest,0313,2x2,972,1290,01/13/2024,False
686,The Villages of Briar Forest,0313,2x2,972,1290,01/14/2024,False
687,The Villages of Briar Forest,0313,2x2,972,1290,01/15/2024,False
688,The Villages of Briar Forest,0313,2x2,972,1290,01/16/2024,False
689,The Villages of Briar Forest,0313,2x2,972,1290,01/17/2024,False
690,The Villages of Briar Forest,0313,2x2,972,1290,01/18/2024,False
691,The Villages of Briar Forest,0313,2x2,972,1290,01/19/2024,False
692,The Villages of Briar Forest,0313,2x2,972,1290,01/20/2024,False
693,The Villages of Briar Forest,0313,2x2,972,1290,01/21/2024,False
694,The Villages of Briar Forest,0313,2x2,972,1290,01/22/2024,False
695,The Villages of Briar Forest,0313,2x2,972,1290,01/23/2024,False
696,The Villages of Briar Forest,0313,2x2,972,1290,01/24/2024,False
697,The Villages of Briar Forest,0313,2x2,972,1290,01/25/2024,False
698,The Villages of Briar Forest,0313,2x2,972,1290,01/26/2024,False
699,The Villages of Briar Forest,0313,2x2,972,1290,01/27/2024,False
700,The Villages of Briar Forest,0313,2x2,972,1290,01/28/2024,False
701,The Villages of Briar Forest,0313,2x2,972,1290,01/29/2024,False
702,The Villages of Briar Forest,0313,2x2,972,1290,01/30/2024,False
703,The Villages of Briar Forest,0313,2x2,972,1290,01/31/2024,False
704,The Villages of Briar Forest,0313,2x2,972,1290,02/01/2024,False
705,The Villages of Briar Forest,0313,2x2,972,1290,02/02/2024,False
706,The Villages of Briar Forest,0313,2x2,972,1290,02/03/2024,False
707,The Villages of Briar Forest,0313,2x2,972,1290,02/04/2024,False
708,The Villages of Briar Forest,0313,2x2,972,1290,02/05/2024,False
709,The Villages of Briar Forest,0313,2x2,972,1290,02/06/2024,False
710,The Villages of Briar Forest,0313,2x2,972,1385,02/07/2024,False
711,The Villages of Briar Forest,0313,2x2,972,1385,02/08/2024,False
712,The Villages of Briar Forest,0313,2x2,972,1385,02/09/2024,True
713,The Villages of Briar Forest,0313,2x2,972,1325,08/23/2024,False
714,The Villages of Briar Forest,0313,2x2,972,1325,08/24/2024,False
715,The Villages of Briar Forest,0313,2x2,972,1325,08/25/2024,False
716,The Villages of Briar Forest,0313,2x2,972,1325,08/26/2024,False
717,The Villages of Briar Forest,0313,2x2,972,1325,08/27/2024,False
718,The Villages of Briar Forest,0313,2x2,972,1325,08/28/2024,False
719,The Villages of Briar Forest,0313,2x2,972,1325,08/29/2024,False
720,The Villages of Briar Forest,0313,2x2,972,1325,08/30/2024,False
721,The Villages of Briar Forest,0313,2x2,972,1325,08/31/2024,False
722,The Villages of Briar Forest,0313,2x2,972,1335,09/01/2024,False
723,The Villages of Briar Forest,0313,2x2,972,1335,09/02/2024,False
724,The Villages of Briar Forest,0313,2x2,972,1335,09/03/2024,False
725,The Villages of Briar Forest,0313,2x2,972,1335,09/04/2024,False
726,The Villages of Briar Forest,0313,2x2,972,1335,09/05/2024,False
727,The Villages of Briar Forest,0313,2x2,972,1335,09/06/2024,False
728,The Villages of Briar Forest,0313,2x2,972,1335,09/07/2024,False
729,The Villages of Briar Forest,0313,2x2,972,1335,09/08/2024,False
730,The Villages of Briar Forest,0313,2x2,972,1335,09/09/2024,False
731,The Villages of Briar Forest,0313,2x2,972,1335,09/10/2024,False
732,The Villages of Briar Forest,0313,2x2,972,1335,09/11/2024,False
733,The Villages of Briar Forest,0313,2x2,972,1335,09/12/2024,False
734,The Villages of Briar Forest,0313,2x2,972,1370,09/13/2024,False
735,The Villages of Briar Forest,0313,2x2,972,1375,09/14/2024,False
736,The Villages of Briar Forest,0313,2x2,972,1375,09/15/2024,False
737,The Villages of Briar Forest,0313,2x2,972,1370,09/16/2024,False
738,The Villages of Briar Forest,0313,2x2,972,1370,09/17/2024,False
739,The Villages of Briar Forest,0313,2x2,972,1365,09/18/2024,False
740,The Villages of Briar Forest,0313,2x2,972,1365,09/19/2024,True
741,The Villages of Briar Forest,0314,3x2,1256,1895,09/07/2023,False
742,The Villages of Briar Forest,0314,3x2,1256,1895,09/08/2023,False
743,The Villages of Briar Forest,0314,3x2,1256,1905,09/09/2023,False
744,The Villages of Briar Forest,0314,3x2,1256,1880,09/10/2023,False
745,The Villages of Briar Forest,0314,3x2,1256,1880,09/11/2023,False
746,The Villages of Briar Forest,0314,3x2,1256,1880,09/12/2023,False
747,The Villages of Briar Forest,0314,3x2,1256,1880,09/13/2023,False
748,The Villages of Briar Forest,0314,3x2,1256,1880,09/14/2023,False
749,The Villages of Briar Forest,0314,3x2,1256,1880,09/15/2023,False
750,The Villages of Briar Forest,0314,3x2,1256,1880,09/16/2023,False
751,The Villages of Briar Forest,0314,3x2,1256,1880,09/17/2023,False
752,The Villages of Briar Forest,0314,3x2,1256,1880,09/18/2023,False
753,The Villages of Briar Forest,0314,3x2,1256,1880,09/19/2023,False
754,The Villages of Briar Forest,0314,3x2,1256,1880,09/20/2023,False
755,The Villages of Briar Forest,0314,3x2,1256,1880,09/21/2023,False
756,The Villages of Briar Forest,0314,3x2,1256,1880,09/22/2023,False
757,The Villages of Briar Forest,0314,3x2,1256,1880,09/23/2023,False
758,The Villages of Briar Forest,0314,3x2,1256,1880,09/24/2023,False
759,The Villages of Briar Forest,0314,3x2,1256,1880,09/25/2023,False
760,The Villages of Briar Forest,0314,3x2,1256,1880,09/26/2023,False
761,The Villages of Briar Forest,0314,3x2,1256,1880,09/27/2023,False
762,The Villages of Briar Forest,0314,3x2,1256,1880,09/28/2023,False
763,The Villages of Briar Forest,0314,3x2,1256,1880,09/29/2023,False
764,The Villages of Briar Forest,0314,3x2,1256,1880,09/30/2023,False
765,The Villages of Briar Forest,0314,3x2,1256,1880,10/01/2023,False
766,The Villages of Briar Forest,0314,3x2,1256,1880,10/02/2023,False
767,The Villages of Briar Forest,0314,3x2,1256,1880,10/03/2023,False
768,The Villages of Briar Forest,0314,3x2,1256,1880,10/04/2023,False
769,The Villages of Briar Forest,0314,3x2,1256,1880,10/05/2023,False
770,The Villages of Briar Forest,0314,3x2,1256,1910,10/06/2023,False
771,The Villages of Briar Forest,0314,3x2,1256,1885,10/07/2023,False
772,The Villages of Briar Forest,0314,3x2,1256,1885,10/08/2023,False
773,The Villages of Briar Forest,0314,3x2,1256,1885,10/09/2023,False
774,The Villages of Briar Forest,0314,3x2,1256,1885,10/10/2023,False
775,The Villages of Briar Forest,0314,3x2,1256,1885,10/11/2023,False
776,The Villages of Briar Forest,0314,3x2,1256,1885,10/12/2023,False
777,The Villages of Briar Forest,0314,3x2,1256,1885,10/13/2023,False
778,The Villages of Briar Forest,0314,3x2,1256,1885,10/14/2023,True
779,The Villages of Briar Forest,0314,3x2,1256,1785,02/18/2024,False
780,The Villages of Briar Forest,0314,3x2,1256,1785,02/19/2024,False
781,The Villages of Briar Forest,0314,3x2,1256,1785,02/20/2024,False
782,The Villages of Briar Forest,0314,3x2,1256,1785,02/21/2024,False
783,The Villages of Briar Forest,0314,3x2,1256,1785,02/22/2024,False
784,The Villages of Briar Forest,0314,3x2,1256,1785,02/23/2024,False
785,The Villages of Briar Forest,0314,3x2,1256,1785,02/24/2024,False
786,The Villages of Briar Forest,0314,3x2,1256,1785,02/25/2024,False
787,The Villages of Briar Forest,0314,3x2,1256,1755,02/26/2024,False
788,The Villages of Briar Forest,0314,3x2,1256,1785,02/27/2024,False
789,The Villages of Briar Forest,0314,3x2,1256,1785,02/28/2024,False
790,The Villages of Briar Forest,0314,3x2,1256,1755,02/29/2024,False
791,The Villages of Briar Forest,0314,3x2,1256,1755,03/01/2024,False
792,The Villages of Briar Forest,0314,3x2,1256,1755,03/02/2024,False
793,The Villages of Briar Forest,0314,3x2,1256,1755,03/03/2024,False
794,The Villages of Briar Forest,0314,3x2,1256,1755,03/04/2024,False
795,The Villages of Briar Forest,0314,3x2,1256,1755,03/05/2024,False
796,The Villages of Briar Forest,0314,3x2,1256,1755,03/06/2024,False
797,The Villages of Briar Forest,0314,3x2,1256,1755,03/07/2024,False
798,The Villages of Briar Forest,0314,3x2,1256,1755,03/08/2024,False
799,The Villages of Briar Forest,0314,3x2,1256,1755,03/09/2024,False
800,The Villages of Briar Forest,0314,3x2,1256,1755,03/10/2024,False
801,The Villages of Briar Forest,0314,3x2,1256,1755,03/11/2024,False
802,The Villages of Briar Forest,0314,3x2,1256,1755,03/12/2024,False
803,The Villages of Briar Forest,0314,3x2,1256,1755,03/13/2024,False
804,The Villages of Briar Forest,0314,3x2,1256,1755,03/14/2024,False
805,The Villages of Briar Forest,0314,3x2,1256,1755,03/15/2024,False
806,The Villages of Briar Forest,0314,3x2,1256,1750,03/16/2024,False
807,The Villages of Briar Forest,0314,3x2,1256,1780,03/17/2024,False
808,The Villages of Briar Forest,0314,3x2,1256,1780,03/18/2024,False
809,The Villages of Briar Forest,0314,3x2,1256,1780,03/19/2024,False
810,The Villages of Briar Forest,0314,3x2,1256,1780,03/20/2024,False
811,The Villages of Briar Forest,0314,3x2,1256,1780,03/21/2024,False
812,The Villages of Briar Forest,0314,3x2,1256,1925,03/22/2024,False
813,The Villages of Briar Forest,0314,3x2,1256,1925,03/23/2024,False
814,The Villages of Briar Forest,0314,3x2,1256,1925,03/24/2024,False
815,The Villages of Briar Forest,0314,3x2,1256,1925,03/25/2024,False
816,The Villages of Briar Forest,0314,3x2,1256,1925,03/26/2024,False
817,The Villages of Briar Forest,0314,3x2,1256,1925,03/27/2024,False
818,The Villages of Briar Forest,0314,3x2,1256,1925,03/28/2024,False
819,The Villages of Briar Forest,0314,3x2,1256,1925,03/29/2024,False
820,The Villages of Briar Forest,0314,3x2,1256,1925,03/30/2024,False
821,The Villages of Briar Forest,0314,3x2,1256,1925,03/31/2024,False
822,The Villages of Briar Forest,0314,3x2,1256,1925,04/01/2024,False
823,The Villages of Briar Forest,0314,3x2,1256,1925,04/02/2024,False
824,The Villages of Briar Forest,0314,3x2,1256,1925,04/03/2024,False
825,The Villages of Briar Forest,0314,3x2,1256,1925,04/04/2024,False
826,The Villages of Briar Forest,0314,3x2,1256,1925,04/05/2024,False
827,The Villages of Briar Forest,0314,3x2,1256,1980,04/06/2024,False
828,The Villages of Briar Forest,0314,3x2,1256,1980,04/07/2024,False
829,The Villages of Briar Forest,0314,3x2,1256,1980,04/08/2024,False
830,The Villages of Briar Forest,0314,3x2,1256,1980,04/09/2024,False
831,The Villages of Briar Forest,0314,3x2,1256,1980,04/10/2024,False
832,The Villages of Briar Forest,0314,3x2,1256,1980,04/11/2024,False
833,The Villages of Briar Forest,0314,3x2,1256,1980,04/12/2024,False
834,The Villages of Briar Forest,0314,3x2,1256,1930,04/13/2024,False
835,The Villages of Briar Forest,0314,3x2,1256,1930,04/14/2024,False
836,The Villages of Briar Forest,0314,3x2,1256,1930,04/15/2024,False
837,The Villages of Briar Forest,0314,3x2,1256,1930,04/16/2024,False
838,The Villages of Briar Forest,0314,3x2,1256,1930,04/17/2024,False
839,The Villages of Briar Forest,0314,3x2,1256,1930,04/18/2024,False
840,The Villages of Briar Forest,0314,3x2,1256,1930,04/19/2024,False
841,The Villages of Briar Forest,0314,3x2,1256,1930,04/20/2024,False
842,The Villages of Briar Forest,0314,3x2,1256,1930,04/21/2024,False
843,The Villages of Briar Forest,0314,3x2,1256,1930,04/22/2024,False
844,The Villages of Briar Forest,0314,3x2,1256,1930,04/23/2024,False
845,The Villages of Briar Forest,0314,3x2,1256,1930,04/24/2024,False
846,The Villages of Briar Forest,0314,3x2,1256,1930,04/25/2024,False
847,The Villages of Briar Forest,0314,3x2,1256,1900,04/26/2024,False
848,The Villages of Briar Forest,0314,3x2,1256,1900,04/27/2024,False
849,The Villages of Briar Forest,0314,3x2,1256,1900,04/28/2024,False
850,The Villages of Briar Forest,0314,3x2,1256,1900,04/29/2024,False
851,The Villages of Briar Forest,0314,3x2,1256,1900,04/30/2024,False
852,The Villages of Briar Forest,0314,3x2,1256,1900,05/01/2024,False
853,The Villages of Briar Forest,0314,3x2,1256,1900,05/02/2024,False
854,The Villages of Briar Forest,0314,3x2,1256,1900,05/03/2024,False
855,The Villages of Briar Forest,0314,3x2,1256,1865,05/04/2024,False
856,The Villages of Briar Forest,0314,3x2,1256,1865,05/05/2024,False
857,The Villages of Briar Forest,0314,3x2,1256,1865,05/06/2024,True
858,The Villages of Briar Forest,0315,3x2,1256,1881,06/17/2023,False
859,The Villages of Briar Forest,0315,3x2,1256,1881,06/18/2023,False
860,The Villages of Briar Forest,0315,3x2,1256,1881,06/19/2023,False
861,The Villages of Briar Forest,0315,3x2,1256,1881,06/20/2023,False
862,The Villages of Briar Forest,0315,3x2,1256,1900,06/21/2023,False
863,The Villages of Briar Forest,0315,3x2,1256,1900,06/22/2023,False
864,The Villages of Briar Forest,0315,3x2,1256,1900,06/23/2023,False
865,The Villages of Briar Forest,0315,3x2,1256,1900,06/24/2023,False
866,The Villages of Briar Forest,0315,3x2,1256,1900,06/25/2023,False
867,The Villages of Briar Forest,0315,3x2,1256,1900,06/26/2023,False
868,The Villages of Briar Forest,0315,3x2,1256,2075,06/27/2023,False
869,The Villages of Briar Forest,0315,3x2,1256,2075,06/28/2023,False
870,The Villages of Briar Forest,0315,3x2,1256,2075,06/29/2023,False
871,The Villages of Briar Forest,0315,3x2,1256,2075,06/30/2023,False
872,The Villages of Briar Forest,0315,3x2,1256,2126,07/01/2023,False
873,The Villages of Briar Forest,0315,3x2,1256,2126,07/02/2023,False
874,The Villages of Briar Forest,0315,3x2,1256,2126,07/03/2023,False
875,The Villages of Briar Forest,0315,3x2,1256,2126,07/04/2023,False
876,The Villages of Briar Forest,0315,3x2,1256,2130,07/05/2023,False
877,The Villages of Briar Forest,0315,3x2,1256,2130,07/06/2023,False
878,The Villages of Briar Forest,0315,3x2,1256,2126,07/07/2023,False
879,The Villages of Briar Forest,0315,3x2,1256,2055,07/08/2023,False
880,The Villages of Briar Forest,0315,3x2,1256,2055,07/09/2023,False
881,The Villages of Briar Forest,0315,3x2,1256,2055,07/10/2023,False
882,The Villages of Briar Forest,0315,3x2,1256,1965,07/11/2023,False
883,The Villages of Briar Forest,0315,3x2,1256,2011,07/12/2023,False
884,The Villages of Briar Forest,0315,3x2,1256,2011,07/13/2023,False
885,The Villages of Briar Forest,0315,3x2,1256,1965,07/14/2023,False
886,The Villages of Briar Forest,0315,3x2,1256,1975,07/15/2023,False
887,The Villages of Briar Forest,0315,3x2,1256,1975,07/16/2023,False
888,The Villages of Briar Forest,0315,3x2,1256,1975,07/17/2023,False
889,The Villages of Briar Forest,0315,3x2,1256,1950,07/18/2023,False
890,The Villages of Briar Forest,0315,3x2,1256,1950,07/19/2023,False
891,The Villages of Briar Forest,0315,3x2,1256,1888,07/20/2023,False
892,The Villages of Briar Forest,0315,3x2,1256,1888,07/21/2023,False
893,The Villages of Briar Forest,0315,3x2,1256,1974,07/22/2023,False
894,The Villages of Briar Forest,0315,3x2,1256,1974,07/23/2023,False
895,The Villages of Briar Forest,0315,3x2,1256,1974,07/24/2023,False
896,The Villages of Briar Forest,0315,3x2,1256,1974,07/25/2023,False
897,The Villages of Briar Forest,0315,3x2,1256,1958,07/26/2023,False
898,The Villages of Briar Forest,0315,3x2,1256,1958,07/27/2023,False
899,The Villages of Briar Forest,0315,3x2,1256,1958,07/28/2023,False
900,The Villages of Briar Forest,0315,3x2,1256,1958,07/29/2023,False
901,The Villages of Briar Forest,0315,3x2,1256,1958,07/30/2023,False
902,The Villages of Briar Forest,0315,3x2,1256,1958,07/31/2023,False
903,The Villages of Briar Forest,0315,3x2,1256,1958,08/01/2023,False
904,The Villages of Briar Forest,0315,3x2,1256,2038,08/02/2023,False
905,The Villages of Briar Forest,0315,3x2,1256,2112,08/03/2023,False
906,The Villages of Briar Forest,0315,3x2,1256,2148,08/04/2023,False
907,The Villages of Briar Forest,0315,3x2,1256,2162,08/05/2023,False
908,The Villages of Briar Forest,0315,3x2,1256,2162,08/06/2023,False
909,The Villages of Briar Forest,0315,3x2,1256,2162,08/07/2023,False
910,The Villages of Briar Forest,0315,3x2,1256,2162,08/08/2023,False
911,The Villages of Briar Forest,0315,3x2,1256,2038,08/09/2023,False
912,The Villages of Briar Forest,0315,3x2,1256,2038,08/10/2023,False
913,The Villages of Briar Forest,0315,3x2,1256,1972,08/11/2023,False
914,The Villages of Briar Forest,0315,3x2,1256,2038,08/12/2023,False
915,The Villages of Briar Forest,0315,3x2,1256,2038,08/13/2023,False
916,The Villages of Briar Forest,0315,3x2,1256,2038,08/14/2023,False
917,The Villages of Briar Forest,0315,3x2,1256,2038,08/15/2023,False
918,The Villages of Briar Forest,0315,3x2,1256,2015,08/16/2023,False
919,The Villages of Briar Forest,0315,3x2,1256,2020,08/17/2023,False
920,The Villages of Briar Forest,0315,3x2,1256,2035,08/18/2023,False
921,The Villages of Briar Forest,0315,3x2,1256,2045,08/19/2023,False
922,The Villages of Briar Forest,0315,3x2,1256,2051,08/20/2023,False
923,The Villages of Briar Forest,0315,3x2,1256,2057,08/21/2023,False
924,The Villages of Briar Forest,0315,3x2,1256,2063,08/22/2023,False
925,The Villages of Briar Forest,0315,3x2,1256,2069,08/23/2023,False
926,The Villages of Briar Forest,0315,3x2,1256,2074,08/24/2023,False
927,The Villages of Briar Forest,0315,3x2,1256,2115,08/25/2023,False
928,The Villages of Briar Forest,0315,3x2,1256,2120,08/26/2023,False
929,The Villages of Briar Forest,0315,3x2,1256,2120,08/27/2023,False
930,The Villages of Briar Forest,0315,3x2,1256,2176,08/28/2023,False
931,The Villages of Briar Forest,0315,3x2,1256,2176,08/29/2023,False
932,The Villages of Briar Forest,0315,3x2,1256,2176,08/30/2023,False
933,The Villages of Briar Forest,0315,3x2,1256,2112,08/31/2023,False
934,The Villages of Briar Forest,0315,3x2,1256,2095,09/01/2023,False
935,The Villages of Briar Forest,0315,3x2,1256,2032,09/02/2023,False
936,The Villages of Briar Forest,0315,3x2,1256,2032,09/03/2023,False
937,The Villages of Briar Forest,0315,3x2,1256,2032,09/04/2023,False
938,The Villages of Briar Forest,0315,3x2,1256,2032,09/05/2023,False
939,The Villages of Briar Forest,0315,3x2,1256,2032,09/06/2023,False
940,The Villages of Briar Forest,0315,3x2,1256,2032,09/07/2023,False
941,The Villages of Briar Forest,0315,3x2,1256,2026,09/08/2023,False
942,The Villages of Briar Forest,0315,3x2,1256,2042,09/09/2023,False
943,The Villages of Briar Forest,0315,3x2,1256,2017,09/10/2023,False
944,The Villages of Briar Forest,0315,3x2,1256,2017,09/11/2023,False
945,The Villages of Briar Forest,0315,3x2,1256,2017,09/12/2023,False
946,The Villages of Briar Forest,0315,3x2,1256,2017,09/13/2023,False
947,The Villages of Briar Forest,0315,3x2,1256,2017,09/14/2023,False
948,The Villages of Briar Forest,0315,3x2,1256,2017,09/15/2023,False
949,The Villages of Briar Forest,0315,3x2,1256,2017,09/16/2023,False
950,The Villages of Briar Forest,0315,3x2,1256,2017,09/17/2023,False
951,The Villages of Briar Forest,0315,3x2,1256,2017,09/18/2023,False
952,The Villages of Briar Forest,0315,3x2,1256,2017,09/19/2023,False
953,The Villages of Briar Forest,0315,3x2,1256,2017,09/20/2023,True
954,The Villages of Briar Forest,0315,3x2,1256,1970,12/24/2023,False
955,The Villages of Briar Forest,0315,3x2,1256,1970,12/25/2023,False
956,The Villages of Briar Forest,0315,3x2,1256,1970,12/26/2023,False
957,The Villages of Briar Forest,0315,3x2,1256,1970,12/27/2023,False
958,The Villages of Briar Forest,0315,3x2,1256,1970,12/28/2023,False
959,The Villages of Briar Forest,0315,3x2,1256,1970,12/29/2023,False
960,The Villages of Briar Forest,0315,3x2,1256,1900,12/30/2023,False
961,The Villages of Briar Forest,0315,3x2,1256,1900,12/31/2023,False
962,The Villages of Briar Forest,0315,3x2,1256,1900,01/01/2024,False
963,The Villages of Briar Forest,0315,3x2,1256,1900,01/02/2024,False
964,The Villages of Briar Forest,0315,3x2,1256,1900,01/03/2024,False
965,The Villages of Briar Forest,0315,3x2,1256,1900,01/04/2024,False
966,The Villages of Briar Forest,0315,3x2,1256,1900,01/05/2024,True
967,The Villages of Briar Forest,0315,3x2,1256,1965,12/23/2024,False
968,The Villages of Briar Forest,0315,3x2,1256,1960,12/24/2024,False
969,The Villages of Briar Forest,0315,3x2,1256,1955,12/25/2024,False
970,The Villages of Briar Forest,0315,3x2,1256,1955,12/26/2024,False
971,The Villages of Briar Forest,0315,3x2,1256,1975,12/27/2024,False
972,The Villages of Briar Forest,0315,3x2,1256,1980,12/28/2024,False
973,The Villages of Briar Forest,0315,3x2,1256,1980,12/29/2024,False
974,The Villages of Briar Forest,0315,3x2,1256,1975,12/30/2024,False
975,The Villages of Briar Forest,0315,3x2,1256,1975,12/31/2024,False
976,The Villages of Briar Forest,0315,3x2,1256,1970,01/01/2025,False
977,The Villages of Briar Forest,0315,3x2,1256,1970,01/02/2025,False
978,The Villages of Briar Forest,0315,3x2,1256,1960,01/03/2025,False
979,The Villages of Briar Forest,0315,3x2,1256,1965,01/04/2025,False
980,The Villages of Briar Forest,0315,3x2,1256,1960,01/05/2025,False
981,The Villages of Briar Forest,0315,3x2,1256,1960,01/06/2025,False
982,The Villages of Briar Forest,0315,3x2,1256,2000,01/07/2025,False
983,The Villages of Briar Forest,0315,3x2,1256,2015,01/08/2025,False
984,The Villages of Briar Forest,0315,3x2,1256,2015,01/09/2025,False
985,The Villages of Briar Forest,0315,3x2,1256,2015,01/10/2025,False
986,The Villages of Briar Forest,0315,3x2,1256,2005,01/11/2025,False
987,The Villages of Briar Forest,0315,3x2,1256,2005,01/12/2025,False
988,The Villages of Briar Forest,0315,3x2,1256,2005,01/13/2025,False
989,The Villages of Briar Forest,0315,3x2,1256,2000,01/14/2025,False
990,The Villages of Briar Forest,0315,3x2,1256,2000,01/15/2025,False
991,The Villages of Briar Forest,0315,3x2,1256,1995,01/16/2025,False
992,The Villages of Briar Forest,0315,3x2,1256,2005,01/17/2025,False
993,The Villages of Briar Forest,0315,3x2,1256,2000,01/18/2025,False
994,The Villages of Briar Forest,0315,3x2,1256,2000,01/19/2025,False
995,The Villages of Briar Forest,0315,3x2,1256,2000,01/20/2025,False
996,The Villages of Briar Forest,0315,3x2,1256,1995,01/21/2025,False
997,The Villages of Briar Forest,0315,3x2,1256,1995,01/22/2025,False
998,The Villages of Briar Forest,0315,3x2,1256,1990,01/23/2025,False
999,The Villages of Briar Forest,0315,3x2,1256,1940,01/24/2025,False
1000,The Villages of Briar Forest,0315,3x2,1256,1940,01/25/2025,False
1001,The Villages of Briar Forest,0315,3x2,1256,1935,01/26/2025,False
1002,The Villages of Briar Forest,0315,3x2,1256,1925,01/27/2025,False
1003,The Villages of Briar Forest,0315,3x2,1256,1925,01/28/2025,False
1004,The Villages of Briar Forest,0315,3x2,1256,1925,01/29/2025,False
1005,The Villages of Briar Forest,0315,3x2,1256,1925,01/30/2025,False
1006,The Villages of Briar Forest,0315,3x2,1256,1950,01/31/2025,False
1007,The Villages of Briar Forest,0315,3x2,1256,1950,02/01/2025,False
1008,The Villages of Briar Forest,0315,3x2,1256,1950,02/02/2025,False
1009,The Villages of Briar Forest,0315,3x2,1256,1945,02/03/2025,False
1010,The Villages of Briar Forest,0315,3x2,1256,1945,02/04/2025,False
1011,The Villages of Briar Forest,0315,3x2,1256,1945,02/05/2025,False
1012,The Villages of Briar Forest,0315,3x2,1256,1940,02/06/2025,False
1013,The Villages of Briar Forest,0315,3x2,1256,1935,02/07/2025,False
1014,The Villages of Briar Forest,0315,3x2,1256,1935,02/08/2025,True
1015,The Villages of Briar Forest,0317,2x2,972,1480,11/11/2024,False
1016,The Villages of Briar Forest,0317,2x2,972,1470,11/12/2024,False
1017,The Villages of Briar Forest,0317,2x2,972,1475,11/13/2024,False
1018,The Villages of Briar Forest,0317,2x2,972,1475,11/14/2024,False
1019,The Villages of Briar Forest,0317,2x2,972,1460,11/15/2024,False
1020,The Villages of Briar Forest,0317,2x2,972,1445,11/16/2024,False
1021,The Villages of Briar Forest,0317,2x2,972,1445,11/17/2024,False
1022,The Villages of Briar Forest,0317,2x2,972,1445,11/18/2024,False
1023,The Villages of Briar Forest,0317,2x2,972,1445,11/19/2024,False
1024,The Villages of Briar Forest,0317,2x2,972,1445,11/20/2024,False
1025,The Villages of Briar Forest,0317,2x2,972,1445,11/21/2024,False
1026,The Villages of Briar Forest,0317,2x2,972,1490,11/22/2024,False
1027,The Villages of Briar Forest,0317,2x2,972,1382,11/23/2024,False
1028,The Villages of Briar Forest,0317,2x2,972,1382,11/24/2024,False
1029,The Villages of Briar Forest,0317,2x2,972,1382,11/25/2024,False
1030,The Villages of Briar Forest,0317,2x2,972,1450,11/26/2024,False
1031,The Villages of Briar Forest,0317,2x2,972,1382,11/27/2024,False
1032,The Villages of Briar Forest,0317,2x2,972,1382,11/28/2024,False
1033,The Villages of Briar Forest,0317,2x2,972,1382,11/29/2024,False
1034,The Villages of Briar Forest,0317,2x2,972,1382,11/30/2024,False
1035,The Villages of Briar Forest,0317,2x2,972,1382,12/01/2024,False
1036,The Villages of Briar Forest,0317,2x2,972,1382,12/02/2024,False
1037,The Villages of Briar Forest,0317,2x2,972,1382,12/03/2024,False
1038,The Villages of Briar Forest,0317,2x2,972,1382,12/04/2024,False
1039,The Villages of Briar Forest,0317,2x2,972,1382,12/05/2024,False
1040,The Villages of Briar Forest,0317,2x2,972,1385,12/06/2024,False
1041,The Villages of Briar Forest,0317,2x2,972,1385,12/07/2024,False
1042,The Villages of Briar Forest,0317,2x2,972,1385,12/08/2024,False
1043,The Villages of Briar Forest,0317,2x2,972,1385,12/09/2024,False
1044,The Villages of Briar Forest,0317,2x2,972,1385,12/10/2024,True
1045,The Villages of Briar Forest,0318,3x2,1256,1722,06/17/2023,False
1046,The Villages of Briar Forest,0318,3x2,1256,1722,06/18/2023,False
1047,The Villages of Briar Forest,0318,3x2,1256,1722,06/19/2023,False
1048,The Villages of Briar Forest,0318,3x2,1256,1780,06/20/2023,False
1049,The Villages of Briar Forest,0318,3x2,1256,1780,06/21/2023,False
1050,The Villages of Briar Forest,0318,3x2,1256,1780,06/22/2023,False
1051,The Villages of Briar Forest,0318,3x2,1256,1780,06/23/2023,False
1052,The Villages of Briar Forest,0318,3x2,1256,1780,06/24/2023,False
1053,The Villages of Briar Forest,0318,3x2,1256,1780,06/25/2023,False
1054,The Villages of Briar Forest,0318,3x2,1256,1780,06/26/2023,False
1055,The Villages of Briar Forest,0318,3x2,1256,1780,06/27/2023,False
1056,The Villages of Briar Forest,0318,3x2,1256,1780,06/28/2023,False
1057,The Villages of Briar Forest,0318,3x2,1256,1780,06/29/2023,False
1058,The Villages of Briar Forest,0318,3x2,1256,1780,06/30/2023,False
1059,The Villages of Briar Forest,0318,3x2,1256,1987,07/01/2023,False
1060,The Villages of Briar Forest,0318,3x2,1256,1927,07/02/2023,False
1061,The Villages of Briar Forest,0318,3x2,1256,1927,07/03/2023,False
1062,The Villages of Briar Forest,0318,3x2,1256,1932,07/04/2023,False
1063,The Villages of Briar Forest,0318,3x2,1256,1932,07/05/2023,False
1064,The Villages of Briar Forest,0318,3x2,1256,1932,07/06/2023,False
1065,The Villages of Briar Forest,0318,3x2,1256,1935,07/07/2023,False
1066,The Villages of Briar Forest,0318,3x2,1256,1935,07/08/2023,False
1067,The Villages of Briar Forest,0318,3x2,1256,1935,07/09/2023,False
1068,The Villages of Briar Forest,0318,3x2,1256,1935,07/10/2023,False
1069,The Villages of Briar Forest,0318,3x2,1256,1825,07/11/2023,False
1070,The Villages of Briar Forest,0318,3x2,1256,1825,07/12/2023,False
1071,The Villages of Briar Forest,0318,3x2,1256,1821,07/13/2023,False
1072,The Villages of Briar Forest,0318,3x2,1256,1825,07/14/2023,False
1073,The Villages of Briar Forest,0318,3x2,1256,1900,07/15/2023,False
1074,The Villages of Briar Forest,0318,3x2,1256,1900,07/16/2023,False
1075,The Villages of Briar Forest,0318,3x2,1256,1900,07/17/2023,False
1076,The Villages of Briar Forest,0318,3x2,1256,1900,07/18/2023,False
1077,The Villages of Briar Forest,0318,3x2,1256,1900,07/19/2023,False
1078,The Villages of Briar Forest,0318,3x2,1256,1838,07/20/2023,False
1079,The Villages of Briar Forest,0318,3x2,1256,1838,07/21/2023,False
1080,The Villages of Briar Forest,0318,3x2,1256,1838,07/22/2023,False
1081,The Villages of Briar Forest,0318,3x2,1256,1904,07/23/2023,False
1082,The Villages of Briar Forest,0318,3x2,1256,1904,07/24/2023,False
1083,The Villages of Briar Forest,0318,3x2,1256,1904,07/25/2023,False
1084,The Villages of Briar Forest,0318,3x2,1256,1770,07/26/2023,False
1085,The Villages of Briar Forest,0318,3x2,1256,1770,07/27/2023,False
1086,The Villages of Briar Forest,0318,3x2,1256,1770,07/28/2023,False
1087,The Villages of Briar Forest,0318,3x2,1256,1830,07/29/2023,False
1088,The Villages of Briar Forest,0318,3x2,1256,1830,07/30/2023,False
1089,The Villages of Briar Forest,0318,3x2,1256,1830,07/31/2023,False
1090,The Villages of Briar Forest,0318,3x2,1256,1830,08/01/2023,False
1091,The Villages of Briar Forest,0318,3x2,1256,1830,08/02/2023,False
1092,The Villages of Briar Forest,0318,3x2,1256,1830,08/03/2023,False
1093,The Villages of Briar Forest,0318,3x2,1256,1830,08/04/2023,False
1094,The Villages of Briar Forest,0318,3x2,1256,1830,08/05/2023,False
1095,The Villages of Briar Forest,0318,3x2,1256,1830,08/06/2023,False
1096,The Villages of Briar Forest,0318,3x2,1256,1830,08/07/2023,False
1097,The Villages of Briar Forest,0318,3x2,1256,1830,08/08/2023,False
1098,The Villages of Briar Forest,0318,3x2,1256,1830,08/09/2023,False
1099,The Villages of Briar Forest,0318,3x2,1256,1830,08/10/2023,False
1100,The Villages of Briar Forest,0318,3x2,1256,1830,08/11/2023,False
1101,The Villages of Briar Forest,0318,3x2,1256,1830,08/12/2023,False
1102,The Villages of Briar Forest,0318,3x2,1256,1830,08/13/2023,False
1103,The Villages of Briar Forest,0318,3x2,1256,1830,08/14/2023,False
1104,The Villages of Briar Forest,0318,3x2,1256,1830,08/15/2023,False
1105,The Villages of Briar Forest,0318,3x2,1256,1814,08/16/2023,False
1106,The Villages of Briar Forest,0318,3x2,1256,1819,08/17/2023,False
1107,The Villages of Briar Forest,0318,3x2,1256,1825,08/18/2023,False
1108,The Villages of Briar Forest,0318,3x2,1256,1830,08/19/2023,False
1109,The Villages of Briar Forest,0318,3x2,1256,1835,08/20/2023,False
1110,The Villages of Briar Forest,0318,3x2,1256,1840,08/21/2023,False
1111,The Villages of Briar Forest,0318,3x2,1256,1845,08/22/2023,False
1112,The Villages of Briar Forest,0318,3x2,1256,1851,08/23/2023,False
1113,The Villages of Briar Forest,0318,3x2,1256,1856,08/24/2023,False
1114,The Villages of Briar Forest,0318,3x2,1256,1892,08/25/2023,False
1115,The Villages of Briar Forest,0318,3x2,1256,1892,08/26/2023,False
1116,The Villages of Briar Forest,0318,3x2,1256,1892,08/27/2023,False
1117,The Villages of Briar Forest,0318,3x2,1256,1892,08/28/2023,False
1118,The Villages of Briar Forest,0318,3x2,1256,1892,08/29/2023,False
1119,The Villages of Briar Forest,0318,3x2,1256,1892,08/30/2023,False
1120,The Villages of Briar Forest,0318,3x2,1256,1892,08/31/2023,False
1121,The Villages of Briar Forest,0318,3x2,1256,1892,09/01/2023,False
1122,The Villages of Briar Forest,0318,3x2,1256,1892,09/02/2023,False
1123,The Villages of Briar Forest,0318,3x2,1256,1892,09/03/2023,False
1124,The Villages of Briar Forest,0318,3x2,1256,1892,09/04/2023,False
1125,The Villages of Briar Forest,0318,3x2,1256,1892,09/05/2023,False
1126,The Villages of Briar Forest,0318,3x2,1256,1892,09/06/2023,False
1127,The Villages of Briar Forest,0318,3x2,1256,1892,09/07/2023,False
1128,The Villages of Briar Forest,0318,3x2,1256,1892,09/08/2023,False
1129,The Villages of Briar Forest,0318,3x2,1256,1892,09/09/2023,False
1130,The Villages of Briar Forest,0318,3x2,1256,1892,09/10/2023,False
1131,The Villages of Briar Forest,0318,3x2,1256,1892,09/11/2023,False
1132,The Villages of Briar Forest,0318,3x2,1256,1892,09/12/2023,False
1133,The Villages of Briar Forest,0318,3x2,1256,1892,09/13/2023,False
1134,The Villages of Briar Forest,0318,3x2,1256,1892,09/14/2023,False
1135,The Villages of Briar Forest,0318,3x2,1256,1892,09/15/2023,False
1136,The Villages of Briar Forest,0318,3x2,1256,1892,09/16/2023,False
1137,The Villages of Briar Forest,0318,3x2,1256,1892,09/17/2023,False
1138,The Villages of Briar Forest,0318,3x2,1256,1892,09/18/2023,False
1139,The Villages of Briar Forest,0318,3x2,1256,1892,09/19/2023,False
1140,The Villages of Briar Forest,0318,3x2,1256,1881,09/20/2023,False
1141,The Villages of Briar Forest,0318,3x2,1256,1892,09/21/2023,False
1142,The Villages of Briar Forest,0318,3x2,1256,1892,09/22/2023,False
1143,The Villages of Briar Forest,0318,3x2,1256,1876,09/23/2023,False
1144,The Villages of Briar Forest,0318,3x2,1256,1876,09/24/2023,False
1145,The Villages of Briar Forest,0318,3x2,1256,1876,09/25/2023,False
1146,The Villages of Briar Forest,0318,3x2,1256,1892,09/26/2023,False
1147,The Villages of Briar Forest,0318,3x2,1256,1892,09/27/2023,False
1148,The Villages of Briar Forest,0318,3x2,1256,1892,09/28/2023,False
1149,The Villages of Briar Forest,0318,3x2,1256,1892,09/29/2023,False
1150,The Villages of Briar Forest,0318,3x2,1256,1892,09/30/2023,False
1151,The Villages of Briar Forest,0318,3x2,1256,1892,10/01/2023,False
1152,The Villages of Briar Forest,0318,3x2,1256,1876,10/02/2023,False
1153,The Villages of Briar Forest,0318,3x2,1256,1876,10/03/2023,False
1154,The Villages of Briar Forest,0318,3x2,1256,1876,10/04/2023,True
1155,The Villages of Briar Forest,0318,3x2,1256,1760,11/12/2024,False
1156,The Villages of Briar Forest,0318,3x2,1256,1765,11/13/2024,False
1157,The Villages of Briar Forest,0318,3x2,1256,1765,11/14/2024,False
1158,The Villages of Briar Forest,0318,3x2,1256,1750,11/15/2024,False
1159,The Villages of Briar Forest,0318,3x2,1256,1750,11/16/2024,False
1160,The Villages of Briar Forest,0318,3x2,1256,1750,11/17/2024,False
1161,The Villages of Briar Forest,0318,3x2,1256,1735,11/18/2024,False
1162,The Villages of Briar Forest,0318,3x2,1256,1735,11/19/2024,False
1163,The Villages of Briar Forest,0318,3x2,1256,1735,11/20/2024,False
1164,The Villages of Briar Forest,0318,3x2,1256,1735,11/21/2024,False
1165,The Villages of Briar Forest,0318,3x2,1256,1780,11/22/2024,False
1166,The Villages of Briar Forest,0318,3x2,1256,1672,11/23/2024,False
1167,The Villages of Briar Forest,0318,3x2,1256,1672,11/24/2024,False
1168,The Villages of Briar Forest,0318,3x2,1256,1672,11/25/2024,False
1169,The Villages of Briar Forest,0318,3x2,1256,1740,11/26/2024,False
1170,The Villages of Briar Forest,0318,3x2,1256,1672,11/27/2024,False
1171,The Villages of Briar Forest,0318,3x2,1256,1672,11/28/2024,False
1172,The Villages of Briar Forest,0318,3x2,1256,1672,11/29/2024,False
1173,The Villages of Briar Forest,0318,3x2,1256,1672,11/30/2024,False
1174,The Villages of Briar Forest,0318,3x2,1256,1672,12/01/2024,False
1175,The Villages of Briar Forest,0318,3x2,1256,1672,12/02/2024,False
1176,The Villages of Briar Forest,0318,3x2,1256,1685,12/03/2024,False
1177,The Villages of Briar Forest,0318,3x2,1256,1685,12/04/2024,False
1178,The Villages of Briar Forest,0318,3x2,1256,1685,12/05/2024,False
1179,The Villages of Briar Forest,0318,3x2,1256,1675,12/06/2024,False
1180,The Villages of Briar Forest,0318,3x2,1256,1675,12/07/2024,False
1181,The Villages of Briar Forest,0318,3x2,1256,1675,12/08/2024,False
1182,The Villages of Briar Forest,0318,3x2,1256,1675,12/09/2024,False
1183,The Villages of Briar Forest,0318,3x2,1256,1675,12/10/2024,False
1184,The Villages of Briar Forest,0318,3x2,1256,1675,12/11/2024,True
1185,The Villages of Briar Forest,0318,3x2,1256,2035,03/25/2025,False
1186,The Villages of Briar Forest,0318,3x2,1256,2035,03/26/2025,False
1187,The Villages of Briar Forest,0318,3x2,1256,2035,03/27/2025,False
1188,The Villages of Briar Forest,0318,3x2,1256,2035,03/28/2025,False
1189,The Villages of Briar Forest,0318,3x2,1256,2035,03/29/2025,False
1190,The Villages of Briar Forest,0318,3x2,1256,2035,03/30/2025,False
1191,The Villages of Briar Forest,0318,3x2,1256,2035,03/31/2025,False
1192,The Villages of Briar Forest,0318,3x2,1256,2035,04/01/2025,True
1193,The Villages of Briar Forest,0321,3x2,1256,1871,06/25/2023,False
1194,The Villages of Briar Forest,0321,3x2,1256,1871,06/26/2023,False
1195,The Villages of Briar Forest,0321,3x2,1256,2046,06/27/2023,False
1196,The Villages of Briar Forest,0321,3x2,1256,2046,06/28/2023,False
1197,The Villages of Briar Forest,0321,3x2,1256,2046,06/29/2023,False
1198,The Villages of Briar Forest,0321,3x2,1256,2046,06/30/2023,False
1199,The Villages of Briar Forest,0321,3x2,1256,2065,07/01/2023,False
1200,The Villages of Briar Forest,0321,3x2,1256,2116,07/02/2023,False
1201,The Villages of Briar Forest,0321,3x2,1256,2116,07/03/2023,False
1202,The Villages of Briar Forest,0321,3x2,1256,2065,07/04/2023,False
1203,The Villages of Briar Forest,0321,3x2,1256,2116,07/05/2023,False
1204,The Villages of Briar Forest,0321,3x2,1256,2116,07/06/2023,False
1205,The Villages of Briar Forest,0321,3x2,1256,2116,07/07/2023,False
1206,The Villages of Briar Forest,0321,3x2,1256,2045,07/08/2023,False
1207,The Villages of Briar Forest,0321,3x2,1256,2045,07/09/2023,False
1208,The Villages of Briar Forest,0321,3x2,1256,2045,07/10/2023,False
1209,The Villages of Briar Forest,0321,3x2,1256,1955,07/11/2023,False
1210,The Villages of Briar Forest,0321,3x2,1256,2001,07/12/2023,False
1211,The Villages of Briar Forest,0321,3x2,1256,2001,07/13/2023,False
1212,The Villages of Briar Forest,0321,3x2,1256,1955,07/14/2023,False
1213,The Villages of Briar Forest,0321,3x2,1256,1965,07/15/2023,False
1214,The Villages of Briar Forest,0321,3x2,1256,1965,07/16/2023,False
1215,The Villages of Briar Forest,0321,3x2,1256,1965,07/17/2023,False
1216,The Villages of Briar Forest,0321,3x2,1256,1940,07/18/2023,False
1217,The Villages of Briar Forest,0321,3x2,1256,1940,07/19/2023,False
1218,The Villages of Briar Forest,0321,3x2,1256,1878,07/20/2023,False
1219,The Villages of Briar Forest,0321,3x2,1256,1878,07/21/2023,False
1220,The Villages of Briar Forest,0321,3x2,1256,1964,07/22/2023,False
1221,The Villages of Briar Forest,0321,3x2,1256,1964,07/23/2023,False
1222,The Villages of Briar Forest,0321,3x2,1256,1964,07/24/2023,False
1223,The Villages of Briar Forest,0321,3x2,1256,1964,07/25/2023,False
1224,The Villages of Briar Forest,0321,3x2,1256,1948,07/26/2023,False
1225,The Villages of Briar Forest,0321,3x2,1256,1948,07/27/2023,False
1226,The Villages of Briar Forest,0321,3x2,1256,1948,07/28/2023,False
1227,The Villages of Briar Forest,0321,3x2,1256,1948,07/29/2023,False
1228,The Villages of Briar Forest,0321,3x2,1256,1948,07/30/2023,False
1229,The Villages of Briar Forest,0321,3x2,1256,1948,07/31/2023,False
1230,The Villages of Briar Forest,0321,3x2,1256,1948,08/01/2023,False
1231,The Villages of Briar Forest,0321,3x2,1256,2028,08/02/2023,False
1232,The Villages of Briar Forest,0321,3x2,1256,2028,08/03/2023,True
1233,The Villages of Briar Forest,0321,3x2,1256,2110,04/12/2024,False
1234,The Villages of Briar Forest,0321,3x2,1256,2060,04/13/2024,False
1235,The Villages of Briar Forest,0321,3x2,1256,2060,04/14/2024,False
1236,The Villages of Briar Forest,0321,3x2,1256,2060,04/15/2024,False
1237,The Villages of Briar Forest,0321,3x2,1256,2060,04/16/2024,False
1238,The Villages of Briar Forest,0321,3x2,1256,2060,04/17/2024,False
1239,The Villages of Briar Forest,0321,3x2,1256,2060,04/18/2024,False
1240,The Villages of Briar Forest,0321,3x2,1256,2060,04/19/2024,False
1241,The Villages of Briar Forest,0321,3x2,1256,2060,04/20/2024,False
1242,The Villages of Briar Forest,0321,3x2,1256,2060,04/21/2024,False
1243,The Villages of Briar Forest,0321,3x2,1256,2060,04/22/2024,False
1244,The Villages of Briar Forest,0321,3x2,1256,2060,04/23/2024,False
1245,The Villages of Briar Forest,0321,3x2,1256,2060,04/24/2024,False
1246,The Villages of Briar Forest,0321,3x2,1256,2060,04/25/2024,False
1247,The Villages of Briar Forest,0321,3x2,1256,2030,04/26/2024,False
1248,The Villages of Briar Forest,0321,3x2,1256,2030,04/27/2024,False
1249,The Villages of Briar Forest,0321,3x2,1256,2030,04/28/2024,False
1250,The Villages of Briar Forest,0321,3x2,1256,2030,04/29/2024,False
1251,The Villages of Briar Forest,0321,3x2,1256,2030,04/30/2024,False
1252,The Villages of Briar Forest,0321,3x2,1256,2030,05/01/2024,False
1253,The Villages of Briar Forest,0321,3x2,1256,2030,05/02/2024,False
1254,The Villages of Briar Forest,0321,3x2,1256,2030,05/03/2024,False
1255,The Villages of Briar Forest,0321,3x2,1256,1995,05/04/2024,False
1256,The Villages of Briar Forest,0321,3x2,1256,1995,05/05/2024,False
1257,The Villages of Briar Forest,0321,3x2,1256,1993,05/06/2024,False
1258,The Villages of Briar Forest,0321,3x2,1256,1993,05/07/2024,False
1259,The Villages of Briar Forest,0321,3x2,1256,1993,05/08/2024,False
1260,The Villages of Briar Forest,0321,3x2,1256,1993,05/09/2024,False
1261,The Villages of Briar Forest,0321,3x2,1256,1975,05/10/2024,False
1262,The Villages of Briar Forest,0321,3x2,1256,1945,05/11/2024,False
1263,The Villages of Briar Forest,0321,3x2,1256,1945,05/12/2024,False
1264,The Villages of Briar Forest,0321,3x2,1256,1945,05/13/2024,False
1265,The Villages of Briar Forest,0321,3x2,1256,1945,05/14/2024,False
1266,The Villages of Briar Forest,0321,3x2,1256,1945,05/15/2024,False
1267,The Villages of Briar Forest,0321,3x2,1256,1945,05/16/2024,False
1268,The Villages of Briar Forest,0321,3x2,1256,1945,05/17/2024,False
1269,The Villages of Briar Forest,0321,3x2,1256,1945,05/18/2024,False
1270,The Villages of Briar Forest,0321,3x2,1256,1945,05/19/2024,False
1271,The Villages of Briar Forest,0321,3x2,1256,1945,05/20/2024,False
1272,The Villages of Briar Forest,0321,3x2,1256,1945,05/21/2024,False
1273,The Villages of Briar Forest,0321,3x2,1256,1945,05/22/2024,False
1274,The Villages of Briar Forest,0321,3x2,1256,1945,05/23/2024,False
1275,The Villages of Briar Forest,0321,3x2,1256,1956,05/24/2024,False
1276,The Villages of Briar Forest,0321,3x2,1256,1955,05/25/2024,False
1277,The Villages of Briar Forest,0321,3x2,1256,1955,05/26/2024,False
1278,The Villages of Briar Forest,0321,3x2,1256,1955,05/27/2024,False
1279,The Villages of Briar Forest,0321,3x2,1256,1955,05/28/2024,False
1280,The Villages of Briar Forest,0321,3x2,1256,1951,05/29/2024,False
1281,The Villages of Briar Forest,0321,3x2,1256,2000,05/30/2024,False
1282,The Villages of Briar Forest,0321,3x2,1256,1951,05/31/2024,False
1283,The Villages of Briar Forest,0321,3x2,1256,1951,06/01/2024,False
1284,The Villages of Briar Forest,0321,3x2,1256,1951,06/02/2024,False
1285,The Villages of Briar Forest,0321,3x2,1256,1951,06/03/2024,False
1286,The Villages of Briar Forest,0321,3x2,1256,1954,06/04/2024,False
1287,The Villages of Briar Forest,0321,3x2,1256,1951,06/05/2024,False
1288,The Villages of Briar Forest,0321,3x2,1256,1951,06/06/2024,False
1289,The Villages of Briar Forest,0321,3x2,1256,1951,06/07/2024,False
1290,The Villages of Briar Forest,0321,3x2,1256,2000,06/08/2024,False
1291,The Villages of Briar Forest,0321,3x2,1256,2000,06/09/2024,False
1292,The Villages of Briar Forest,0321,3x2,1256,2000,06/10/2024,False
1293,The Villages of Briar Forest,0321,3x2,1256,2000,06/11/2024,False
1294,The Villages of Briar Forest,0321,3x2,1256,2000,06/12/2024,False
1295,The Villages of Briar Forest,0321,3x2,1256,2000,06/13/2024,False
1296,The Villages of Briar Forest,0321,3x2,1256,2000,06/14/2024,False
1297,The Villages of Briar Forest,0321,3x2,1256,2000,06/15/2024,False
1298,The Villages of Briar Forest,0321,3x2,1256,2000,06/16/2024,False
1299,The Villages of Briar Forest,0321,3x2,1256,2000,06/17/2024,False
1300,The Villages of Briar Forest,0321,3x2,1256,2000,06/18/2024,False
1301,The Villages of Briar Forest,0321,3x2,1256,2000,06/19/2024,False
1302,The Villages of Briar Forest,0321,3x2,1256,2000,06/20/2024,False
1303,The Villages of Briar Forest,0321,3x2,1256,2000,06/21/2024,False
1304,The Villages of Briar Forest,0321,3x2,1256,2000,06/22/2024,False
1305,The Villages of Briar Forest,0321,3x2,1256,2000,06/23/2024,False
1306,The Villages of Briar Forest,0321,3x2,1256,2000,06/24/2024,False
1307,The Villages of Briar Forest,0321,3x2,1256,2000,06/25/2024,False
1308,The Villages of Briar Forest,0321,3x2,1256,2000,06/26/2024,False
1309,The Villages of Briar Forest,0321,3x2,1256,2000,06/27/2024,False
1310,The Villages of Briar Forest,0321,3x2,1256,1980,06/28/2024,False
1311,The Villages of Briar Forest,0321,3x2,1256,1980,06/29/2024,False
1312,The Villages of Briar Forest,0321,3x2,1256,1930,06/30/2024,False
1313,The Villages of Briar Forest,0321,3x2,1256,1928,07/01/2024,False
1314,The Villages of Briar Forest,0321,3x2,1256,1882,07/02/2024,False
1315,The Villages of Briar Forest,0321,3x2,1256,1882,07/03/2024,False
1316,The Villages of Briar Forest,0321,3x2,1256,1882,07/04/2024,False
1317,The Villages of Briar Forest,0321,3x2,1256,1877,07/05/2024,False
1318,The Villages of Briar Forest,0321,3x2,1256,1877,07/06/2024,False
1319,The Villages of Briar Forest,0321,3x2,1256,1877,07/07/2024,False
1320,The Villages of Briar Forest,0321,3x2,1256,1877,07/08/2024,False
1321,The Villages of Briar Forest,0321,3x2,1256,1877,07/09/2024,False
1322,The Villages of Briar Forest,0321,3x2,1256,1877,07/10/2024,False
1323,The Villages of Briar Forest,0321,3x2,1256,1877,07/11/2024,False
1324,The Villages of Briar Forest,0321,3x2,1256,1877,07/12/2024,False
1325,The Villages of Briar Forest,0321,3x2,1256,1877,07/13/2024,False
1326,The Villages of Briar Forest,0321,3x2,1256,1877,07/14/2024,False
1327,The Villages of Briar Forest,0321,3x2,1256,1877,07/15/2024,False
1328,The Villages of Briar Forest,0321,3x2,1256,1877,07/16/2024,False
1329,The Villages of Briar Forest,0321,3x2,1256,1877,07/17/2024,False
1330,The Villages of Briar Forest,0321,3x2,1256,1877,07/18/2024,False
1331,The Villages of Briar Forest,0321,3x2,1256,1877,07/19/2024,False
1332,The Villages of Briar Forest,0321,3x2,1256,1877,07/20/2024,False
1333,The Villages of Briar Forest,0321,3x2,1256,1877,07/21/2024,False
1334,The Villages of Briar Forest,0321,3x2,1256,1877,07/22/2024,False
1335,The Villages of Briar Forest,0321,3x2,1256,1877,07/23/2024,False
1336,The Villages of Briar Forest,0321,3x2,1256,1877,07/24/2024,False
1337,The Villages of Briar Forest,0321,3x2,1256,1877,07/25/2024,False
1338,The Villages of Briar Forest,0321,3x2,1256,1877,07/26/2024,False
1339,The Villages of Briar Forest,0321,3x2,1256,1877,07/27/2024,False
1340,The Villages of Briar Forest,0321,3x2,1256,1877,07/28/2024,False
1341,The Villages of Briar Forest,0321,3x2,1256,1877,07/29/2024,False
1342,The Villages of Briar Forest,0321,3x2,1256,1877,07/30/2024,False
1343,The Villages of Briar Forest,0321,3x2,1256,1877,07/31/2024,False
1344,The Villages of Briar Forest,0321,3x2,1256,1822,08/01/2024,False
1345,The Villages of Briar Forest,0321,3x2,1256,1822,08/02/2024,False
1346,The Villages of Briar Forest,0321,3x2,1256,1870,08/03/2024,False
1347,The Villages of Briar Forest,0321,3x2,1256,1870,08/04/2024,False
1348,The Villages of Briar Forest,0321,3x2,1256,1870,08/05/2024,False
1349,The Villages of Briar Forest,0321,3x2,1256,1870,08/06/2024,False
1350,The Villages of Briar Forest,0321,3x2,1256,1870,08/07/2024,False
1351,The Villages of Briar Forest,0321,3x2,1256,1870,08/08/2024,False
1352,The Villages of Briar Forest,0321,3x2,1256,1870,08/09/2024,False
1353,The Villages of Briar Forest,0321,3x2,1256,1870,08/10/2024,False
1354,The Villages of Briar Forest,0321,3x2,1256,1870,08/11/2024,True
1355,The Villages of Briar Forest,0323,2x2,972,1380,10/18/2023,False
1356,The Villages of Briar Forest,0323,2x2,972,1380,10/19/2023,False
1357,The Villages of Briar Forest,0323,2x2,972,1380,10/20/2023,False
1358,The Villages of Briar Forest,0323,2x2,972,1350,10/21/2023,False
1359,The Villages of Briar Forest,0323,2x2,972,1350,10/22/2023,False
1360,The Villages of Briar Forest,0323,2x2,972,1350,10/23/2023,False
1361,The Villages of Briar Forest,0323,2x2,972,1350,10/24/2023,False
1362,The Villages of Briar Forest,0323,2x2,972,1350,10/25/2023,False
1363,The Villages of Briar Forest,0323,2x2,972,1350,10/26/2023,False
1364,The Villages of Briar Forest,0323,2x2,972,1350,10/27/2023,False
1365,The Villages of Briar Forest,0323,2x2,972,1330,10/28/2023,False
1366,The Villages of Briar Forest,0323,2x2,972,1330,10/29/2023,False
1367,The Villages of Briar Forest,0323,2x2,972,1330,10/30/2023,False
1368,The Villages of Briar Forest,0323,2x2,972,1330,10/31/2023,False
1369,The Villages of Briar Forest,0323,2x2,972,1330,11/01/2023,False
1370,The Villages of Briar Forest,0323,2x2,972,1330,11/02/2023,False
1371,The Villages of Briar Forest,0323,2x2,972,1265,11/03/2023,False
1372,The Villages of Briar Forest,0323,2x2,972,1265,11/04/2023,False
1373,The Villages of Briar Forest,0323,2x2,972,1265,11/05/2023,False
1374,The Villages of Briar Forest,0323,2x2,972,1265,11/06/2023,False
1375,The Villages of Briar Forest,0323,2x2,972,1265,11/07/2023,False
1376,The Villages of Briar Forest,0323,2x2,972,1265,11/08/2023,False
1377,The Villages of Briar Forest,0323,2x2,972,1265,11/09/2023,False
1378,The Villages of Briar Forest,0323,2x2,972,1265,11/10/2023,False
1379,The Villages of Briar Forest,0323,2x2,972,1265,11/11/2023,False
1380,The Villages of Briar Forest,0323,2x2,972,1265,11/12/2023,False
1381,The Villages of Briar Forest,0323,2x2,972,1265,11/13/2023,False
1382,The Villages of Briar Forest,0323,2x2,972,1265,11/14/2023,False
1383,The Villages of Briar Forest,0323,2x2,972,1265,11/15/2023,False
1384,The Villages of Briar Forest,0323,2x2,972,1255,11/16/2023,False
1385,The Villages of Briar Forest,0323,2x2,972,1285,11/17/2023,False
1386,The Villages of Briar Forest,0323,2x2,972,1285,11/18/2023,False
1387,The Villages of Briar Forest,0323,2x2,972,1285,11/19/2023,False
1388,The Villages of Briar Forest,0323,2x2,972,1285,11/20/2023,False
1389,The Villages of Briar Forest,0323,2x2,972,1285,11/21/2023,False
1390,The Villages of Briar Forest,0323,2x2,972,1285,11/22/2023,True
1391,The Villages of Briar Forest,0323,2x2,972,1345,10/11/2024,False
1392,The Villages of Briar Forest,0323,2x2,972,1340,10/12/2024,False
1393,The Villages of Briar Forest,0323,2x2,972,1340,10/13/2024,False
1394,The Villages of Briar Forest,0323,2x2,972,1340,10/14/2024,False
1395,The Villages of Briar Forest,0323,2x2,972,1340,10/15/2024,False
1396,The Villages of Briar Forest,0323,2x2,972,1335,10/16/2024,False
1397,The Villages of Briar Forest,0323,2x2,972,1335,10/17/2024,False
1398,The Villages of Briar Forest,0323,2x2,972,1335,10/18/2024,False
1399,The Villages of Briar Forest,0323,2x2,972,1335,10/19/2024,False
1400,The Villages of Briar Forest,0323,2x2,972,1335,10/20/2024,False
1401,The Villages of Briar Forest,0323,2x2,972,1335,10/21/2024,False
1402,The Villages of Briar Forest,0323,2x2,972,1355,10/22/2024,False
1403,The Villages of Briar Forest,0323,2x2,972,1350,10/23/2024,False
1404,The Villages of Briar Forest,0323,2x2,972,1350,10/24/2024,False
1405,The Villages of Briar Forest,0323,2x2,972,1350,10/25/2024,False
1406,The Villages of Briar Forest,0323,2x2,972,1360,10/26/2024,False
1407,The Villages of Briar Forest,0323,2x2,972,1360,10/27/2024,False
1408,The Villages of Briar Forest,0323,2x2,972,1360,10/28/2024,False
1409,The Villages of Briar Forest,0323,2x2,972,1360,10/29/2024,False
1410,The Villages of Briar Forest,0323,2x2,972,1355,10/30/2024,False
1411,The Villages of Briar Forest,0323,2x2,972,1355,10/31/2024,False
1412,The Villages of Briar Forest,0323,2x2,972,1355,11/01/2024,False
1413,The Villages of Briar Forest,0323,2x2,972,1355,11/02/2024,False
1414,The Villages of Briar Forest,0323,2x2,972,1355,11/03/2024,False
1415,The Villages of Briar Forest,0323,2x2,972,1340,11/04/2024,False
1416,The Villages of Briar Forest,0323,2x2,972,1295,11/05/2024,False
1417,The Villages of Briar Forest,0323,2x2,972,1295,11/06/2024,False
1418,The Villages of Briar Forest,0323,2x2,972,1295,11/07/2024,False
1419,The Villages of Briar Forest,0323,2x2,972,1295,11/08/2024,False
1420,The Villages of Briar Forest,0323,2x2,972,1290,11/09/2024,False
1421,The Villages of Briar Forest,0323,2x2,972,1300,11/10/2024,False
1422,The Villages of Briar Forest,0323,2x2,972,1300,11/11/2024,False
1423,The Villages of Briar Forest,0323,2x2,972,1295,11/12/2024,False
1424,The Villages of Briar Forest,0323,2x2,972,1295,11/13/2024,False
1425,The Villages of Briar Forest,0323,2x2,972,1295,11/14/2024,False
1426,The Villages of Briar Forest,0323,2x2,972,1275,11/15/2024,False
1427,The Villages of Briar Forest,0323,2x2,972,1275,11/16/2024,False
1428,The Villages of Briar Forest,0323,2x2,972,1275,11/17/2024,False
1429,The Villages of Briar Forest,0323,2x2,972,1275,11/18/2024,False
1430,The Villages of Briar Forest,0323,2x2,972,1275,11/19/2024,False
1431,The Villages of Briar Forest,0323,2x2,972,1275,11/20/2024,False
1432,The Villages of Briar Forest,0323,2x2,972,1275,11/21/2024,False
1433,The Villages of Briar Forest,0323,2x2,972,1320,11/22/2024,False
1434,The Villages of Briar Forest,0323,2x2,972,1212,11/23/2024,False
1435,The Villages of Briar Forest,0323,2x2,972,1212,11/24/2024,True
1436,The Villages of Briar Forest,0324,3x2,1256,1860,10/05/2023,False
1437,The Villages of Briar Forest,0324,3x2,1256,1886,10/06/2023,False
1438,The Villages of Briar Forest,0324,3x2,1256,1865,10/07/2023,False
1439,The Villages of Briar Forest,0324,3x2,1256,1865,10/08/2023,False
1440,The Villages of Briar Forest,0324,3x2,1256,1865,10/09/2023,False
1441,The Villages of Briar Forest,0324,3x2,1256,1865,10/10/2023,False
1442,The Villages of Briar Forest,0324,3x2,1256,1865,10/11/2023,False
1443,The Villages of Briar Forest,0324,3x2,1256,1865,10/12/2023,False
1444,The Villages of Briar Forest,0324,3x2,1256,1865,10/13/2023,False
1445,The Villages of Briar Forest,0324,3x2,1256,1820,10/14/2023,False
1446,The Villages of Briar Forest,0324,3x2,1256,1820,10/15/2023,False
1447,The Villages of Briar Forest,0324,3x2,1256,1820,10/16/2023,False
1448,The Villages of Briar Forest,0324,3x2,1256,1820,10/17/2023,False
1449,The Villages of Briar Forest,0324,3x2,1256,1820,10/18/2023,False
1450,The Villages of Briar Forest,0324,3x2,1256,1820,10/19/2023,False
1451,The Villages of Briar Forest,0324,3x2,1256,1820,10/20/2023,False
1452,The Villages of Briar Forest,0324,3x2,1256,1790,10/21/2023,False
1453,The Villages of Briar Forest,0324,3x2,1256,1790,10/22/2023,False
1454,The Villages of Briar Forest,0324,3x2,1256,1790,10/23/2023,False
1455,The Villages of Briar Forest,0324,3x2,1256,1790,10/24/2023,False
1456,The Villages of Briar Forest,0324,3x2,1256,1790,10/25/2023,False
1457,The Villages of Briar Forest,0324,3x2,1256,1790,10/26/2023,False
1458,The Villages of Briar Forest,0324,3x2,1256,1790,10/27/2023,False
1459,The Villages of Briar Forest,0324,3x2,1256,1770,10/28/2023,False
1460,The Villages of Briar Forest,0324,3x2,1256,1770,10/29/2023,False
1461,The Villages of Briar Forest,0324,3x2,1256,1770,10/30/2023,False
1462,The Villages of Briar Forest,0324,3x2,1256,1770,10/31/2023,False
1463,The Villages of Briar Forest,0324,3x2,1256,1770,11/01/2023,False
1464,The Villages of Briar Forest,0324,3x2,1256,1770,11/02/2023,False
1465,The Villages of Briar Forest,0324,3x2,1256,1705,11/03/2023,False
1466,The Villages of Briar Forest,0324,3x2,1256,1705,11/04/2023,False
1467,The Villages of Briar Forest,0324,3x2,1256,1705,11/05/2023,False
1468,The Villages of Briar Forest,0324,3x2,1256,1705,11/06/2023,False
1469,The Villages of Briar Forest,0324,3x2,1256,1705,11/07/2023,False
1470,The Villages of Briar Forest,0324,3x2,1256,1705,11/08/2023,False
1471,The Villages of Briar Forest,0324,3x2,1256,1705,11/09/2023,False
1472,The Villages of Briar Forest,0324,3x2,1256,1695,11/10/2023,False
1473,The Villages of Briar Forest,0324,3x2,1256,1695,11/11/2023,False
1474,The Villages of Briar Forest,0324,3x2,1256,1695,11/12/2023,False
1475,The Villages of Briar Forest,0324,3x2,1256,1695,11/13/2023,False
1476,The Villages of Briar Forest,0324,3x2,1256,1695,11/14/2023,False
1477,The Villages of Briar Forest,0324,3x2,1256,1695,11/15/2023,False
1478,The Villages of Briar Forest,0324,3x2,1256,1695,11/16/2023,False
1479,The Villages of Briar Forest,0324,3x2,1256,1725,11/17/2023,False
1480,The Villages of Briar Forest,0324,3x2,1256,1725,11/18/2023,False
1481,The Villages of Briar Forest,0324,3x2,1256,1725,11/19/2023,False
1482,The Villages of Briar Forest,0324,3x2,1256,1725,11/20/2023,False
1483,The Villages of Briar Forest,0324,3x2,1256,1725,11/21/2023,False
1484,The Villages of Briar Forest,0324,3x2,1256,1725,11/22/2023,False
1485,The Villages of Briar Forest,0324,3x2,1256,1725,11/23/2023,False
1486,The Villages of Briar Forest,0324,3x2,1256,1725,11/24/2023,False
1487,The Villages of Briar Forest,0324,3x2,1256,1725,11/25/2023,False
1488,The Villages of Briar Forest,0324,3x2,1256,1725,11/26/2023,False
1489,The Villages of Briar Forest,0324,3x2,1256,1725,11/27/2023,False
1490,The Villages of Briar Forest,0324,3x2,1256,1725,11/28/2023,False
1491,The Villages of Briar Forest,0324,3x2,1256,1725,11/29/2023,False
1492,The Villages of Briar Forest,0324,3x2,1256,1725,11/30/2023,False
1493,The Villages of Briar Forest,0324,3x2,1256,1770,12/01/2023,False
1494,The Villages of Briar Forest,0324,3x2,1256,1770,12/02/2023,False
1495,The Villages of Briar Forest,0324,3x2,1256,1770,12/03/2023,False
1496,The Villages of Briar Forest,0324,3x2,1256,1770,12/04/2023,False
1497,The Villages of Briar Forest,0324,3x2,1256,1770,12/05/2023,False
1498,The Villages of Briar Forest,0324,3x2,1256,1770,12/06/2023,False
1499,The Villages of Briar Forest,0324,3x2,1256,1770,12/07/2023,False
1500,The Villages of Briar Forest,0324,3x2,1256,1770,12/08/2023,False
1501,The Villages of Briar Forest,0324,3x2,1256,1770,12/09/2023,False
1502,The Villages of Briar Forest,0324,3x2,1256,1770,12/10/2023,False
1503,The Villages of Briar Forest,0324,3x2,1256,1770,12/11/2023,False
1504,The Villages of Briar Forest,0324,3x2,1256,1815,12/12/2023,False
1505,The Villages of Briar Forest,0324,3x2,1256,1815,12/13/2023,False
1506,The Villages of Briar Forest,0324,3x2,1256,1815,12/14/2023,False
1507,The Villages of Briar Forest,0324,3x2,1256,1825,12/15/2023,False
1508,The Villages of Briar Forest,0324,3x2,1256,1825,12/16/2023,False
1509,The Villages of Briar Forest,0324,3x2,1256,1825,12/17/2023,False
1510,The Villages of Briar Forest,0324,3x2,1256,1825,12/18/2023,False
1511,The Villages of Briar Forest,0324,3x2,1256,1825,12/19/2023,False
1512,The Villages of Briar Forest,0324,3x2,1256,1825,12/20/2023,False
1513,The Villages of Briar Forest,0324,3x2,1256,1825,12/21/2023,False
1514,The Villages of Briar Forest,0324,3x2,1256,1825,12/22/2023,False
1515,The Villages of Briar Forest,0324,3x2,1256,1825,12/23/2023,False
1516,The Villages of Briar Forest,0324,3x2,1256,1825,12/24/2023,False
1517,The Villages of Briar Forest,0324,3x2,1256,1825,12/25/2023,False
1518,The Villages of Briar Forest,0324,3x2,1256,1825,12/26/2023,False
1519,The Villages of Briar Forest,0324,3x2,1256,1825,12/27/2023,False
1520,The Villages of Briar Forest,0324,3x2,1256,1825,12/28/2023,False
1521,The Villages of Briar Forest,0324,3x2,1256,1825,12/29/2023,False
1522,The Villages of Briar Forest,0324,3x2,1256,1755,12/30/2023,False
1523,The Villages of Briar Forest,0324,3x2,1256,1755,12/31/2023,False
1524,The Villages of Briar Forest,0324,3x2,1256,1755,01/01/2024,False
1525,The Villages of Briar Forest,0324,3x2,1256,1755,01/02/2024,False
1526,The Villages of Briar Forest,0324,3x2,1256,1755,01/03/2024,False
1527,The Villages of Briar Forest,0324,3x2,1256,1755,01/04/2024,False
1528,The Villages of Briar Forest,0324,3x2,1256,1755,01/05/2024,False
1529,The Villages of Briar Forest,0324,3x2,1256,1755,01/06/2024,False
1530,The Villages of Briar Forest,0324,3x2,1256,1755,01/07/2024,False
1531,The Villages of Briar Forest,0324,3x2,1256,1755,01/08/2024,False
1532,The Villages of Briar Forest,0324,3x2,1256,1755,01/09/2024,False
1533,The Villages of Briar Forest,0324,3x2,1256,1710,01/10/2024,False
1534,The Villages of Briar Forest,0324,3x2,1256,1710,01/11/2024,False
1535,The Villages of Briar Forest,0324,3x2,1256,1710,01/12/2024,False
1536,The Villages of Briar Forest,0324,3x2,1256,1765,01/13/2024,False
1537,The Villages of Briar Forest,0324,3x2,1256,1785,01/14/2024,False
1538,The Villages of Briar Forest,0324,3x2,1256,1785,01/15/2024,False
1539,The Villages of Briar Forest,0324,3x2,1256,1785,01/16/2024,False
1540,The Villages of Briar Forest,0324,3x2,1256,1785,01/17/2024,False
1541,The Villages of Briar Forest,0324,3x2,1256,1785,01/18/2024,False
1542,The Villages of Briar Forest,0324,3x2,1256,1785,01/19/2024,False
1543,The Villages of Briar Forest,0324,3x2,1256,1710,01/20/2024,False
1544,The Villages of Briar Forest,0324,3x2,1256,1710,01/21/2024,True
1545,The Villages of Briar Forest,0325,3x2,1256,1891,06/21/2023,False
1546,The Villages of Briar Forest,0325,3x2,1256,1891,06/22/2023,False
1547,The Villages of Briar Forest,0325,3x2,1256,1891,06/23/2023,False
1548,The Villages of Briar Forest,0325,3x2,1256,1891,06/24/2023,False
1549,The Villages of Briar Forest,0325,3x2,1256,1891,06/25/2023,False
1550,The Villages of Briar Forest,0325,3x2,1256,1891,06/26/2023,False
1551,The Villages of Briar Forest,0325,3x2,1256,2066,06/27/2023,False
1552,The Villages of Briar Forest,0325,3x2,1256,2066,06/28/2023,False
1553,The Villages of Briar Forest,0325,3x2,1256,2066,06/29/2023,False
1554,The Villages of Briar Forest,0325,3x2,1256,2066,06/30/2023,False
1555,The Villages of Briar Forest,0325,3x2,1256,2085,07/01/2023,False
1556,The Villages of Briar Forest,0325,3x2,1256,2136,07/02/2023,False
1557,The Villages of Briar Forest,0325,3x2,1256,2136,07/03/2023,False
1558,The Villages of Briar Forest,0325,3x2,1256,2085,07/04/2023,False
1559,The Villages of Briar Forest,0325,3x2,1256,2136,07/05/2023,False
1560,The Villages of Briar Forest,0325,3x2,1256,2136,07/06/2023,False
1561,The Villages of Briar Forest,0325,3x2,1256,2136,07/07/2023,False
1562,The Villages of Briar Forest,0325,3x2,1256,2065,07/08/2023,False
1563,The Villages of Briar Forest,0325,3x2,1256,2065,07/09/2023,False
1564,The Villages of Briar Forest,0325,3x2,1256,2065,07/10/2023,False
1565,The Villages of Briar Forest,0325,3x2,1256,1975,07/11/2023,False
1566,The Villages of Briar Forest,0325,3x2,1256,2021,07/12/2023,False
1567,The Villages of Briar Forest,0325,3x2,1256,2021,07/13/2023,False
1568,The Villages of Briar Forest,0325,3x2,1256,2021,07/14/2023,False
1569,The Villages of Briar Forest,0325,3x2,1256,2021,07/15/2023,False
1570,The Villages of Briar Forest,0325,3x2,1256,1985,07/16/2023,False
1571,The Villages of Briar Forest,0325,3x2,1256,1985,07/17/2023,False
1572,The Villages of Briar Forest,0325,3x2,1256,1960,07/18/2023,False
1573,The Villages of Briar Forest,0325,3x2,1256,1960,07/19/2023,False
1574,The Villages of Briar Forest,0325,3x2,1256,1898,07/20/2023,False
1575,The Villages of Briar Forest,0325,3x2,1256,1898,07/21/2023,False
1576,The Villages of Briar Forest,0325,3x2,1256,1984,07/22/2023,False
1577,The Villages of Briar Forest,0325,3x2,1256,1984,07/23/2023,False
1578,The Villages of Briar Forest,0325,3x2,1256,1984,07/24/2023,False
1579,The Villages of Briar Forest,0325,3x2,1256,1984,07/25/2023,False
1580,The Villages of Briar Forest,0325,3x2,1256,1968,07/26/2023,False
1581,The Villages of Briar Forest,0325,3x2,1256,1968,07/27/2023,False
1582,The Villages of Briar Forest,0325,3x2,1256,1968,07/28/2023,False
1583,The Villages of Briar Forest,0325,3x2,1256,1968,07/29/2023,False
1584,The Villages of Briar Forest,0325,3x2,1256,1968,07/30/2023,False
1585,The Villages of Briar Forest,0325,3x2,1256,1968,07/31/2023,False
1586,The Villages of Briar Forest,0325,3x2,1256,1968,08/01/2023,False
1587,The Villages of Briar Forest,0325,3x2,1256,2048,08/02/2023,False
1588,The Villages of Briar Forest,0325,3x2,1256,2122,08/03/2023,False
1589,The Villages of Briar Forest,0325,3x2,1256,2158,08/04/2023,False
1590,The Villages of Briar Forest,0325,3x2,1256,2172,08/05/2023,False
1591,The Villages of Briar Forest,0325,3x2,1256,2172,08/06/2023,False
1592,The Villages of Briar Forest,0325,3x2,1256,2172,08/07/2023,False
1593,The Villages of Briar Forest,0325,3x2,1256,2172,08/08/2023,False
1594,The Villages of Briar Forest,0325,3x2,1256,2048,08/09/2023,False
1595,The Villages of Briar Forest,0325,3x2,1256,2048,08/10/2023,False
1596,The Villages of Briar Forest,0325,3x2,1256,2048,08/11/2023,True
1597,The Villages of Briar Forest,0326,2x2,972,1341,06/17/2023,False
1598,The Villages of Briar Forest,0326,2x2,972,1341,06/18/2023,False
1599,The Villages of Briar Forest,0326,2x2,972,1371,06/19/2023,False
1600,The Villages of Briar Forest,0326,2x2,972,1341,06/20/2023,False
1601,The Villages of Briar Forest,0326,2x2,972,1341,06/21/2023,False
1602,The Villages of Briar Forest,0326,2x2,972,1341,06/22/2023,False
1603,The Villages of Briar Forest,0326,2x2,972,1341,06/23/2023,False
1604,The Villages of Briar Forest,0326,2x2,972,1341,06/24/2023,False
1605,The Villages of Briar Forest,0326,2x2,972,1341,06/25/2023,False
1606,The Villages of Briar Forest,0326,2x2,972,1341,06/26/2023,False
1607,The Villages of Briar Forest,0326,2x2,972,1561,06/27/2023,False
1608,The Villages of Briar Forest,0326,2x2,972,1561,06/28/2023,False
1609,The Villages of Briar Forest,0326,2x2,972,1561,06/29/2023,False
1610,The Villages of Briar Forest,0326,2x2,972,1561,06/30/2023,False
1611,The Villages of Briar Forest,0326,2x2,972,1580,07/01/2023,False
1612,The Villages of Briar Forest,0326,2x2,972,1561,07/02/2023,False
1613,The Villages of Briar Forest,0326,2x2,972,1561,07/03/2023,False
1614,The Villages of Briar Forest,0326,2x2,972,1561,07/04/2023,False
1615,The Villages of Briar Forest,0326,2x2,972,1561,07/05/2023,False
1616,The Villages of Briar Forest,0326,2x2,972,1561,07/06/2023,False
1617,The Villages of Briar Forest,0326,2x2,972,1561,07/07/2023,False
1618,The Villages of Briar Forest,0326,2x2,972,1561,07/08/2023,True
1619,The Villages of Briar Forest,0326,2x2,972,1555,04/11/2024,False
1620,The Villages of Briar Forest,0326,2x2,972,1555,04/12/2024,False
1621,The Villages of Briar Forest,0326,2x2,972,1505,04/13/2024,False
1622,The Villages of Briar Forest,0326,2x2,972,1505,04/14/2024,False
1623,The Villages of Briar Forest,0326,2x2,972,1505,04/15/2024,False
1624,The Villages of Briar Forest,0326,2x2,972,1505,04/16/2024,False
1625,The Villages of Briar Forest,0326,2x2,972,1505,04/17/2024,False
1626,The Villages of Briar Forest,0326,2x2,972,1505,04/18/2024,False
1627,The Villages of Briar Forest,0326,2x2,972,1505,04/19/2024,False
1628,The Villages of Briar Forest,0326,2x2,972,1505,04/20/2024,False
1629,The Villages of Briar Forest,0326,2x2,972,1505,04/21/2024,False
1630,The Villages of Briar Forest,0326,2x2,972,1505,04/22/2024,False
1631,The Villages of Briar Forest,0326,2x2,972,1505,04/23/2024,False
1632,The Villages of Briar Forest,0326,2x2,972,1505,04/24/2024,False
1633,The Villages of Briar Forest,0326,2x2,972,1505,04/25/2024,False
1634,The Villages of Briar Forest,0326,2x2,972,1475,04/26/2024,False
1635,The Villages of Briar Forest,0326,2x2,972,1475,04/27/2024,False
1636,The Villages of Briar Forest,0326,2x2,972,1475,04/28/2024,False
1637,The Villages of Briar Forest,0326,2x2,972,1475,04/29/2024,False
1638,The Villages of Briar Forest,0326,2x2,972,1475,04/30/2024,False
1639,The Villages of Briar Forest,0326,2x2,972,1475,05/01/2024,False
1640,The Villages of Briar Forest,0326,2x2,972,1475,05/02/2024,False
1641,The Villages of Briar Forest,0326,2x2,972,1475,05/03/2024,False
1642,The Villages of Briar Forest,0326,2x2,972,1440,05/04/2024,False
1643,The Villages of Briar Forest,0326,2x2,972,1440,05/05/2024,False
1644,The Villages of Briar Forest,0326,2x2,972,1438,05/06/2024,False
1645,The Villages of Briar Forest,0326,2x2,972,1438,05/07/2024,False
1646,The Villages of Briar Forest,0326,2x2,972,1438,05/08/2024,False
1647,The Villages of Briar Forest,0326,2x2,972,1438,05/09/2024,False
1648,The Villages of Briar Forest,0326,2x2,972,1420,05/10/2024,False
1649,The Villages of Briar Forest,0326,2x2,972,1390,05/11/2024,False
1650,The Villages of Briar Forest,0326,2x2,972,1390,05/12/2024,False
1651,The Villages of Briar Forest,0326,2x2,972,1390,05/13/2024,False
1652,The Villages of Briar Forest,0326,2x2,972,1390,05/14/2024,False
1653,The Villages of Briar Forest,0326,2x2,972,1390,05/15/2024,False
1654,The Villages of Briar Forest,0326,2x2,972,1390,05/16/2024,False
1655,The Villages of Briar Forest,0326,2x2,972,1390,05/17/2024,False
1656,The Villages of Briar Forest,0326,2x2,972,1390,05/18/2024,False
1657,The Villages of Briar Forest,0326,2x2,972,1390,05/19/2024,False
1658,The Villages of Briar Forest,0326,2x2,972,1390,05/20/2024,False
1659,The Villages of Briar Forest,0326,2x2,972,1390,05/21/2024,False
1660,The Villages of Briar Forest,0326,2x2,972,1390,05/22/2024,False
1661,The Villages of Briar Forest,0326,2x2,972,1390,05/23/2024,False
1662,The Villages of Briar Forest,0326,2x2,972,1401,05/24/2024,False
1663,The Villages of Briar Forest,0326,2x2,972,1400,05/25/2024,False
1664,The Villages of Briar Forest,0326,2x2,972,1400,05/26/2024,False
1665,The Villages of Briar Forest,0326,2x2,972,1400,05/27/2024,False
1666,The Villages of Briar Forest,0326,2x2,972,1400,05/28/2024,False
1667,The Villages of Briar Forest,0326,2x2,972,1396,05/29/2024,False
1668,The Villages of Briar Forest,0326,2x2,972,1445,05/30/2024,False
1669,The Villages of Briar Forest,0326,2x2,972,1396,05/31/2024,False
1670,The Villages of Briar Forest,0326,2x2,972,1396,06/01/2024,False
1671,The Villages of Briar Forest,0326,2x2,972,1396,06/02/2024,False
1672,The Villages of Briar Forest,0326,2x2,972,1396,06/03/2024,False
1673,The Villages of Briar Forest,0326,2x2,972,1399,06/04/2024,False
1674,The Villages of Briar Forest,0326,2x2,972,1396,06/05/2024,False
1675,The Villages of Briar Forest,0326,2x2,972,1396,06/06/2024,False
1676,The Villages of Briar Forest,0326,2x2,972,1396,06/07/2024,False
1677,The Villages of Briar Forest,0326,2x2,972,1445,06/08/2024,False
1678,The Villages of Briar Forest,0326,2x2,972,1445,06/09/2024,False
1679,The Villages of Briar Forest,0326,2x2,972,1445,06/10/2024,False
1680,The Villages of Briar Forest,0326,2x2,972,1445,06/11/2024,False
1681,The Villages of Briar Forest,0326,2x2,972,1445,06/12/2024,False
1682,The Villages of Briar Forest,0326,2x2,972,1445,06/13/2024,False
1683,The Villages of Briar Forest,0326,2x2,972,1445,06/14/2024,False
1684,The Villages of Briar Forest,0326,2x2,972,1445,06/15/2024,False
1685,The Villages of Briar Forest,0326,2x2,972,1445,06/16/2024,False
1686,The Villages of Briar Forest,0326,2x2,972,1445,06/17/2024,False
1687,The Villages of Briar Forest,0326,2x2,972,1445,06/18/2024,False
1688,The Villages of Briar Forest,0326,2x2,972,1445,06/19/2024,False
1689,The Villages of Briar Forest,0326,2x2,972,1445,06/20/2024,False
1690,The Villages of Briar Forest,0326,2x2,972,1445,06/21/2024,False
1691,The Villages of Briar Forest,0326,2x2,972,1445,06/22/2024,False
1692,The Villages of Briar Forest,0326,2x2,972,1445,06/23/2024,False
1693,The Villages of Briar Forest,0326,2x2,972,1425,06/24/2024,False
1694,The Villages of Briar Forest,0326,2x2,972,1425,06/25/2024,False
1695,The Villages of Briar Forest,0326,2x2,972,1425,06/26/2024,False
1696,The Villages of Briar Forest,0326,2x2,972,1426,06/27/2024,False
1697,The Villages of Briar Forest,0326,2x2,972,1374,06/28/2024,False
1698,The Villages of Briar Forest,0326,2x2,972,1374,06/29/2024,False
1699,The Villages of Briar Forest,0326,2x2,972,1374,06/30/2024,False
1700,The Villages of Briar Forest,0326,2x2,972,1373,07/01/2024,False
1701,The Villages of Briar Forest,0326,2x2,972,1327,07/02/2024,False
1702,The Villages of Briar Forest,0326,2x2,972,1327,07/03/2024,False
1703,The Villages of Briar Forest,0326,2x2,972,1327,07/04/2024,False
1704,The Villages of Briar Forest,0326,2x2,972,1322,07/05/2024,False
1705,The Villages of Briar Forest,0326,2x2,972,1322,07/06/2024,False
1706,The Villages of Briar Forest,0326,2x2,972,1322,07/07/2024,False
1707,The Villages of Briar Forest,0326,2x2,972,1322,07/08/2024,False
1708,The Villages of Briar Forest,0326,2x2,972,1322,07/09/2024,False
1709,The Villages of Briar Forest,0326,2x2,972,1322,07/10/2024,False
1710,The Villages of Briar Forest,0326,2x2,972,1322,07/11/2024,False
1711,The Villages of Briar Forest,0326,2x2,972,1322,07/12/2024,False
1712,The Villages of Briar Forest,0326,2x2,972,1262,07/13/2024,False
1713,The Villages of Briar Forest,0326,2x2,972,1262,07/14/2024,False
1714,The Villages of Briar Forest,0326,2x2,972,1262,07/15/2024,False
1715,The Villages of Briar Forest,0326,2x2,972,1262,07/16/2024,False
1716,The Villages of Briar Forest,0326,2x2,972,1262,07/17/2024,False
1717,The Villages of Briar Forest,0326,2x2,972,1262,07/18/2024,False
1718,The Villages of Briar Forest,0326,2x2,972,1262,07/19/2024,False
1719,The Villages of Briar Forest,0326,2x2,972,1262,07/20/2024,True
1720,The Villages of Briar Forest,0327,2x2,972,1465,06/17/2023,False
1721,The Villages of Briar Forest,0327,2x2,972,1465,06/18/2023,False
1722,The Villages of Briar Forest,0327,2x2,972,1465,06/19/2023,False
1723,The Villages of Briar Forest,0327,2x2,972,1465,06/20/2023,False
1724,The Villages of Briar Forest,0327,2x2,972,1465,06/21/2023,False
1725,The Villages of Briar Forest,0327,2x2,972,1465,06/22/2023,False
1726,The Villages of Briar Forest,0327,2x2,972,1475,06/23/2023,False
1727,The Villages of Briar Forest,0327,2x2,972,1475,06/24/2023,False
1728,The Villages of Briar Forest,0327,2x2,972,1465,06/25/2023,False
1729,The Villages of Briar Forest,0327,2x2,972,1465,06/26/2023,False
1730,The Villages of Briar Forest,0327,2x2,972,1640,06/27/2023,False
1731,The Villages of Briar Forest,0327,2x2,972,1640,06/28/2023,False
1732,The Villages of Briar Forest,0327,2x2,972,1640,06/29/2023,False
1733,The Villages of Briar Forest,0327,2x2,972,1640,06/30/2023,False
1734,The Villages of Briar Forest,0327,2x2,972,1691,07/01/2023,False
1735,The Villages of Briar Forest,0327,2x2,972,1691,07/02/2023,False
1736,The Villages of Briar Forest,0327,2x2,972,1691,07/03/2023,False
1737,The Villages of Briar Forest,0327,2x2,972,1640,07/04/2023,False
1738,The Villages of Briar Forest,0327,2x2,972,1691,07/05/2023,False
1739,The Villages of Briar Forest,0327,2x2,972,1691,07/06/2023,False
1740,The Villages of Briar Forest,0327,2x2,972,1691,07/07/2023,False
1741,The Villages of Briar Forest,0327,2x2,972,1620,07/08/2023,False
1742,The Villages of Briar Forest,0327,2x2,972,1620,07/09/2023,False
1743,The Villages of Briar Forest,0327,2x2,972,1620,07/10/2023,False
1744,The Villages of Briar Forest,0327,2x2,972,1530,07/11/2023,False
1745,The Villages of Briar Forest,0327,2x2,972,1576,07/12/2023,False
1746,The Villages of Briar Forest,0327,2x2,972,1576,07/13/2023,False
1747,The Villages of Briar Forest,0327,2x2,972,1530,07/14/2023,False
1748,The Villages of Briar Forest,0327,2x2,972,1540,07/15/2023,False
1749,The Villages of Briar Forest,0327,2x2,972,1540,07/16/2023,False
1750,The Villages of Briar Forest,0327,2x2,972,1540,07/17/2023,False
1751,The Villages of Briar Forest,0327,2x2,972,1515,07/18/2023,False
1752,The Villages of Briar Forest,0327,2x2,972,1515,07/19/2023,False
1753,The Villages of Briar Forest,0327,2x2,972,1452,07/20/2023,False
1754,The Villages of Briar Forest,0327,2x2,972,1452,07/21/2023,False
1755,The Villages of Briar Forest,0327,2x2,972,1538,07/22/2023,False
1756,The Villages of Briar Forest,0327,2x2,972,1538,07/23/2023,False
1757,The Villages of Briar Forest,0327,2x2,972,1538,07/24/2023,False
1758,The Villages of Briar Forest,0327,2x2,972,1538,07/25/2023,False
1759,The Villages of Briar Forest,0327,2x2,972,1522,07/26/2023,False
1760,The Villages of Briar Forest,0327,2x2,972,1522,07/27/2023,False
1761,The Villages of Briar Forest,0327,2x2,972,1522,07/28/2023,False
1762,The Villages of Briar Forest,0327,2x2,972,1522,07/29/2023,False
1763,The Villages of Briar Forest,0327,2x2,972,1522,07/30/2023,True
1764,The Villages of Briar Forest,0327,2x2,972,1405,01/26/2024,False
1765,The Villages of Briar Forest,0327,2x2,972,1405,01/27/2024,False
1766,The Villages of Briar Forest,0327,2x2,972,1405,01/28/2024,False
1767,The Villages of Briar Forest,0327,2x2,972,1405,01/29/2024,False
1768,The Villages of Briar Forest,0327,2x2,972,1405,01/30/2024,False
1769,The Villages of Briar Forest,0327,2x2,972,1480,01/31/2024,False
1770,The Villages of Briar Forest,0327,2x2,972,1480,02/01/2024,False
1771,The Villages of Briar Forest,0327,2x2,972,1480,02/02/2024,False
1772,The Villages of Briar Forest,0327,2x2,972,1480,02/03/2024,False
1773,The Villages of Briar Forest,0327,2x2,972,1480,02/04/2024,False
1774,The Villages of Briar Forest,0327,2x2,972,1480,02/05/2024,False
1775,The Villages of Briar Forest,0327,2x2,972,1480,02/06/2024,False
1776,The Villages of Briar Forest,0327,2x2,972,1480,02/07/2024,False
1777,The Villages of Briar Forest,0327,2x2,972,1480,02/08/2024,False
1778,The Villages of Briar Forest,0327,2x2,972,1480,02/09/2024,False
1779,The Villages of Briar Forest,0327,2x2,972,1515,02/10/2024,False
1780,The Villages of Briar Forest,0327,2x2,972,1475,02/11/2024,False
1781,The Villages of Briar Forest,0327,2x2,972,1475,02/12/2024,False
1782,The Villages of Briar Forest,0327,2x2,972,1475,02/13/2024,False
1783,The Villages of Briar Forest,0327,2x2,972,1495,02/14/2024,False
1784,The Villages of Briar Forest,0327,2x2,972,1495,02/15/2024,False
1785,The Villages of Briar Forest,0327,2x2,972,1495,02/16/2024,False
1786,The Villages of Briar Forest,0327,2x2,972,1475,02/17/2024,False
1787,The Villages of Briar Forest,0327,2x2,972,1475,02/18/2024,False
1788,The Villages of Briar Forest,0327,2x2,972,1475,02/19/2024,False
1789,The Villages of Briar Forest,0327,2x2,972,1475,02/20/2024,False
1790,The Villages of Briar Forest,0327,2x2,972,1475,02/21/2024,False
1791,The Villages of Briar Forest,0327,2x2,972,1475,02/22/2024,False
1792,The Villages of Briar Forest,0327,2x2,972,1475,02/23/2024,False
1793,The Villages of Briar Forest,0327,2x2,972,1475,02/24/2024,False
1794,The Villages of Briar Forest,0327,2x2,972,1475,02/25/2024,False
1795,The Villages of Briar Forest,0327,2x2,972,1403,02/26/2024,False
1796,The Villages of Briar Forest,0327,2x2,972,1433,02/27/2024,False
1797,The Villages of Briar Forest,0327,2x2,972,1433,02/28/2024,False
1798,The Villages of Briar Forest,0327,2x2,972,1475,02/29/2024,True
1799,The Villages of Briar Forest,0327,2x2,972,1535,12/31/2024,False
1800,The Villages of Briar Forest,0327,2x2,972,1535,01/01/2025,False
1801,The Villages of Briar Forest,0327,2x2,972,1535,01/02/2025,False
1802,The Villages of Briar Forest,0327,2x2,972,1530,01/03/2025,False
1803,The Villages of Briar Forest,0327,2x2,972,1530,01/04/2025,False
1804,The Villages of Briar Forest,0327,2x2,972,1530,01/05/2025,False
1805,The Villages of Briar Forest,0327,2x2,972,1530,01/06/2025,False
1806,The Villages of Briar Forest,0327,2x2,972,1565,01/07/2025,False
1807,The Villages of Briar Forest,0327,2x2,972,1575,01/08/2025,False
1808,The Villages of Briar Forest,0327,2x2,972,1575,01/09/2025,False
1809,The Villages of Briar Forest,0327,2x2,972,1580,01/10/2025,False
1810,The Villages of Briar Forest,0327,2x2,972,1575,01/11/2025,False
1811,The Villages of Briar Forest,0327,2x2,972,1570,01/12/2025,False
1812,The Villages of Briar Forest,0327,2x2,972,1570,01/13/2025,False
1813,The Villages of Briar Forest,0327,2x2,972,1565,01/14/2025,False
1814,The Villages of Briar Forest,0327,2x2,972,1565,01/15/2025,False
1815,The Villages of Briar Forest,0327,2x2,972,1565,01/16/2025,False
1816,The Villages of Briar Forest,0327,2x2,972,1570,01/17/2025,False
1817,The Villages of Briar Forest,0327,2x2,972,1570,01/18/2025,False
1818,The Villages of Briar Forest,0327,2x2,972,1570,01/19/2025,False
1819,The Villages of Briar Forest,0327,2x2,972,1575,01/20/2025,False
1820,The Villages of Briar Forest,0327,2x2,972,1570,01/21/2025,False
1821,The Villages of Briar Forest,0327,2x2,972,1570,01/22/2025,False
1822,The Villages of Briar Forest,0327,2x2,972,1570,01/23/2025,False
1823,The Villages of Briar Forest,0327,2x2,972,1515,01/24/2025,False
1824,The Villages of Briar Forest,0327,2x2,972,1515,01/25/2025,False
1825,The Villages of Briar Forest,0327,2x2,972,1515,01/26/2025,False
1826,The Villages of Briar Forest,0327,2x2,972,1510,01/27/2025,False
1827,The Villages of Briar Forest,0327,2x2,972,1515,01/28/2025,False
1828,The Villages of Briar Forest,0327,2x2,972,1515,01/29/2025,False
1829,The Villages of Briar Forest,0327,2x2,972,1520,01/30/2025,False
1830,The Villages of Briar Forest,0327,2x2,972,1535,01/31/2025,False
1831,The Villages of Briar Forest,0327,2x2,972,1535,02/01/2025,False
1832,The Villages of Briar Forest,0327,2x2,972,1535,02/02/2025,False
1833,The Villages of Briar Forest,0327,2x2,972,1530,02/03/2025,False
1834,The Villages of Briar Forest,0327,2x2,972,1530,02/04/2025,False
1835,The Villages of Briar Forest,0327,2x2,972,1525,02/05/2025,False
1836,The Villages of Briar Forest,0327,2x2,972,1525,02/06/2025,False
1837,The Villages of Briar Forest,0327,2x2,972,1515,02/07/2025,False
1838,The Villages of Briar Forest,0327,2x2,972,1515,02/08/2025,True
1839,The Villages of Briar Forest,0411,2x1,924,1202,11/14/2023,False
1840,The Villages of Briar Forest,0411,2x1,924,1202,11/15/2023,False
1841,The Villages of Briar Forest,0411,2x1,924,1202,11/16/2023,False
1842,The Villages of Briar Forest,0411,2x1,924,1232,11/17/2023,False
1843,The Villages of Briar Forest,0411,2x1,924,1232,11/18/2023,False
1844,The Villages of Briar Forest,0411,2x1,924,1232,11/19/2023,False
1845,The Villages of Briar Forest,0411,2x1,924,1232,11/20/2023,False
1846,The Villages of Briar Forest,0411,2x1,924,1232,11/21/2023,False
1847,The Villages of Briar Forest,0411,2x1,924,1232,11/22/2023,False
1848,The Villages of Briar Forest,0411,2x1,924,1232,11/23/2023,True
1849,The Villages of Briar Forest,0412,1x1,690,1122,08/29/2024,False
1850,The Villages of Briar Forest,0412,1x1,690,1137,08/30/2024,False
1851,The Villages of Briar Forest,0412,1x1,690,1137,08/31/2024,False
1852,The Villages of Briar Forest,0412,1x1,690,1137,09/01/2024,False
1853,The Villages of Briar Forest,0412,1x1,690,1137,09/02/2024,False
1854,The Villages of Briar Forest,0412,1x1,690,1137,09/03/2024,False
1855,The Villages of Briar Forest,0412,1x1,690,1137,09/04/2024,False
1856,The Villages of Briar Forest,0412,1x1,690,1137,09/05/2024,False
1857,The Villages of Briar Forest,0412,1x1,690,1137,09/06/2024,False
1858,The Villages of Briar Forest,0412,1x1,690,1137,09/07/2024,False
1859,The Villages of Briar Forest,0412,1x1,690,1137,09/08/2024,True
1860,The Villages of Briar Forest,0413,1x1,690,1157,09/10/2024,False
1861,The Villages of Briar Forest,0413,1x1,690,1157,09/11/2024,False
1862,The Villages of Briar Forest,0413,1x1,690,1157,09/12/2024,False
1863,The Villages of Briar Forest,0413,1x1,690,1123,09/13/2024,False
1864,The Villages of Briar Forest,0413,1x1,690,1123,09/14/2024,False
1865,The Villages of Briar Forest,0413,1x1,690,1123,09/15/2024,False
1866,The Villages of Briar Forest,0413,1x1,690,1118,09/16/2024,False
1867,The Villages of Briar Forest,0413,1x1,690,1147,09/17/2024,False
1868,The Villages of Briar Forest,0413,1x1,690,1147,09/18/2024,False
1869,The Villages of Briar Forest,0413,1x1,690,1147,09/19/2024,False
1870,The Villages of Briar Forest,0413,1x1,690,1182,09/20/2024,False
1871,The Villages of Briar Forest,0413,1x1,690,1177,09/21/2024,False
1872,The Villages of Briar Forest,0413,1x1,690,1177,09/22/2024,False
1873,The Villages of Briar Forest,0413,1x1,690,1167,09/23/2024,False
1874,The Villages of Briar Forest,0413,1x1,690,1167,09/24/2024,False
1875,The Villages of Briar Forest,0413,1x1,690,1162,09/25/2024,False
1876,The Villages of Briar Forest,0413,1x1,690,1162,09/26/2024,False
1877,The Villages of Briar Forest,0413,1x1,690,1138,09/27/2024,False
1878,The Villages of Briar Forest,0413,1x1,690,1138,09/28/2024,False
1879,The Villages of Briar Forest,0413,1x1,690,1167,09/29/2024,False
1880,The Villages of Briar Forest,0413,1x1,690,1161,09/30/2024,False
1881,The Villages of Briar Forest,0413,1x1,690,1161,10/01/2024,False
1882,The Villages of Briar Forest,0413,1x1,690,1146,10/02/2024,False
1883,The Villages of Briar Forest,0413,1x1,690,1146,10/03/2024,False
1884,The Villages of Briar Forest,0413,1x1,690,1111,10/04/2024,False
1885,The Villages of Briar Forest,0413,1x1,690,1111,10/05/2024,False
1886,The Villages of Briar Forest,0413,1x1,690,1111,10/06/2024,False
1887,The Villages of Briar Forest,0413,1x1,690,1111,10/07/2024,False
1888,The Villages of Briar Forest,0413,1x1,690,1111,10/08/2024,False
1889,The Villages of Briar Forest,0413,1x1,690,1111,10/09/2024,False
1890,The Villages of Briar Forest,0413,1x1,690,1070,10/10/2024,False
1891,The Villages of Briar Forest,0413,1x1,690,1070,10/11/2024,False
1892,The Villages of Briar Forest,0413,1x1,690,1070,10/12/2024,False
1893,The Villages of Briar Forest,0413,1x1,690,1070,10/13/2024,False
1894,The Villages of Briar Forest,0413,1x1,690,1070,10/14/2024,False
1895,The Villages of Briar Forest,0413,1x1,690,1020,10/15/2024,False
1896,The Villages of Briar Forest,0413,1x1,690,1020,10/16/2024,False
1897,The Villages of Briar Forest,0413,1x1,690,1020,10/17/2024,False
1898,The Villages of Briar Forest,0413,1x1,690,1064,10/18/2024,False
1899,The Villages of Briar Forest,0413,1x1,690,1064,10/19/2024,False
1900,The Villages of Briar Forest,0413,1x1,690,1064,10/20/2024,False
1901,The Villages of Briar Forest,0413,1x1,690,1064,10/21/2024,False
1902,The Villages of Briar Forest,0413,1x1,690,1064,10/22/2024,False
1903,The Villages of Briar Forest,0413,1x1,690,1064,10/23/2024,False
1904,The Villages of Briar Forest,0413,1x1,690,1064,10/24/2024,False
1905,The Villages of Briar Forest,0413,1x1,690,1064,10/25/2024,False
1906,The Villages of Briar Forest,0413,1x1,690,1064,10/26/2024,False
1907,The Villages of Briar Forest,0413,1x1,690,1064,10/27/2024,False
1908,The Villages of Briar Forest,0413,1x1,690,1127,10/28/2024,False
1909,The Villages of Briar Forest,0413,1x1,690,1127,10/29/2024,False
1910,The Villages of Briar Forest,0413,1x1,690,1127,10/30/2024,False
1911,The Villages of Briar Forest,0413,1x1,690,1127,10/31/2024,False
1912,The Villages of Briar Forest,0413,1x1,690,1127,11/01/2024,False
1913,The Villages of Briar Forest,0413,1x1,690,1127,11/02/2024,False
1914,The Villages of Briar Forest,0413,1x1,690,1127,11/03/2024,False
1915,The Villages of Briar Forest,0413,1x1,690,1127,11/04/2024,False
1916,The Villages of Briar Forest,0413,1x1,690,1085,11/05/2024,False
1917,The Villages of Briar Forest,0413,1x1,690,1085,11/06/2024,False
1918,The Villages of Briar Forest,0413,1x1,690,1085,11/07/2024,False
1919,The Villages of Briar Forest,0413,1x1,690,1085,11/08/2024,False
1920,The Villages of Briar Forest,0413,1x1,690,1085,11/09/2024,False
1921,The Villages of Briar Forest,0413,1x1,690,1085,11/10/2024,False
1922,The Villages of Briar Forest,0413,1x1,690,1085,11/11/2024,False
1923,The Villages of Briar Forest,0413,1x1,690,1085,11/12/2024,False
1924,The Villages of Briar Forest,0413,1x1,690,1085,11/13/2024,False
1925,The Villages of Briar Forest,0413,1x1,690,1085,11/14/2024,False
1926,The Villages of Briar Forest,0413,1x1,690,1085,11/15/2024,False
1927,The Villages of Briar Forest,0413,1x1,690,1085,11/16/2024,False
1928,The Villages of Briar Forest,0413,1x1,690,1085,11/17/2024,False
1929,The Villages of Briar Forest,0413,1x1,690,1085,11/18/2024,False
1930,The Villages of Briar Forest,0413,1x1,690,1085,11/19/2024,False
1931,The Villages of Briar Forest,0413,1x1,690,1085,11/20/2024,False
1932,The Villages of Briar Forest,0413,1x1,690,1085,11/21/2024,False
1933,The Villages of Briar Forest,0413,1x1,690,1137,11/22/2024,False
1934,The Villages of Briar Forest,0413,1x1,690,1060,11/23/2024,False
1935,The Villages of Briar Forest,0413,1x1,690,1060,11/24/2024,False
1936,The Villages of Briar Forest,0413,1x1,690,1060,11/25/2024,False
1937,The Villages of Briar Forest,0413,1x1,690,1122,11/26/2024,False
1938,The Villages of Briar Forest,0413,1x1,690,1060,11/27/2024,False
1939,The Villages of Briar Forest,0413,1x1,690,1060,11/28/2024,False
1940,The Villages of Briar Forest,0413,1x1,690,1054,11/29/2024,False
1941,The Villages of Briar Forest,0413,1x1,690,1054,11/30/2024,False
1942,The Villages of Briar Forest,0413,1x1,690,1049,12/01/2024,False
1943,The Villages of Briar Forest,0413,1x1,690,1049,12/02/2024,False
1944,The Villages of Briar Forest,0413,1x1,690,1099,12/03/2024,False
1945,The Villages of Briar Forest,0413,1x1,690,1099,12/04/2024,False
1946,The Villages of Briar Forest,0413,1x1,690,1099,12/05/2024,False
1947,The Villages of Briar Forest,0413,1x1,690,1099,12/06/2024,False
1948,The Villages of Briar Forest,0413,1x1,690,1069,12/07/2024,False
1949,The Villages of Briar Forest,0413,1x1,690,1069,12/08/2024,False
1950,The Villages of Briar Forest,0413,1x1,690,1069,12/09/2024,False
1951,The Villages of Briar Forest,0413,1x1,690,1069,12/10/2024,False
1952,The Villages of Briar Forest,0413,1x1,690,1069,12/11/2024,False
1953,The Villages of Briar Forest,0413,1x1,690,1069,12/12/2024,False
1954,The Villages of Briar Forest,0413,1x1,690,1114,12/13/2024,False
1955,The Villages of Briar Forest,0413,1x1,690,1114,12/14/2024,False
1956,The Villages of Briar Forest,0413,1x1,690,1114,12/15/2024,False
1957,The Villages of Briar Forest,0413,1x1,690,1114,12/16/2024,False
1958,The Villages of Briar Forest,0413,1x1,690,1114,12/17/2024,False
1959,The Villages of Briar Forest,0413,1x1,690,1156,12/18/2024,False
1960,The Villages of Briar Forest,0413,1x1,690,1156,12/19/2024,False
1961,The Villages of Briar Forest,0413,1x1,690,1114,12/20/2024,False
1962,The Villages of Briar Forest,0413,1x1,690,1114,12/21/2024,False
1963,The Villages of Briar Forest,0413,1x1,690,1114,12/22/2024,False
1964,The Villages of Briar Forest,0413,1x1,690,1114,12/23/2024,False
1965,The Villages of Briar Forest,0413,1x1,690,1114,12/24/2024,False
1966,The Villages of Briar Forest,0413,1x1,690,1114,12/25/2024,False
1967,The Villages of Briar Forest,0413,1x1,690,1114,12/26/2024,False
1968,The Villages of Briar Forest,0413,1x1,690,1114,12/27/2024,False
1969,The Villages of Briar Forest,0413,1x1,690,1114,12/28/2024,False
1970,The Villages of Briar Forest,0413,1x1,690,1114,12/29/2024,False
1971,The Villages of Briar Forest,0413,1x1,690,1114,12/30/2024,False
1972,The Villages of Briar Forest,0413,1x1,690,1114,12/31/2024,False
1973,The Villages of Briar Forest,0413,1x1,690,1177,01/01/2025,False
1974,The Villages of Briar Forest,0413,1x1,690,1114,01/02/2025,False
1975,The Villages of Briar Forest,0413,1x1,690,1114,01/03/2025,False
1976,The Villages of Briar Forest,0413,1x1,690,1114,01/04/2025,False
1977,The Villages of Briar Forest,0413,1x1,690,1114,01/05/2025,False
1978,The Villages of Briar Forest,0413,1x1,690,1114,01/06/2025,False
1979,The Villages of Briar Forest,0413,1x1,690,1114,01/07/2025,False
1980,The Villages of Briar Forest,0413,1x1,690,1114,01/08/2025,False
1981,The Villages of Briar Forest,0413,1x1,690,1114,01/09/2025,False
1982,The Villages of Briar Forest,0413,1x1,690,1114,01/10/2025,False
1983,The Villages of Briar Forest,0413,1x1,690,1114,01/11/2025,False
1984,The Villages of Briar Forest,0413,1x1,690,1114,01/12/2025,False
1985,The Villages of Briar Forest,0413,1x1,690,1114,01/13/2025,False
1986,The Villages of Briar Forest,0413,1x1,690,1114,01/14/2025,False
1987,The Villages of Briar Forest,0413,1x1,690,1114,01/15/2025,False
1988,The Villages of Briar Forest,0413,1x1,690,1042,01/16/2025,False
1989,The Villages of Briar Forest,0413,1x1,690,1042,01/17/2025,False
1990,The Villages of Briar Forest,0413,1x1,690,1042,01/18/2025,False
1991,The Villages of Briar Forest,0413,1x1,690,1042,01/19/2025,False
1992,The Villages of Briar Forest,0413,1x1,690,1042,01/20/2025,False
1993,The Villages of Briar Forest,0413,1x1,690,1042,01/21/2025,False
1994,The Villages of Briar Forest,0413,1x1,690,1042,01/22/2025,False
1995,The Villages of Briar Forest,0413,1x1,690,1042,01/23/2025,False
1996,The Villages of Briar Forest,0413,1x1,690,1057,01/24/2025,False
1997,The Villages of Briar Forest,0413,1x1,690,1057,01/25/2025,False
1998,The Villages of Briar Forest,0413,1x1,690,1057,01/26/2025,False
1999,The Villages of Briar Forest,0413,1x1,690,1057,01/27/2025,False
2000,The Villages of Briar Forest,0413,1x1,690,1057,01/28/2025,False
2001,The Villages of Briar Forest,0413,1x1,690,1057,01/29/2025,False
2002,The Villages of Briar Forest,0413,1x1,690,1057,01/30/2025,False
2003,The Villages of Briar Forest,0413,1x1,690,1057,01/31/2025,False
2004,The Villages of Briar Forest,0413,1x1,690,1070,02/01/2025,False
2005,The Villages of Briar Forest,0413,1x1,690,1070,02/02/2025,False
2006,The Villages of Briar Forest,0413,1x1,690,1070,02/03/2025,False
2007,The Villages of Briar Forest,0413,1x1,690,1070,02/04/2025,False
2008,The Villages of Briar Forest,0413,1x1,690,1070,02/05/2025,False
2009,The Villages of Briar Forest,0413,1x1,690,1070,02/06/2025,False
2010,The Villages of Briar Forest,0413,1x1,690,1034,02/07/2025,False
2011,The Villages of Briar Forest,0413,1x1,690,1034,02/08/2025,False
2012,The Villages of Briar Forest,0413,1x1,690,1034,02/09/2025,False
2013,The Villages of Briar Forest,0413,1x1,690,1034,02/10/2025,False
2014,The Villages of Briar Forest,0413,1x1,690,1034,02/11/2025,False
2015,The Villages of Briar Forest,0413,1x1,690,1034,02/12/2025,False
2016,The Villages of Briar Forest,0413,1x1,690,1034,02/13/2025,False
2017,The Villages of Briar Forest,0413,1x1,690,1050,02/14/2025,False
2018,The Villages of Briar Forest,0413,1x1,690,1050,02/15/2025,False
2019,The Villages of Briar Forest,0413,1x1,690,1050,02/16/2025,False
2020,The Villages of Briar Forest,0413,1x1,690,1050,02/17/2025,False
2021,The Villages of Briar Forest,0413,1x1,690,1050,02/18/2025,False
2022,The Villages of Briar Forest,0413,1x1,690,1050,02/19/2025,False
2023,The Villages of Briar Forest,0413,1x1,690,1112,02/20/2025,False
2024,The Villages of Briar Forest,0413,1x1,690,1037,02/21/2025,False
2025,The Villages of Briar Forest,0413,1x1,690,1037,02/22/2025,False
2026,The Villages of Briar Forest,0413,1x1,690,1037,02/23/2025,False
2027,The Villages of Briar Forest,0413,1x1,690,1050,02/24/2025,False
2028,The Villages of Briar Forest,0413,1x1,690,1037,02/25/2025,False
2029,The Villages of Briar Forest,0413,1x1,690,1037,02/26/2025,False
2030,The Villages of Briar Forest,0413,1x1,690,1037,02/27/2025,False
2031,The Villages of Briar Forest,0413,1x1,690,1012,02/28/2025,False
2032,The Villages of Briar Forest,0413,1x1,690,1024,03/01/2025,False
2033,The Villages of Briar Forest,0413,1x1,690,1024,03/02/2025,False
2034,The Villages of Briar Forest,0413,1x1,690,1024,03/03/2025,False
2035,The Villages of Briar Forest,0413,1x1,690,1024,03/04/2025,False
2036,The Villages of Briar Forest,0413,1x1,690,1024,03/05/2025,False
2037,The Villages of Briar Forest,0413,1x1,690,1087,03/06/2025,False
2038,The Villages of Briar Forest,0413,1x1,690,1102,03/07/2025,False
2039,The Villages of Briar Forest,0413,1x1,690,1102,03/08/2025,False
2040,The Villages of Briar Forest,0413,1x1,690,1102,03/09/2025,False
2041,The Villages of Briar Forest,0413,1x1,690,1102,03/10/2025,False
2042,The Villages of Briar Forest,0413,1x1,690,1102,03/11/2025,False
2043,The Villages of Briar Forest,0413,1x1,690,1102,03/12/2025,False
2044,The Villages of Briar Forest,0413,1x1,690,1102,03/13/2025,False
2045,The Villages of Briar Forest,0413,1x1,690,1102,03/14/2025,False
2046,The Villages of Briar Forest,0413,1x1,690,1102,03/15/2025,False
2047,The Villages of Briar Forest,0413,1x1,690,1102,03/16/2025,False
2048,The Villages of Briar Forest,0413,1x1,690,1102,03/17/2025,False
2049,The Villages of Briar Forest,0413,1x1,690,1102,03/18/2025,False
2050,The Villages of Briar Forest,0413,1x1,690,1102,03/19/2025,False
2051,The Villages of Briar Forest,0413,1x1,690,1102,03/20/2025,True
2052,The Villages of Briar Forest,0414,2x1,924,1312,07/12/2023,False
2053,The Villages of Briar Forest,0414,2x1,924,1312,07/13/2023,False
2054,The Villages of Briar Forest,0414,2x1,924,1312,07/14/2023,False
2055,The Villages of Briar Forest,0414,2x1,924,1387,07/15/2023,False
2056,The Villages of Briar Forest,0414,2x1,924,1387,07/16/2023,False
2057,The Villages of Briar Forest,0414,2x1,924,1387,07/17/2023,False
2058,The Villages of Briar Forest,0414,2x1,924,1387,07/18/2023,False
2059,The Villages of Briar Forest,0414,2x1,924,1387,07/19/2023,False
2060,The Villages of Briar Forest,0414,2x1,924,1324,07/20/2023,False
2061,The Villages of Briar Forest,0414,2x1,924,1324,07/21/2023,False
2062,The Villages of Briar Forest,0414,2x1,924,1324,07/22/2023,False
2063,The Villages of Briar Forest,0414,2x1,924,1324,07/23/2023,False
2064,The Villages of Briar Forest,0414,2x1,924,1324,07/24/2023,False
2065,The Villages of Briar Forest,0414,2x1,924,1324,07/25/2023,False
2066,The Villages of Briar Forest,0414,2x1,924,1264,07/26/2023,False
2067,The Villages of Briar Forest,0414,2x1,924,1264,07/27/2023,False
2068,The Villages of Briar Forest,0414,2x1,924,1264,07/28/2023,False
2069,The Villages of Briar Forest,0414,2x1,924,1264,07/29/2023,True
2070,The Villages of Briar Forest,0414,2x1,924,1212,11/07/2023,False
2071,The Villages of Briar Forest,0414,2x1,924,1212,11/08/2023,False
2072,The Villages of Briar Forest,0414,2x1,924,1212,11/09/2023,False
2073,The Villages of Briar Forest,0414,2x1,924,1202,11/10/2023,False
2074,The Villages of Briar Forest,0414,2x1,924,1202,11/11/2023,False
2075,The Villages of Briar Forest,0414,2x1,924,1202,11/12/2023,False
2076,The Villages of Briar Forest,0414,2x1,924,1202,11/13/2023,False
2077,The Villages of Briar Forest,0414,2x1,924,1202,11/14/2023,True
2078,The Villages of Briar Forest,0415,2x1,924,1403,08/16/2023,False
2079,The Villages of Briar Forest,0415,2x1,924,1403,08/17/2023,False
2080,The Villages of Briar Forest,0415,2x1,924,1409,08/18/2023,False
2081,The Villages of Briar Forest,0415,2x1,924,1409,08/19/2023,False
2082,The Villages of Briar Forest,0415,2x1,924,1409,08/20/2023,False
2083,The Villages of Briar Forest,0415,2x1,924,1409,08/21/2023,False
2084,The Villages of Briar Forest,0415,2x1,924,1409,08/22/2023,False
2085,The Villages of Briar Forest,0415,2x1,924,1409,08/23/2023,False
2086,The Villages of Briar Forest,0415,2x1,924,1409,08/24/2023,False
2087,The Villages of Briar Forest,0415,2x1,924,1409,08/25/2023,False
2088,The Villages of Briar Forest,0415,2x1,924,1419,08/26/2023,False
2089,The Villages of Briar Forest,0415,2x1,924,1419,08/27/2023,False
2090,The Villages of Briar Forest,0415,2x1,924,1419,08/28/2023,False
2091,The Villages of Briar Forest,0415,2x1,924,1419,08/29/2023,False
2092,The Villages of Briar Forest,0415,2x1,924,1419,08/30/2023,False
2093,The Villages of Briar Forest,0415,2x1,924,1419,08/31/2023,False
2094,The Villages of Briar Forest,0415,2x1,924,1394,09/01/2023,False
2095,The Villages of Briar Forest,0415,2x1,924,1394,09/02/2023,True
2096,The Villages of Briar Forest,0416,1x1,690,1092,09/23/2023,False
2097,The Villages of Briar Forest,0416,1x1,690,1093,09/24/2023,False
2098,The Villages of Briar Forest,0416,1x1,690,1093,09/25/2023,False
2099,The Villages of Briar Forest,0416,1x1,690,1093,09/26/2023,False
2100,The Villages of Briar Forest,0416,1x1,690,1093,09/27/2023,False
2101,The Villages of Briar Forest,0416,1x1,690,1093,09/28/2023,False
2102,The Villages of Briar Forest,0416,1x1,690,1093,09/29/2023,False
2103,The Villages of Briar Forest,0416,1x1,690,1038,09/30/2023,False
2104,The Villages of Briar Forest,0416,1x1,690,1038,10/01/2023,False
2105,The Villages of Briar Forest,0416,1x1,690,1038,10/02/2023,False
2106,The Villages of Briar Forest,0416,1x1,690,1038,10/03/2023,False
2107,The Villages of Briar Forest,0416,1x1,690,1038,10/04/2023,False
2108,The Villages of Briar Forest,0416,1x1,690,976,10/05/2023,False
2109,The Villages of Briar Forest,0416,1x1,690,1000,10/06/2023,False
2110,The Villages of Briar Forest,0416,1x1,690,920,10/07/2023,False
2111,The Villages of Briar Forest,0416,1x1,690,920,10/08/2023,True
2112,The Villages of Briar Forest,0416,1x1,690,1222,07/19/2024,False
2113,The Villages of Briar Forest,0416,1x1,690,1217,07/20/2024,False
2114,The Villages of Briar Forest,0416,1x1,690,1217,07/21/2024,False
2115,The Villages of Briar Forest,0416,1x1,690,1217,07/22/2024,False
2116,The Villages of Briar Forest,0416,1x1,690,1217,07/23/2024,False
2117,The Villages of Briar Forest,0416,1x1,690,1217,07/24/2024,False
2118,The Villages of Briar Forest,0416,1x1,690,1217,07/25/2024,False
2119,The Villages of Briar Forest,0416,1x1,690,1197,07/26/2024,False
2120,The Villages of Briar Forest,0416,1x1,690,1197,07/27/2024,False
2121,The Villages of Briar Forest,0416,1x1,690,1197,07/28/2024,False
2122,The Villages of Briar Forest,0416,1x1,690,1197,07/29/2024,False
2123,The Villages of Briar Forest,0416,1x1,690,1197,07/30/2024,False
2124,The Villages of Briar Forest,0416,1x1,690,1197,07/31/2024,False
2125,The Villages of Briar Forest,0416,1x1,690,1197,08/01/2024,False
2126,The Villages of Briar Forest,0416,1x1,690,1202,08/02/2024,False
2127,The Villages of Briar Forest,0416,1x1,690,1202,08/03/2024,False
2128,The Villages of Briar Forest,0416,1x1,690,1202,08/04/2024,False
2129,The Villages of Briar Forest,0416,1x1,690,1202,08/05/2024,False
2130,The Villages of Briar Forest,0416,1x1,690,1202,08/06/2024,False
2131,The Villages of Briar Forest,0416,1x1,690,1202,08/07/2024,False
2132,The Villages of Briar Forest,0416,1x1,690,1202,08/08/2024,False
2133,The Villages of Briar Forest,0416,1x1,690,1162,08/09/2024,False
2134,The Villages of Briar Forest,0416,1x1,690,1162,08/10/2024,False
2135,The Villages of Briar Forest,0416,1x1,690,1162,08/11/2024,False
2136,The Villages of Briar Forest,0416,1x1,690,1162,08/12/2024,False
2137,The Villages of Briar Forest,0416,1x1,690,1177,08/13/2024,False
2138,The Villages of Briar Forest,0416,1x1,690,1177,08/14/2024,False
2139,The Villages of Briar Forest,0416,1x1,690,1177,08/15/2024,False
2140,The Villages of Briar Forest,0416,1x1,690,1157,08/16/2024,False
2141,The Villages of Briar Forest,0416,1x1,690,1157,08/17/2024,False
2142,The Villages of Briar Forest,0416,1x1,690,1157,08/18/2024,False
2143,The Villages of Briar Forest,0416,1x1,690,1157,08/19/2024,False
2144,The Villages of Briar Forest,0416,1x1,690,1157,08/20/2024,False
2145,The Villages of Briar Forest,0416,1x1,690,1157,08/21/2024,False
2146,The Villages of Briar Forest,0416,1x1,690,1157,08/22/2024,False
2147,The Villages of Briar Forest,0416,1x1,690,1157,08/23/2024,False
2148,The Villages of Briar Forest,0416,1x1,690,1157,08/24/2024,False
2149,The Villages of Briar Forest,0416,1x1,690,1157,08/25/2024,False
2150,The Villages of Briar Forest,0416,1x1,690,1157,08/26/2024,False
2151,The Villages of Briar Forest,0416,1x1,690,1157,08/27/2024,False
2152,The Villages of Briar Forest,0416,1x1,690,1157,08/28/2024,False
2153,The Villages of Briar Forest,0416,1x1,690,1132,08/29/2024,False
2154,The Villages of Briar Forest,0416,1x1,690,1147,08/30/2024,False
2155,The Villages of Briar Forest,0416,1x1,690,1157,08/31/2024,False
2156,The Villages of Briar Forest,0416,1x1,690,1157,09/01/2024,False
2157,The Villages of Briar Forest,0416,1x1,690,1157,09/02/2024,False
2158,The Villages of Briar Forest,0416,1x1,690,1157,09/03/2024,False
2159,The Villages of Briar Forest,0416,1x1,690,1157,09/04/2024,False
2160,The Villages of Briar Forest,0416,1x1,690,1157,09/05/2024,False
2161,The Villages of Briar Forest,0416,1x1,690,1157,09/06/2024,False
2162,The Villages of Briar Forest,0416,1x1,690,1157,09/07/2024,False
2163,The Villages of Briar Forest,0416,1x1,690,1157,09/08/2024,False
2164,The Villages of Briar Forest,0416,1x1,690,1157,09/09/2024,False
2165,The Villages of Briar Forest,0416,1x1,690,1157,09/10/2024,False
2166,The Villages of Briar Forest,0416,1x1,690,1157,09/11/2024,False
2167,The Villages of Briar Forest,0416,1x1,690,1157,09/12/2024,False
2168,The Villages of Briar Forest,0416,1x1,690,1167,09/13/2024,False
2169,The Villages of Briar Forest,0416,1x1,690,1167,09/14/2024,False
2170,The Villages of Briar Forest,0416,1x1,690,1167,09/15/2024,False
2171,The Villages of Briar Forest,0416,1x1,690,1152,09/16/2024,False
2172,The Villages of Briar Forest,0416,1x1,690,1152,09/17/2024,True
2173,The Villages of Briar Forest,0417,1x1,690,1275,06/22/2023,False
2174,The Villages of Briar Forest,0417,1x1,690,1239,06/23/2023,False
2175,The Villages of Briar Forest,0417,1x1,690,1239,06/24/2023,False
2176,The Villages of Briar Forest,0417,1x1,690,1234,06/25/2023,False
2177,The Villages of Briar Forest,0417,1x1,690,1234,06/26/2023,False
2178,The Villages of Briar Forest,0417,1x1,690,1399,06/27/2023,False
2179,The Villages of Briar Forest,0417,1x1,690,1394,06/28/2023,False
2180,The Villages of Briar Forest,0417,1x1,690,1394,06/29/2023,False
2181,The Villages of Briar Forest,0417,1x1,690,1394,06/30/2023,False
2182,The Villages of Briar Forest,0417,1x1,690,1389,07/01/2023,False
2183,The Villages of Briar Forest,0417,1x1,690,1383,07/02/2023,False
2184,The Villages of Briar Forest,0417,1x1,690,1383,07/03/2023,False
2185,The Villages of Briar Forest,0417,1x1,690,1388,07/04/2023,False
2186,The Villages of Briar Forest,0417,1x1,690,1383,07/05/2023,False
2187,The Villages of Briar Forest,0417,1x1,690,1378,07/06/2023,False
2188,The Villages of Briar Forest,0417,1x1,690,1378,07/07/2023,False
2189,The Villages of Briar Forest,0417,1x1,690,1378,07/08/2023,False
2190,The Villages of Briar Forest,0417,1x1,690,1378,07/09/2023,False
2191,The Villages of Briar Forest,0417,1x1,690,1378,07/10/2023,False
2192,The Villages of Briar Forest,0417,1x1,690,1378,07/11/2023,False
2193,The Villages of Briar Forest,0417,1x1,690,1378,07/12/2023,False
2194,The Villages of Briar Forest,0417,1x1,690,1378,07/13/2023,False
2195,The Villages of Briar Forest,0417,1x1,690,1378,07/14/2023,False
2196,The Villages of Briar Forest,0417,1x1,690,1378,07/15/2023,False
2197,The Villages of Briar Forest,0417,1x1,690,1378,07/16/2023,False
2198,The Villages of Briar Forest,0417,1x1,690,1378,07/17/2023,False
2199,The Villages of Briar Forest,0417,1x1,690,1318,07/18/2023,False
2200,The Villages of Briar Forest,0417,1x1,690,1278,07/19/2023,False
2201,The Villages of Briar Forest,0417,1x1,690,1216,07/20/2023,False
2202,The Villages of Briar Forest,0417,1x1,690,1216,07/21/2023,False
2203,The Villages of Briar Forest,0417,1x1,690,1276,07/22/2023,False
2204,The Villages of Briar Forest,0417,1x1,690,1276,07/23/2023,False
2205,The Villages of Briar Forest,0417,1x1,690,1276,07/24/2023,False
2206,The Villages of Briar Forest,0417,1x1,690,1276,07/25/2023,False
2207,The Villages of Briar Forest,0417,1x1,690,1276,07/26/2023,False
2208,The Villages of Briar Forest,0417,1x1,690,1276,07/27/2023,False
2209,The Villages of Briar Forest,0417,1x1,690,1276,07/28/2023,False
2210,The Villages of Briar Forest,0417,1x1,690,1276,07/29/2023,False
2211,The Villages of Briar Forest,0417,1x1,690,1276,07/30/2023,False
2212,The Villages of Briar Forest,0417,1x1,690,1276,07/31/2023,False
2213,The Villages of Briar Forest,0417,1x1,690,1276,08/01/2023,False
2214,The Villages of Briar Forest,0417,1x1,690,1192,08/02/2023,False
2215,The Villages of Briar Forest,0417,1x1,690,1230,08/03/2023,False
2216,The Villages of Briar Forest,0417,1x1,690,1230,08/04/2023,False
2217,The Villages of Briar Forest,0417,1x1,690,1252,08/05/2023,False
2218,The Villages of Briar Forest,0417,1x1,690,1252,08/06/2023,False
2219,The Villages of Briar Forest,0417,1x1,690,1252,08/07/2023,False
2220,The Villages of Briar Forest,0417,1x1,690,1252,08/08/2023,False
2221,The Villages of Briar Forest,0417,1x1,690,1252,08/09/2023,False
2222,The Villages of Briar Forest,0417,1x1,690,1252,08/10/2023,False
2223,The Villages of Briar Forest,0417,1x1,690,1226,08/11/2023,False
2224,The Villages of Briar Forest,0417,1x1,690,1226,08/12/2023,True
2225,The Villages of Briar Forest,0417,1x1,690,1342,07/24/2024,False
2226,The Villages of Briar Forest,0417,1x1,690,1342,07/25/2024,False
2227,The Villages of Briar Forest,0417,1x1,690,1322,07/26/2024,False
2228,The Villages of Briar Forest,0417,1x1,690,1322,07/27/2024,False
2229,The Villages of Briar Forest,0417,1x1,690,1322,07/28/2024,False
2230,The Villages of Briar Forest,0417,1x1,690,1322,07/29/2024,False
2231,The Villages of Briar Forest,0417,1x1,690,1322,07/30/2024,False
2232,The Villages of Briar Forest,0417,1x1,690,1322,07/31/2024,False
2233,The Villages of Briar Forest,0417,1x1,690,1322,08/01/2024,False
2234,The Villages of Briar Forest,0417,1x1,690,1327,08/02/2024,False
2235,The Villages of Briar Forest,0417,1x1,690,1327,08/03/2024,False
2236,The Villages of Briar Forest,0417,1x1,690,1327,08/04/2024,False
2237,The Villages of Briar Forest,0417,1x1,690,1327,08/05/2024,False
2238,The Villages of Briar Forest,0417,1x1,690,1327,08/06/2024,False
2239,The Villages of Briar Forest,0417,1x1,690,1327,08/07/2024,False
2240,The Villages of Briar Forest,0417,1x1,690,1327,08/08/2024,False
2241,The Villages of Briar Forest,0417,1x1,690,1292,08/09/2024,False
2242,The Villages of Briar Forest,0417,1x1,690,1292,08/10/2024,False
2243,The Villages of Briar Forest,0417,1x1,690,1292,08/11/2024,False
2244,The Villages of Briar Forest,0417,1x1,690,1292,08/12/2024,False
2245,The Villages of Briar Forest,0417,1x1,690,1292,08/13/2024,False
2246,The Villages of Briar Forest,0417,1x1,690,1292,08/14/2024,False
2247,The Villages of Briar Forest,0417,1x1,690,1292,08/15/2024,False
2248,The Villages of Briar Forest,0417,1x1,690,1292,08/16/2024,True
2249,The Villages of Briar Forest,0418,2x1,924,1467,12/30/2024,False
2250,The Villages of Briar Forest,0418,2x1,924,1462,12/31/2024,False
2251,The Villages of Briar Forest,0418,2x1,924,1462,01/01/2025,False
2252,The Villages of Briar Forest,0418,2x1,924,1462,01/02/2025,False
2253,The Villages of Briar Forest,0418,2x1,924,1457,01/03/2025,False
2254,The Villages of Briar Forest,0418,2x1,924,1457,01/04/2025,False
2255,The Villages of Briar Forest,0418,2x1,924,1457,01/05/2025,False
2256,The Villages of Briar Forest,0418,2x1,924,1457,01/06/2025,False
2257,The Villages of Briar Forest,0418,2x1,924,1492,01/07/2025,False
2258,The Villages of Briar Forest,0418,2x1,924,1502,01/08/2025,False
2259,The Villages of Briar Forest,0418,2x1,924,1502,01/09/2025,False
2260,The Villages of Briar Forest,0418,2x1,924,1507,01/10/2025,False
2261,The Villages of Briar Forest,0418,2x1,924,1502,01/11/2025,False
2262,The Villages of Briar Forest,0418,2x1,924,1497,01/12/2025,False
2263,The Villages of Briar Forest,0418,2x1,924,1497,01/13/2025,False
2264,The Villages of Briar Forest,0418,2x1,924,1492,01/14/2025,False
2265,The Villages of Briar Forest,0418,2x1,924,1492,01/15/2025,False
2266,The Villages of Briar Forest,0418,2x1,924,1492,01/16/2025,False
2267,The Villages of Briar Forest,0418,2x1,924,1497,01/17/2025,False
2268,The Villages of Briar Forest,0418,2x1,924,1497,01/18/2025,False
2269,The Villages of Briar Forest,0418,2x1,924,1497,01/19/2025,False
2270,The Villages of Briar Forest,0418,2x1,924,1502,01/20/2025,False
2271,The Villages of Briar Forest,0418,2x1,924,1497,01/21/2025,False
2272,The Villages of Briar Forest,0418,2x1,924,1497,01/22/2025,False
2273,The Villages of Briar Forest,0418,2x1,924,1497,01/23/2025,False
2274,The Villages of Briar Forest,0418,2x1,924,1442,01/24/2025,False
2275,The Villages of Briar Forest,0418,2x1,924,1442,01/25/2025,False
2276,The Villages of Briar Forest,0418,2x1,924,1442,01/26/2025,False
2277,The Villages of Briar Forest,0418,2x1,924,1437,01/27/2025,False
2278,The Villages of Briar Forest,0418,2x1,924,1442,01/28/2025,False
2279,The Villages of Briar Forest,0418,2x1,924,1442,01/29/2025,False
2280,The Villages of Briar Forest,0418,2x1,924,1447,01/30/2025,False
2281,The Villages of Briar Forest,0418,2x1,924,1462,01/31/2025,False
2282,The Villages of Briar Forest,0418,2x1,924,1462,02/01/2025,False
2283,The Villages of Briar Forest,0418,2x1,924,1462,02/02/2025,False
2284,The Villages of Briar Forest,0418,2x1,924,1457,02/03/2025,False
2285,The Villages of Briar Forest,0418,2x1,924,1457,02/04/2025,False
2286,The Villages of Briar Forest,0418,2x1,924,1452,02/05/2025,False
2287,The Villages of Briar Forest,0418,2x1,924,1452,02/06/2025,False
2288,The Villages of Briar Forest,0418,2x1,924,1442,02/07/2025,False
2289,The Villages of Briar Forest,0418,2x1,924,1437,02/08/2025,False
2290,The Villages of Briar Forest,0418,2x1,924,1437,02/09/2025,False
2291,The Villages of Briar Forest,0418,2x1,924,1427,02/10/2025,False
2292,The Villages of Briar Forest,0418,2x1,924,1427,02/11/2025,False
2293,The Villages of Briar Forest,0418,2x1,924,1427,02/12/2025,False
2294,The Villages of Briar Forest,0418,2x1,924,1427,02/13/2025,False
2295,The Villages of Briar Forest,0418,2x1,924,1472,02/14/2025,False
2296,The Villages of Briar Forest,0418,2x1,924,1472,02/15/2025,False
2297,The Villages of Briar Forest,0418,2x1,924,1472,02/16/2025,False
2298,The Villages of Briar Forest,0418,2x1,924,1472,02/17/2025,False
2299,The Villages of Briar Forest,0418,2x1,924,1472,02/18/2025,False
2300,The Villages of Briar Forest,0418,2x1,924,1472,02/19/2025,False
2301,The Villages of Briar Forest,0418,2x1,924,1472,02/20/2025,False
2302,The Villages of Briar Forest,0418,2x1,924,1472,02/21/2025,False
2303,The Villages of Briar Forest,0418,2x1,924,1472,02/22/2025,False
2304,The Villages of Briar Forest,0418,2x1,924,1472,02/23/2025,False
2305,The Villages of Briar Forest,0418,2x1,924,1472,02/24/2025,False
2306,The Villages of Briar Forest,0418,2x1,924,1482,02/25/2025,False
2307,The Villages of Briar Forest,0418,2x1,924,1444,02/26/2025,False
2308,The Villages of Briar Forest,0418,2x1,924,1484,02/27/2025,False
2309,The Villages of Briar Forest,0418,2x1,924,1464,02/28/2025,False
2310,The Villages of Briar Forest,0418,2x1,924,1430,03/01/2025,False
2311,The Villages of Briar Forest,0418,2x1,924,1430,03/02/2025,False
2312,The Villages of Briar Forest,0418,2x1,924,1424,03/03/2025,False
2313,The Villages of Briar Forest,0418,2x1,924,1454,03/04/2025,False
2314,The Villages of Briar Forest,0418,2x1,924,1447,03/05/2025,False
2315,The Villages of Briar Forest,0418,2x1,924,1562,03/06/2025,False
2316,The Villages of Briar Forest,0418,2x1,924,1572,03/07/2025,False
2317,The Villages of Briar Forest,0418,2x1,924,1572,03/08/2025,False
2318,The Villages of Briar Forest,0418,2x1,924,1572,03/09/2025,False
2319,The Villages of Briar Forest,0418,2x1,924,1547,03/10/2025,False
2320,The Villages of Briar Forest,0418,2x1,924,1547,03/11/2025,False
2321,The Villages of Briar Forest,0418,2x1,924,1547,03/12/2025,False
2322,The Villages of Briar Forest,0418,2x1,924,1547,03/13/2025,False
2323,The Villages of Briar Forest,0418,2x1,924,1547,03/14/2025,False
2324,The Villages of Briar Forest,0418,2x1,924,1547,03/15/2025,False
2325,The Villages of Briar Forest,0418,2x1,924,1547,03/16/2025,False
2326,The Villages of Briar Forest,0418,2x1,924,1547,03/17/2025,False
2327,The Villages of Briar Forest,0418,2x1,924,1547,03/18/2025,False
2328,The Villages of Briar Forest,0418,2x1,924,1467,03/19/2025,False
2329,The Villages of Briar Forest,0418,2x1,924,1467,03/20/2025,False
2330,The Villages of Briar Forest,0418,2x1,924,1467,03/21/2025,False
2331,The Villages of Briar Forest,0418,2x1,924,1467,03/22/2025,False
2332,The Villages of Briar Forest,0418,2x1,924,1467,03/23/2025,False
2333,The Villages of Briar Forest,0418,2x1,924,1467,03/24/2025,False
2334,The Villages of Briar Forest,0418,2x1,924,1620,03/25/2025,False
2335,The Villages of Briar Forest,0418,2x1,924,1620,03/26/2025,False
2336,The Villages of Briar Forest,0418,2x1,924,1620,03/27/2025,False
2337,The Villages of Briar Forest,0418,2x1,924,1620,03/28/2025,False
2338,The Villages of Briar Forest,0418,2x1,924,1620,03/29/2025,False
2339,The Villages of Briar Forest,0418,2x1,924,1620,03/30/2025,False
2340,The Villages of Briar Forest,0418,2x1,924,1620,03/31/2025,False
2341,The Villages of Briar Forest,0418,2x1,924,1620,04/01/2025,True
2342,The Villages of Briar Forest,0421,2x1,924,1357,02/18/2025,False
2343,The Villages of Briar Forest,0421,2x1,924,1362,02/19/2025,False
2344,The Villages of Briar Forest,0421,2x1,924,1362,02/20/2025,False
2345,The Villages of Briar Forest,0421,2x1,924,1352,02/21/2025,False
2346,The Villages of Briar Forest,0421,2x1,924,1357,02/22/2025,False
2347,The Villages of Briar Forest,0421,2x1,924,1357,02/23/2025,False
2348,The Villages of Briar Forest,0421,2x1,924,1352,02/24/2025,False
2349,The Villages of Briar Forest,0421,2x1,924,1357,02/25/2025,False
2350,The Villages of Briar Forest,0421,2x1,924,1362,02/26/2025,False
2351,The Villages of Briar Forest,0421,2x1,924,1362,02/27/2025,False
2352,The Villages of Briar Forest,0421,2x1,924,1372,02/28/2025,False
2353,The Villages of Briar Forest,0421,2x1,924,1372,03/01/2025,False
2354,The Villages of Briar Forest,0421,2x1,924,1372,03/02/2025,False
2355,The Villages of Briar Forest,0421,2x1,924,1372,03/03/2025,False
2356,The Villages of Briar Forest,0421,2x1,924,1372,03/04/2025,False
2357,The Villages of Briar Forest,0421,2x1,924,1367,03/05/2025,False
2358,The Villages of Briar Forest,0421,2x1,924,1377,03/06/2025,False
2359,The Villages of Briar Forest,0421,2x1,924,1382,03/07/2025,False
2360,The Villages of Briar Forest,0421,2x1,924,1377,03/08/2025,False
2361,The Villages of Briar Forest,0421,2x1,924,1377,03/09/2025,False
2362,The Villages of Briar Forest,0421,2x1,924,1382,03/10/2025,False
2363,The Villages of Briar Forest,0421,2x1,924,1382,03/11/2025,False
2364,The Villages of Briar Forest,0421,2x1,924,1382,03/12/2025,False
2365,The Villages of Briar Forest,0421,2x1,924,1382,03/13/2025,False
2366,The Villages of Briar Forest,0421,2x1,924,1382,03/14/2025,False
2367,The Villages of Briar Forest,0421,2x1,924,1382,03/15/2025,False
2368,The Villages of Briar Forest,0421,2x1,924,1382,03/16/2025,False
2369,The Villages of Briar Forest,0421,2x1,924,1382,03/17/2025,False
2370,The Villages of Briar Forest,0421,2x1,924,1382,03/18/2025,False
2371,The Villages of Briar Forest,0421,2x1,924,1317,03/19/2025,False
2372,The Villages of Briar Forest,0421,2x1,924,1317,03/20/2025,False
2373,The Villages of Briar Forest,0421,2x1,924,1317,03/21/2025,False
2374,The Villages of Briar Forest,0421,2x1,924,1317,03/22/2025,False
2375,The Villages of Briar Forest,0421,2x1,924,1317,03/23/2025,False
2376,The Villages of Briar Forest,0421,2x1,924,1317,03/24/2025,False
2377,The Villages of Briar Forest,0421,2x1,924,1470,03/25/2025,False
2378,The Villages of Briar Forest,0421,2x1,924,1470,03/26/2025,False
2379,The Villages of Briar Forest,0421,2x1,924,1470,03/27/2025,False
2380,The Villages of Briar Forest,0421,2x1,924,1470,03/28/2025,False
2381,The Villages of Briar Forest,0421,2x1,924,1470,03/29/2025,False
2382,The Villages of Briar Forest,0421,2x1,924,1470,03/30/2025,False
2383,The Villages of Briar Forest,0421,2x1,924,1470,03/31/2025,False
2384,The Villages of Briar Forest,0421,2x1,924,1470,04/01/2025,True
2385,The Villages of Briar Forest,0422,1x1,690,1042,12/05/2023,False
2386,The Villages of Briar Forest,0422,1x1,690,1042,12/06/2023,False
2387,The Villages of Briar Forest,0422,1x1,690,1052,12/07/2023,False
2388,The Villages of Briar Forest,0422,1x1,690,1092,12/08/2023,False
2389,The Villages of Briar Forest,0422,1x1,690,1092,12/09/2023,True
2390,The Villages of Briar Forest,0422,1x1,690,1072,12/07/2024,False
2391,The Villages of Briar Forest,0422,1x1,690,1072,12/08/2024,False
2392,The Villages of Briar Forest,0422,1x1,690,1072,12/09/2024,False
2393,The Villages of Briar Forest,0422,1x1,690,1072,12/10/2024,False
2394,The Villages of Briar Forest,0422,1x1,690,1072,12/11/2024,False
2395,The Villages of Briar Forest,0422,1x1,690,1072,12/12/2024,False
2396,The Villages of Briar Forest,0422,1x1,690,1112,12/13/2024,False
2397,The Villages of Briar Forest,0422,1x1,690,1112,12/14/2024,False
2398,The Villages of Briar Forest,0422,1x1,690,1112,12/15/2024,False
2399,The Villages of Briar Forest,0422,1x1,690,1112,12/16/2024,False
2400,The Villages of Briar Forest,0422,1x1,690,1112,12/17/2024,False
2401,The Villages of Briar Forest,0422,1x1,690,1112,12/18/2024,False
2402,The Villages of Briar Forest,0422,1x1,690,1112,12/19/2024,False
2403,The Villages of Briar Forest,0422,1x1,690,1112,12/20/2024,False
2404,The Villages of Briar Forest,0422,1x1,690,1112,12/21/2024,False
2405,The Villages of Briar Forest,0422,1x1,690,1112,12/22/2024,False
2406,The Villages of Briar Forest,0422,1x1,690,1112,12/23/2024,False
2407,The Villages of Briar Forest,0422,1x1,690,1112,12/24/2024,False
2408,The Villages of Briar Forest,0422,1x1,690,1112,12/25/2024,False
2409,The Villages of Briar Forest,0422,1x1,690,1112,12/26/2024,False
2410,The Villages of Briar Forest,0422,1x1,690,1112,12/27/2024,False
2411,The Villages of Briar Forest,0422,1x1,690,1112,12/28/2024,False
2412,The Villages of Briar Forest,0422,1x1,690,1112,12/29/2024,False
2413,The Villages of Briar Forest,0422,1x1,690,1112,12/30/2024,False
2414,The Villages of Briar Forest,0422,1x1,690,1112,12/31/2024,False
2415,The Villages of Briar Forest,0422,1x1,690,1112,01/01/2025,False
2416,The Villages of Briar Forest,0422,1x1,690,1112,01/02/2025,False
2417,The Villages of Briar Forest,0422,1x1,690,1112,01/03/2025,False
2418,The Villages of Briar Forest,0422,1x1,690,1092,01/04/2025,False
2419,The Villages of Briar Forest,0422,1x1,690,1092,01/05/2025,False
2420,The Villages of Briar Forest,0422,1x1,690,1092,01/06/2025,False
2421,The Villages of Briar Forest,0422,1x1,690,1092,01/07/2025,False
2422,The Villages of Briar Forest,0422,1x1,690,1092,01/08/2025,False
2423,The Villages of Briar Forest,0422,1x1,690,1092,01/09/2025,False
2424,The Villages of Briar Forest,0422,1x1,690,1092,01/10/2025,False
2425,The Villages of Briar Forest,0422,1x1,690,1052,01/11/2025,False
2426,The Villages of Briar Forest,0422,1x1,690,1052,01/12/2025,False
2427,The Villages of Briar Forest,0422,1x1,690,1052,01/13/2025,False
2428,The Villages of Briar Forest,0422,1x1,690,1052,01/14/2025,False
2429,The Villages of Briar Forest,0422,1x1,690,1052,01/15/2025,False
2430,The Villages of Briar Forest,0422,1x1,690,1052,01/16/2025,False
2431,The Villages of Briar Forest,0422,1x1,690,1052,01/17/2025,False
2432,The Villages of Briar Forest,0422,1x1,690,1052,01/18/2025,False
2433,The Villages of Briar Forest,0422,1x1,690,1052,01/19/2025,False
2434,The Villages of Briar Forest,0422,1x1,690,1052,01/20/2025,False
2435,The Villages of Briar Forest,0422,1x1,690,984,01/21/2025,False
2436,The Villages of Briar Forest,0422,1x1,690,984,01/22/2025,False
2437,The Villages of Briar Forest,0422,1x1,690,984,01/23/2025,False
2438,The Villages of Briar Forest,0422,1x1,690,984,01/24/2025,False
2439,The Villages of Briar Forest,0422,1x1,690,984,01/25/2025,False
2440,The Villages of Briar Forest,0422,1x1,690,984,01/26/2025,False
2441,The Villages of Briar Forest,0422,1x1,690,984,01/27/2025,False
2442,The Villages of Briar Forest,0422,1x1,690,984,01/28/2025,False
2443,The Villages of Briar Forest,0422,1x1,690,1004,01/29/2025,False
2444,The Villages of Briar Forest,0422,1x1,690,1004,01/30/2025,False
2445,The Villages of Briar Forest,0422,1x1,690,1004,01/31/2025,False
2446,The Villages of Briar Forest,0422,1x1,690,1004,02/01/2025,False
2447,The Villages of Briar Forest,0422,1x1,690,1004,02/02/2025,False
2448,The Villages of Briar Forest,0422,1x1,690,1004,02/03/2025,False
2449,The Villages of Briar Forest,0422,1x1,690,1004,02/04/2025,False
2450,The Villages of Briar Forest,0422,1x1,690,1004,02/05/2025,False
2451,The Villages of Briar Forest,0422,1x1,690,1004,02/06/2025,False
2452,The Villages of Briar Forest,0422,1x1,690,970,02/07/2025,False
2453,The Villages of Briar Forest,0422,1x1,690,970,02/08/2025,False
2454,The Villages of Briar Forest,0422,1x1,690,970,02/09/2025,False
2455,The Villages of Briar Forest,0422,1x1,690,970,02/10/2025,False
2456,The Villages of Briar Forest,0422,1x1,690,970,02/11/2025,False
2457,The Villages of Briar Forest,0422,1x1,690,970,02/12/2025,False
2458,The Villages of Briar Forest,0422,1x1,690,970,02/13/2025,False
2459,The Villages of Briar Forest,0422,1x1,690,984,02/14/2025,False
2460,The Villages of Briar Forest,0422,1x1,690,984,02/15/2025,False
2461,The Villages of Briar Forest,0422,1x1,690,984,02/16/2025,False
2462,The Villages of Briar Forest,0422,1x1,690,984,02/17/2025,False
2463,The Villages of Briar Forest,0422,1x1,690,984,02/18/2025,False
2464,The Villages of Briar Forest,0422,1x1,690,984,02/19/2025,False
2465,The Villages of Briar Forest,0422,1x1,690,1047,02/20/2025,False
2466,The Villages of Briar Forest,0422,1x1,690,984,02/21/2025,False
2467,The Villages of Briar Forest,0422,1x1,690,972,02/22/2025,False
2468,The Villages of Briar Forest,0422,1x1,690,972,02/23/2025,False
2469,The Villages of Briar Forest,0422,1x1,690,984,02/24/2025,False
2470,The Villages of Briar Forest,0422,1x1,690,972,02/25/2025,False
2471,The Villages of Briar Forest,0422,1x1,690,972,02/26/2025,False
2472,The Villages of Briar Forest,0422,1x1,690,972,02/27/2025,False
2473,The Villages of Briar Forest,0422,1x1,690,947,02/28/2025,False
2474,The Villages of Briar Forest,0422,1x1,690,960,03/01/2025,False
2475,The Villages of Briar Forest,0422,1x1,690,960,03/02/2025,False
2476,The Villages of Briar Forest,0422,1x1,690,960,03/03/2025,False
2477,The Villages of Briar Forest,0422,1x1,690,960,03/04/2025,False
2478,The Villages of Briar Forest,0422,1x1,690,960,03/05/2025,False
2479,The Villages of Briar Forest,0422,1x1,690,1022,03/06/2025,False
2480,The Villages of Briar Forest,0422,1x1,690,1037,03/07/2025,False
2481,The Villages of Briar Forest,0422,1x1,690,1037,03/08/2025,False
2482,The Villages of Briar Forest,0422,1x1,690,1037,03/09/2025,False
2483,The Villages of Briar Forest,0422,1x1,690,1037,03/10/2025,False
2484,The Villages of Briar Forest,0422,1x1,690,1037,03/11/2025,False
2485,The Villages of Briar Forest,0422,1x1,690,1037,03/12/2025,False
2486,The Villages of Briar Forest,0422,1x1,690,1037,03/13/2025,False
2487,The Villages of Briar Forest,0422,1x1,690,1037,03/14/2025,False
2488,The Villages of Briar Forest,0422,1x1,690,1037,03/15/2025,False
2489,The Villages of Briar Forest,0422,1x1,690,1037,03/16/2025,False
2490,The Villages of Briar Forest,0422,1x1,690,1037,03/17/2025,False
2491,The Villages of Briar Forest,0422,1x1,690,1037,03/18/2025,False
2492,The Villages of Briar Forest,0422,1x1,690,1037,03/19/2025,False
2493,The Villages of Briar Forest,0422,1x1,690,1037,03/20/2025,True
2494,The Villages of Briar Forest,0423,1x1,690,1284,06/17/2023,False
2495,The Villages of Briar Forest,0423,1x1,690,1284,06/18/2023,False
2496,The Villages of Briar Forest,0423,1x1,690,1279,06/19/2023,False
2497,The Villages of Briar Forest,0423,1x1,690,1274,06/20/2023,False
2498,The Villages of Briar Forest,0423,1x1,690,1294,06/21/2023,False
2499,The Villages of Briar Forest,0423,1x1,690,1294,06/22/2023,True
2500,The Villages of Briar Forest,0423,1x1,690,1232,03/30/2024,False
2501,The Villages of Briar Forest,0423,1x1,690,1232,03/31/2024,False
2502,The Villages of Briar Forest,0423,1x1,690,1232,04/01/2024,False
2503,The Villages of Briar Forest,0423,1x1,690,1232,04/02/2024,False
2504,The Villages of Briar Forest,0423,1x1,690,1232,04/03/2024,False
2505,The Villages of Briar Forest,0423,1x1,690,1232,04/04/2024,False
2506,The Villages of Briar Forest,0423,1x1,690,1232,04/05/2024,False
2507,The Villages of Briar Forest,0423,1x1,690,1257,04/06/2024,False
2508,The Villages of Briar Forest,0423,1x1,690,1257,04/07/2024,False
2509,The Villages of Briar Forest,0423,1x1,690,1257,04/08/2024,False
2510,The Villages of Briar Forest,0423,1x1,690,1257,04/09/2024,False
2511,The Villages of Briar Forest,0423,1x1,690,1257,04/10/2024,False
2512,The Villages of Briar Forest,0423,1x1,690,1262,04/11/2024,False
2513,The Villages of Briar Forest,0423,1x1,690,1262,04/12/2024,False
2514,The Villages of Briar Forest,0423,1x1,690,1257,04/13/2024,False
2515,The Villages of Briar Forest,0423,1x1,690,1257,04/14/2024,False
2516,The Villages of Briar Forest,0423,1x1,690,1257,04/15/2024,False
2517,The Villages of Briar Forest,0423,1x1,690,1257,04/16/2024,False
2518,The Villages of Briar Forest,0423,1x1,690,1257,04/17/2024,False
2519,The Villages of Briar Forest,0423,1x1,690,1257,04/18/2024,False
2520,The Villages of Briar Forest,0423,1x1,690,1252,04/19/2024,False
2521,The Villages of Briar Forest,0423,1x1,690,1252,04/20/2024,False
2522,The Villages of Briar Forest,0423,1x1,690,1252,04/21/2024,False
2523,The Villages of Briar Forest,0423,1x1,690,1252,04/22/2024,False
2524,The Villages of Briar Forest,0423,1x1,690,1252,04/23/2024,False
2525,The Villages of Briar Forest,0423,1x1,690,1252,04/24/2024,False
2526,The Villages of Briar Forest,0423,1x1,690,1252,04/25/2024,False
2527,The Villages of Briar Forest,0423,1x1,690,1227,04/26/2024,False
2528,The Villages of Briar Forest,0423,1x1,690,1227,04/27/2024,False
2529,The Villages of Briar Forest,0423,1x1,690,1222,04/28/2024,False
2530,The Villages of Briar Forest,0423,1x1,690,1222,04/29/2024,False
2531,The Villages of Briar Forest,0423,1x1,690,1222,04/30/2024,False
2532,The Villages of Briar Forest,0423,1x1,690,1222,05/01/2024,False
2533,The Villages of Briar Forest,0423,1x1,690,1222,05/02/2024,False
2534,The Villages of Briar Forest,0423,1x1,690,1222,05/03/2024,False
2535,The Villages of Briar Forest,0423,1x1,690,1222,05/04/2024,False
2536,The Villages of Briar Forest,0423,1x1,690,1222,05/05/2024,False
2537,The Villages of Briar Forest,0423,1x1,690,1217,05/06/2024,False
2538,The Villages of Briar Forest,0423,1x1,690,1217,05/07/2024,False
2539,The Villages of Briar Forest,0423,1x1,690,1217,05/08/2024,False
2540,The Villages of Briar Forest,0423,1x1,690,1217,05/09/2024,False
2541,The Villages of Briar Forest,0423,1x1,690,1197,05/10/2024,False
2542,The Villages of Briar Forest,0423,1x1,690,1197,05/11/2024,False
2543,The Villages of Briar Forest,0423,1x1,690,1197,05/12/2024,False
2544,The Villages of Briar Forest,0423,1x1,690,1197,05/13/2024,False
2545,The Villages of Briar Forest,0423,1x1,690,1197,05/14/2024,False
2546,The Villages of Briar Forest,0423,1x1,690,1197,05/15/2024,False
2547,The Villages of Briar Forest,0423,1x1,690,1197,05/16/2024,False
2548,The Villages of Briar Forest,0423,1x1,690,1197,05/17/2024,True
2549,The Villages of Briar Forest,0423,1x1,690,1157,02/13/2025,False
2550,The Villages of Briar Forest,0423,1x1,690,1172,02/14/2025,False
2551,The Villages of Briar Forest,0423,1x1,690,1172,02/15/2025,False
2552,The Villages of Briar Forest,0423,1x1,690,1172,02/16/2025,False
2553,The Villages of Briar Forest,0423,1x1,690,1172,02/17/2025,False
2554,The Villages of Briar Forest,0423,1x1,690,1172,02/18/2025,False
2555,The Villages of Briar Forest,0423,1x1,690,1172,02/19/2025,False
2556,The Villages of Briar Forest,0423,1x1,690,1172,02/20/2025,False
2557,The Villages of Briar Forest,0423,1x1,690,1172,02/21/2025,False
2558,The Villages of Briar Forest,0423,1x1,690,1172,02/22/2025,False
2559,The Villages of Briar Forest,0423,1x1,690,1172,02/23/2025,False
2560,The Villages of Briar Forest,0423,1x1,690,1172,02/24/2025,False
2561,The Villages of Briar Forest,0423,1x1,690,1172,02/25/2025,False
2562,The Villages of Briar Forest,0423,1x1,690,1172,02/26/2025,False
2563,The Villages of Briar Forest,0423,1x1,690,1172,02/27/2025,False
2564,The Villages of Briar Forest,0423,1x1,690,1147,02/28/2025,False
2565,The Villages of Briar Forest,0423,1x1,690,1147,03/01/2025,False
2566,The Villages of Briar Forest,0423,1x1,690,1147,03/02/2025,False
2567,The Villages of Briar Forest,0423,1x1,690,1147,03/03/2025,False
2568,The Villages of Briar Forest,0423,1x1,690,1147,03/04/2025,False
2569,The Villages of Briar Forest,0423,1x1,690,1147,03/05/2025,False
2570,The Villages of Briar Forest,0423,1x1,690,1147,03/06/2025,False
2571,The Villages of Briar Forest,0423,1x1,690,1162,03/07/2025,False
2572,The Villages of Briar Forest,0423,1x1,690,1162,03/08/2025,False
2573,The Villages of Briar Forest,0423,1x1,690,1162,03/09/2025,False
2574,The Villages of Briar Forest,0423,1x1,690,1162,03/10/2025,False
2575,The Villages of Briar Forest,0423,1x1,690,1162,03/11/2025,False
2576,The Villages of Briar Forest,0423,1x1,690,1162,03/12/2025,False
2577,The Villages of Briar Forest,0423,1x1,690,1162,03/13/2025,False
2578,The Villages of Briar Forest,0423,1x1,690,1162,03/14/2025,False
2579,The Villages of Briar Forest,0423,1x1,690,1162,03/15/2025,False
2580,The Villages of Briar Forest,0423,1x1,690,1162,03/16/2025,False
2581,The Villages of Briar Forest,0423,1x1,690,1162,03/17/2025,False
2582,The Villages of Briar Forest,0423,1x1,690,1162,03/18/2025,False
2583,The Villages of Briar Forest,0423,1x1,690,1162,03/19/2025,False
2584,The Villages of Briar Forest,0423,1x1,690,1162,03/20/2025,False
2585,The Villages of Briar Forest,0423,1x1,690,1162,03/21/2025,False
2586,The Villages of Briar Forest,0423,1x1,690,1162,03/22/2025,False
2587,The Villages of Briar Forest,0423,1x1,690,1162,03/23/2025,False
2588,The Villages of Briar Forest,0423,1x1,690,1162,03/24/2025,False
2589,The Villages of Briar Forest,0423,1x1,690,1380,03/25/2025,False
2590,The Villages of Briar Forest,0423,1x1,690,1380,03/26/2025,True
2591,The Villages of Briar Forest,0424,2x1,924,1268,06/22/2023,False
2592,The Villages of Briar Forest,0424,2x1,924,1333,06/23/2023,False
2593,The Villages of Briar Forest,0424,2x1,924,1303,06/24/2023,False
2594,The Villages of Briar Forest,0424,2x1,924,1288,06/25/2023,False
2595,The Villages of Briar Forest,0424,2x1,924,1278,06/26/2023,False
2596,The Villages of Briar Forest,0424,2x1,924,1468,06/27/2023,False
2597,The Villages of Briar Forest,0424,2x1,924,1468,06/28/2023,False
2598,The Villages of Briar Forest,0424,2x1,924,1503,06/29/2023,False
2599,The Villages of Briar Forest,0424,2x1,924,1543,06/30/2023,False
2600,The Villages of Briar Forest,0424,2x1,924,1468,07/01/2023,False
2601,The Villages of Briar Forest,0424,2x1,924,1468,07/02/2023,False
2602,The Villages of Briar Forest,0424,2x1,924,1468,07/03/2023,False
2603,The Villages of Briar Forest,0424,2x1,924,1468,07/04/2023,False
2604,The Villages of Briar Forest,0424,2x1,924,1468,07/05/2023,False
2605,The Villages of Briar Forest,0424,2x1,924,1468,07/06/2023,False
2606,The Villages of Briar Forest,0424,2x1,924,1468,07/07/2023,False
2607,The Villages of Briar Forest,0424,2x1,924,1468,07/08/2023,False
2608,The Villages of Briar Forest,0424,2x1,924,1468,07/09/2023,False
2609,The Villages of Briar Forest,0424,2x1,924,1468,07/10/2023,False
2610,The Villages of Briar Forest,0424,2x1,924,1353,07/11/2023,False
2611,The Villages of Briar Forest,0424,2x1,924,1353,07/12/2023,False
2612,The Villages of Briar Forest,0424,2x1,924,1396,07/13/2023,False
2613,The Villages of Briar Forest,0424,2x1,924,1294,07/14/2023,False
2614,The Villages of Briar Forest,0424,2x1,924,1369,07/15/2023,False
2615,The Villages of Briar Forest,0424,2x1,924,1369,07/16/2023,False
2616,The Villages of Briar Forest,0424,2x1,924,1369,07/17/2023,False
2617,The Villages of Briar Forest,0424,2x1,924,1369,07/18/2023,False
2618,The Villages of Briar Forest,0424,2x1,924,1369,07/19/2023,False
2619,The Villages of Briar Forest,0424,2x1,924,1306,07/20/2023,False
2620,The Villages of Briar Forest,0424,2x1,924,1306,07/21/2023,False
2621,The Villages of Briar Forest,0424,2x1,924,1306,07/22/2023,False
2622,The Villages of Briar Forest,0424,2x1,924,1306,07/23/2023,False
2623,The Villages of Briar Forest,0424,2x1,924,1306,07/24/2023,False
2624,The Villages of Briar Forest,0424,2x1,924,1306,07/25/2023,False
2625,The Villages of Briar Forest,0424,2x1,924,1236,07/26/2023,False
2626,The Villages of Briar Forest,0424,2x1,924,1236,07/27/2023,False
2627,The Villages of Briar Forest,0424,2x1,924,1236,07/28/2023,False
2628,The Villages of Briar Forest,0424,2x1,924,1296,07/29/2023,False
2629,The Villages of Briar Forest,0424,2x1,924,1296,07/30/2023,False
2630,The Villages of Briar Forest,0424,2x1,924,1296,07/31/2023,False
2631,The Villages of Briar Forest,0424,2x1,924,1296,08/01/2023,False
2632,The Villages of Briar Forest,0424,2x1,924,1296,08/02/2023,False
2633,The Villages of Briar Forest,0424,2x1,924,1296,08/03/2023,False
2634,The Villages of Briar Forest,0424,2x1,924,1296,08/04/2023,False
2635,The Villages of Briar Forest,0424,2x1,924,1296,08/05/2023,False
2636,The Villages of Briar Forest,0424,2x1,924,1296,08/06/2023,False
2637,The Villages of Briar Forest,0424,2x1,924,1296,08/07/2023,False
2638,The Villages of Briar Forest,0424,2x1,924,1296,08/08/2023,False
2639,The Villages of Briar Forest,0424,2x1,924,1296,08/09/2023,False
2640,The Villages of Briar Forest,0424,2x1,924,1296,08/10/2023,False
2641,The Villages of Briar Forest,0424,2x1,924,1296,08/11/2023,False
2642,The Villages of Briar Forest,0424,2x1,924,1296,08/12/2023,False
2643,The Villages of Briar Forest,0424,2x1,924,1296,08/13/2023,False
2644,The Villages of Briar Forest,0424,2x1,924,1296,08/14/2023,False
2645,The Villages of Briar Forest,0424,2x1,924,1296,08/15/2023,False
2646,The Villages of Briar Forest,0424,2x1,924,1303,08/16/2023,False
2647,The Villages of Briar Forest,0424,2x1,924,1307,08/17/2023,False
2648,The Villages of Briar Forest,0424,2x1,924,1311,08/18/2023,False
2649,The Villages of Briar Forest,0424,2x1,924,1314,08/19/2023,False
2650,The Villages of Briar Forest,0424,2x1,924,1318,08/20/2023,False
2651,The Villages of Briar Forest,0424,2x1,924,1322,08/21/2023,False
2652,The Villages of Briar Forest,0424,2x1,924,1326,08/22/2023,False
2653,The Villages of Briar Forest,0424,2x1,924,1329,08/23/2023,False
2654,The Villages of Briar Forest,0424,2x1,924,1333,08/24/2023,False
2655,The Villages of Briar Forest,0424,2x1,924,1359,08/25/2023,False
2656,The Villages of Briar Forest,0424,2x1,924,1359,08/26/2023,False
2657,The Villages of Briar Forest,0424,2x1,924,1359,08/27/2023,False
2658,The Villages of Briar Forest,0424,2x1,924,1359,08/28/2023,False
2659,The Villages of Briar Forest,0424,2x1,924,1359,08/29/2023,False
2660,The Villages of Briar Forest,0424,2x1,924,1359,08/30/2023,False
2661,The Villages of Briar Forest,0424,2x1,924,1359,08/31/2023,False
2662,The Villages of Briar Forest,0424,2x1,924,1359,09/01/2023,False
2663,The Villages of Briar Forest,0424,2x1,924,1359,09/02/2023,False
2664,The Villages of Briar Forest,0424,2x1,924,1359,09/03/2023,False
2665,The Villages of Briar Forest,0424,2x1,924,1359,09/04/2023,False
2666,The Villages of Briar Forest,0424,2x1,924,1359,09/05/2023,False
2667,The Villages of Briar Forest,0424,2x1,924,1359,09/06/2023,False
2668,The Villages of Briar Forest,0424,2x1,924,1359,09/07/2023,False
2669,The Villages of Briar Forest,0424,2x1,924,1359,09/08/2023,False
2670,The Villages of Briar Forest,0424,2x1,924,1359,09/09/2023,False
2671,The Villages of Briar Forest,0424,2x1,924,1359,09/10/2023,False
2672,The Villages of Briar Forest,0424,2x1,924,1359,09/11/2023,False
2673,The Villages of Briar Forest,0424,2x1,924,1359,09/12/2023,False
2674,The Villages of Briar Forest,0424,2x1,924,1347,09/13/2023,False
2675,The Villages of Briar Forest,0424,2x1,924,1347,09/14/2023,False
2676,The Villages of Briar Forest,0424,2x1,924,1347,09/15/2023,False
2677,The Villages of Briar Forest,0424,2x1,924,1347,09/16/2023,False
2678,The Villages of Briar Forest,0424,2x1,924,1347,09/17/2023,False
2679,The Villages of Briar Forest,0424,2x1,924,1347,09/18/2023,False
2680,The Villages of Briar Forest,0424,2x1,924,1347,09/19/2023,False
2681,The Villages of Briar Forest,0424,2x1,924,1347,09/20/2023,False
2682,The Villages of Briar Forest,0424,2x1,924,1347,09/21/2023,False
2683,The Villages of Briar Forest,0424,2x1,924,1347,09/22/2023,False
2684,The Villages of Briar Forest,0424,2x1,924,1347,09/23/2023,False
2685,The Villages of Briar Forest,0424,2x1,924,1347,09/24/2023,False
2686,The Villages of Briar Forest,0424,2x1,924,1347,09/25/2023,False
2687,The Villages of Briar Forest,0424,2x1,924,1347,09/26/2023,False
2688,The Villages of Briar Forest,0424,2x1,924,1347,09/27/2023,False
2689,The Villages of Briar Forest,0424,2x1,924,1347,09/28/2023,False
2690,The Villages of Briar Forest,0424,2x1,924,1347,09/29/2023,False
2691,The Villages of Briar Forest,0424,2x1,924,1347,09/30/2023,False
2692,The Villages of Briar Forest,0424,2x1,924,1347,10/01/2023,False
2693,The Villages of Briar Forest,0424,2x1,924,1347,10/02/2023,False
2694,The Villages of Briar Forest,0424,2x1,924,1347,10/03/2023,False
2695,The Villages of Briar Forest,0424,2x1,924,1347,10/04/2023,False
2696,The Villages of Briar Forest,0424,2x1,924,1284,10/05/2023,False
2697,The Villages of Briar Forest,0424,2x1,924,1310,10/06/2023,False
2698,The Villages of Briar Forest,0424,2x1,924,1310,10/07/2023,False
2699,The Villages of Briar Forest,0424,2x1,924,1290,10/08/2023,False
2700,The Villages of Briar Forest,0424,2x1,924,1290,10/09/2023,False
2701,The Villages of Briar Forest,0424,2x1,924,1290,10/10/2023,False
2702,The Villages of Briar Forest,0424,2x1,924,1290,10/11/2023,False
2703,The Villages of Briar Forest,0424,2x1,924,1290,10/12/2023,False
2704,The Villages of Briar Forest,0424,2x1,924,1290,10/13/2023,False
2705,The Villages of Briar Forest,0424,2x1,924,1244,10/14/2023,False
2706,The Villages of Briar Forest,0424,2x1,924,1244,10/15/2023,False
2707,The Villages of Briar Forest,0424,2x1,924,1244,10/16/2023,False
2708,The Villages of Briar Forest,0424,2x1,924,1244,10/17/2023,False
2709,The Villages of Briar Forest,0424,2x1,924,1244,10/18/2023,False
2710,The Villages of Briar Forest,0424,2x1,924,1244,10/19/2023,False
2711,The Villages of Briar Forest,0424,2x1,924,1244,10/20/2023,False
2712,The Villages of Briar Forest,0424,2x1,924,1244,10/21/2023,False
2713,The Villages of Briar Forest,0424,2x1,924,1244,10/22/2023,False
2714,The Villages of Briar Forest,0424,2x1,924,1244,10/23/2023,False
2715,The Villages of Briar Forest,0424,2x1,924,1244,10/24/2023,False
2716,The Villages of Briar Forest,0424,2x1,924,1244,10/25/2023,False
2717,The Villages of Briar Forest,0424,2x1,924,1244,10/26/2023,False
2718,The Villages of Briar Forest,0424,2x1,924,1244,10/27/2023,False
2719,The Villages of Briar Forest,0424,2x1,924,1244,10/28/2023,False
2720,The Villages of Briar Forest,0424,2x1,924,1244,10/29/2023,False
2721,The Villages of Briar Forest,0424,2x1,924,1244,10/30/2023,False
2722,The Villages of Briar Forest,0424,2x1,924,1244,10/31/2023,False
2723,The Villages of Briar Forest,0424,2x1,924,1307,11/01/2023,False
2724,The Villages of Briar Forest,0424,2x1,924,1307,11/02/2023,False
2725,The Villages of Briar Forest,0424,2x1,924,1192,11/03/2023,False
2726,The Villages of Briar Forest,0424,2x1,924,1192,11/04/2023,False
2727,The Villages of Briar Forest,0424,2x1,924,1192,11/05/2023,False
2728,The Villages of Briar Forest,0424,2x1,924,1192,11/06/2023,False
2729,The Villages of Briar Forest,0424,2x1,924,1192,11/07/2023,False
2730,The Villages of Briar Forest,0424,2x1,924,1192,11/08/2023,False
2731,The Villages of Briar Forest,0424,2x1,924,1192,11/09/2023,False
2732,The Villages of Briar Forest,0424,2x1,924,1182,11/10/2023,False
2733,The Villages of Briar Forest,0424,2x1,924,1182,11/11/2023,False
2734,The Villages of Briar Forest,0424,2x1,924,1182,11/12/2023,False
2735,The Villages of Briar Forest,0424,2x1,924,1182,11/13/2023,False
2736,The Villages of Briar Forest,0424,2x1,924,1182,11/14/2023,False
2737,The Villages of Briar Forest,0424,2x1,924,1182,11/15/2023,False
2738,The Villages of Briar Forest,0424,2x1,924,1182,11/16/2023,False
2739,The Villages of Briar Forest,0424,2x1,924,1212,11/17/2023,False
2740,The Villages of Briar Forest,0424,2x1,924,1212,11/18/2023,False
2741,The Villages of Briar Forest,0424,2x1,924,1212,11/19/2023,False
2742,The Villages of Briar Forest,0424,2x1,924,1212,11/20/2023,False
2743,The Villages of Briar Forest,0424,2x1,924,1212,11/21/2023,False
2744,The Villages of Briar Forest,0424,2x1,924,1212,11/22/2023,False
2745,The Villages of Briar Forest,0424,2x1,924,1212,11/23/2023,False
2746,The Villages of Briar Forest,0424,2x1,924,1212,11/24/2023,False
2747,The Villages of Briar Forest,0424,2x1,924,1212,11/25/2023,False
2748,The Villages of Briar Forest,0424,2x1,924,1212,11/26/2023,False
2749,The Villages of Briar Forest,0424,2x1,924,1212,11/27/2023,False
2750,The Villages of Briar Forest,0424,2x1,924,1212,11/28/2023,False
2751,The Villages of Briar Forest,0424,2x1,924,1212,11/29/2023,False
2752,The Villages of Briar Forest,0424,2x1,924,1212,11/30/2023,True
2753,The Villages of Briar Forest,0425,2x1,924,1307,05/13/2024,False
2754,The Villages of Briar Forest,0425,2x1,924,1307,05/14/2024,False
2755,The Villages of Briar Forest,0425,2x1,924,1307,05/15/2024,False
2756,The Villages of Briar Forest,0425,2x1,924,1307,05/16/2024,False
2757,The Villages of Briar Forest,0425,2x1,924,1307,05/17/2024,False
2758,The Villages of Briar Forest,0425,2x1,924,1307,05/18/2024,False
2759,The Villages of Briar Forest,0425,2x1,924,1307,05/19/2024,False
2760,The Villages of Briar Forest,0425,2x1,924,1307,05/20/2024,False
2761,The Villages of Briar Forest,0425,2x1,924,1307,05/21/2024,False
2762,The Villages of Briar Forest,0425,2x1,924,1307,05/22/2024,False
2763,The Villages of Briar Forest,0425,2x1,924,1307,05/23/2024,False
2764,The Villages of Briar Forest,0425,2x1,924,1317,05/24/2024,False
2765,The Villages of Briar Forest,0425,2x1,924,1358,05/25/2024,False
2766,The Villages of Briar Forest,0425,2x1,924,1358,05/26/2024,False
2767,The Villages of Briar Forest,0425,2x1,924,1358,05/27/2024,False
2768,The Villages of Briar Forest,0425,2x1,924,1358,05/28/2024,False
2769,The Villages of Briar Forest,0425,2x1,924,1312,05/29/2024,False
2770,The Villages of Briar Forest,0425,2x1,924,1353,05/30/2024,False
2771,The Villages of Briar Forest,0425,2x1,924,1312,05/31/2024,False
2772,The Villages of Briar Forest,0425,2x1,924,1312,06/01/2024,False
2773,The Villages of Briar Forest,0425,2x1,924,1312,06/02/2024,False
2774,The Villages of Briar Forest,0425,2x1,924,1312,06/03/2024,False
2775,The Villages of Briar Forest,0425,2x1,924,1320,06/04/2024,False
2776,The Villages of Briar Forest,0425,2x1,924,1312,06/05/2024,False
2777,The Villages of Briar Forest,0425,2x1,924,1312,06/06/2024,False
2778,The Villages of Briar Forest,0425,2x1,924,1312,06/07/2024,False
2779,The Villages of Briar Forest,0425,2x1,924,1353,06/08/2024,False
2780,The Villages of Briar Forest,0425,2x1,924,1353,06/09/2024,False
2781,The Villages of Briar Forest,0425,2x1,924,1287,06/10/2024,False
2782,The Villages of Briar Forest,0425,2x1,924,1287,06/11/2024,False
2783,The Villages of Briar Forest,0425,2x1,924,1287,06/12/2024,False
2784,The Villages of Briar Forest,0425,2x1,924,1287,06/13/2024,False
2785,The Villages of Briar Forest,0425,2x1,924,1287,06/14/2024,False
2786,The Villages of Briar Forest,0425,2x1,924,1287,06/15/2024,False
2787,The Villages of Briar Forest,0425,2x1,924,1287,06/16/2024,False
2788,The Villages of Briar Forest,0425,2x1,924,1287,06/17/2024,False
2789,The Villages of Briar Forest,0425,2x1,924,1287,06/18/2024,False
2790,The Villages of Briar Forest,0425,2x1,924,1287,06/19/2024,False
2791,The Villages of Briar Forest,0425,2x1,924,1287,06/20/2024,False
2792,The Villages of Briar Forest,0425,2x1,924,1287,06/21/2024,False
2793,The Villages of Briar Forest,0425,2x1,924,1287,06/22/2024,False
2794,The Villages of Briar Forest,0425,2x1,924,1287,06/23/2024,False
2795,The Villages of Briar Forest,0425,2x1,924,1287,06/24/2024,False
2796,The Villages of Briar Forest,0425,2x1,924,1332,06/25/2024,False
2797,The Villages of Briar Forest,0425,2x1,924,1332,06/26/2024,False
2798,The Villages of Briar Forest,0425,2x1,924,1333,06/27/2024,False
2799,The Villages of Briar Forest,0425,2x1,924,1280,06/28/2024,False
2800,The Villages of Briar Forest,0425,2x1,924,1280,06/29/2024,False
2801,The Villages of Briar Forest,0425,2x1,924,1280,06/30/2024,False
2802,The Villages of Briar Forest,0425,2x1,924,1280,07/01/2024,False
2803,The Villages of Briar Forest,0425,2x1,924,1234,07/02/2024,False
2804,The Villages of Briar Forest,0425,2x1,924,1234,07/03/2024,False
2805,The Villages of Briar Forest,0425,2x1,924,1234,07/04/2024,False
2806,The Villages of Briar Forest,0425,2x1,924,1234,07/05/2024,False
2807,The Villages of Briar Forest,0425,2x1,924,1234,07/06/2024,False
2808,The Villages of Briar Forest,0425,2x1,924,1234,07/07/2024,False
2809,The Villages of Briar Forest,0425,2x1,924,1234,07/08/2024,False
2810,The Villages of Briar Forest,0425,2x1,924,1234,07/09/2024,False
2811,The Villages of Briar Forest,0425,2x1,924,1234,07/10/2024,False
2812,The Villages of Briar Forest,0425,2x1,924,1234,07/11/2024,False
2813,The Villages of Briar Forest,0425,2x1,924,1234,07/12/2024,False
2814,The Villages of Briar Forest,0425,2x1,924,1234,07/13/2024,False
2815,The Villages of Briar Forest,0425,2x1,924,1234,07/14/2024,False
2816,The Villages of Briar Forest,0425,2x1,924,1234,07/15/2024,False
2817,The Villages of Briar Forest,0425,2x1,924,1234,07/16/2024,False
2818,The Villages of Briar Forest,0425,2x1,924,1234,07/17/2024,False
2819,The Villages of Briar Forest,0425,2x1,924,1229,07/18/2024,False
2820,The Villages of Briar Forest,0425,2x1,924,1229,07/19/2024,False
2821,The Villages of Briar Forest,0425,2x1,924,1229,07/20/2024,False
2822,The Villages of Briar Forest,0425,2x1,924,1229,07/21/2024,False
2823,The Villages of Briar Forest,0425,2x1,924,1229,07/22/2024,False
2824,The Villages of Briar Forest,0425,2x1,924,1229,07/23/2024,False
2825,The Villages of Briar Forest,0425,2x1,924,1229,07/24/2024,False
2826,The Villages of Briar Forest,0425,2x1,924,1229,07/25/2024,False
2827,The Villages of Briar Forest,0425,2x1,924,1229,07/26/2024,False
2828,The Villages of Briar Forest,0425,2x1,924,1229,07/27/2024,False
2829,The Villages of Briar Forest,0425,2x1,924,1229,07/28/2024,False
2830,The Villages of Briar Forest,0425,2x1,924,1229,07/29/2024,False
2831,The Villages of Briar Forest,0425,2x1,924,1229,07/30/2024,False
2832,The Villages of Briar Forest,0425,2x1,924,1229,07/31/2024,False
2833,The Villages of Briar Forest,0425,2x1,924,1229,08/01/2024,False
2834,The Villages of Briar Forest,0425,2x1,924,1229,08/02/2024,False
2835,The Villages of Briar Forest,0425,2x1,924,1222,08/03/2024,False
2836,The Villages of Briar Forest,0425,2x1,924,1222,08/04/2024,True
2837,The Villages of Briar Forest,0426,1x1,690,1019,09/30/2023,False
2838,The Villages of Briar Forest,0426,1x1,690,1022,10/01/2023,False
2839,The Villages of Briar Forest,0426,1x1,690,1022,10/02/2023,False
2840,The Villages of Briar Forest,0426,1x1,690,1022,10/03/2023,False
2841,The Villages of Briar Forest,0426,1x1,690,1022,10/04/2023,False
2842,The Villages of Briar Forest,0426,1x1,690,1022,10/05/2023,False
2843,The Villages of Briar Forest,0426,1x1,690,1047,10/06/2023,False
2844,The Villages of Briar Forest,0426,1x1,690,962,10/07/2023,False
2845,The Villages of Briar Forest,0426,1x1,690,962,10/08/2023,False
2846,The Villages of Briar Forest,0426,1x1,690,962,10/09/2023,False
2847,The Villages of Briar Forest,0426,1x1,690,962,10/10/2023,False
2848,The Villages of Briar Forest,0426,1x1,690,962,10/11/2023,False
2849,The Villages of Briar Forest,0426,1x1,690,962,10/12/2023,False
2850,The Villages of Briar Forest,0426,1x1,690,962,10/13/2023,False
2851,The Villages of Briar Forest,0426,1x1,690,962,10/14/2023,False
2852,The Villages of Briar Forest,0426,1x1,690,962,10/15/2023,False
2853,The Villages of Briar Forest,0426,1x1,690,962,10/16/2023,False
2854,The Villages of Briar Forest,0426,1x1,690,962,10/17/2023,False
2855,The Villages of Briar Forest,0426,1x1,690,962,10/18/2023,False
2856,The Villages of Briar Forest,0426,1x1,690,962,10/19/2023,False
2857,The Villages of Briar Forest,0426,1x1,690,962,10/20/2023,False
2858,The Villages of Briar Forest,0426,1x1,690,1082,10/21/2023,False
2859,The Villages of Briar Forest,0426,1x1,690,1082,10/22/2023,False
2860,The Villages of Briar Forest,0426,1x1,690,1082,10/23/2023,False
2861,The Villages of Briar Forest,0426,1x1,690,1082,10/24/2023,False
2862,The Villages of Briar Forest,0426,1x1,690,1082,10/25/2023,False
2863,The Villages of Briar Forest,0426,1x1,690,1082,10/26/2023,False
2864,The Villages of Briar Forest,0426,1x1,690,1082,10/27/2023,False
2865,The Villages of Briar Forest,0426,1x1,690,1082,10/28/2023,False
2866,The Villages of Briar Forest,0426,1x1,690,1082,10/29/2023,False
2867,The Villages of Briar Forest,0426,1x1,690,1082,10/30/2023,False
2868,The Villages of Briar Forest,0426,1x1,690,1082,10/31/2023,False
2869,The Villages of Briar Forest,0426,1x1,690,1082,11/01/2023,False
2870,The Villages of Briar Forest,0426,1x1,690,1082,11/02/2023,False
2871,The Villages of Briar Forest,0426,1x1,690,1082,11/03/2023,False
2872,The Villages of Briar Forest,0426,1x1,690,1082,11/04/2023,False
2873,The Villages of Briar Forest,0426,1x1,690,1082,11/05/2023,False
2874,The Villages of Briar Forest,0426,1x1,690,1082,11/06/2023,False
2875,The Villages of Briar Forest,0426,1x1,690,1082,11/07/2023,False
2876,The Villages of Briar Forest,0426,1x1,690,1082,11/08/2023,True
2877,The Villages of Briar Forest,0426,1x1,690,1147,02/28/2025,False
2878,The Villages of Briar Forest,0426,1x1,690,1147,03/01/2025,False
2879,The Villages of Briar Forest,0426,1x1,690,1147,03/02/2025,False
2880,The Villages of Briar Forest,0426,1x1,690,1147,03/03/2025,False
2881,The Villages of Briar Forest,0426,1x1,690,1147,03/04/2025,False
2882,The Villages of Briar Forest,0426,1x1,690,1147,03/05/2025,False
2883,The Villages of Briar Forest,0426,1x1,690,1147,03/06/2025,False
2884,The Villages of Briar Forest,0426,1x1,690,1162,03/07/2025,False
2885,The Villages of Briar Forest,0426,1x1,690,1162,03/08/2025,False
2886,The Villages of Briar Forest,0426,1x1,690,1162,03/09/2025,False
2887,The Villages of Briar Forest,0426,1x1,690,1162,03/10/2025,False
2888,The Villages of Briar Forest,0426,1x1,690,1162,03/11/2025,True
2889,The Villages of Briar Forest,0427,1x1,690,1313,06/17/2023,False
2890,The Villages of Briar Forest,0427,1x1,690,1313,06/18/2023,False
2891,The Villages of Briar Forest,0427,1x1,690,1308,06/19/2023,False
2892,The Villages of Briar Forest,0427,1x1,690,1308,06/20/2023,False
2893,The Villages of Briar Forest,0427,1x1,690,1284,06/21/2023,False
2894,The Villages of Briar Forest,0427,1x1,690,1284,06/22/2023,True
2895,The Villages of Briar Forest,0428,2x1,924,1367,06/17/2023,False
2896,The Villages of Briar Forest,0428,2x1,924,1367,06/18/2023,False
2897,The Villages of Briar Forest,0428,2x1,924,1367,06/19/2023,False
2898,The Villages of Briar Forest,0428,2x1,924,1367,06/20/2023,False
2899,The Villages of Briar Forest,0428,2x1,924,1367,06/21/2023,False
2900,The Villages of Briar Forest,0428,2x1,924,1367,06/22/2023,False
2901,The Villages of Briar Forest,0428,2x1,924,1367,06/23/2023,False
2902,The Villages of Briar Forest,0428,2x1,924,1367,06/24/2023,False
2903,The Villages of Briar Forest,0428,2x1,924,1367,06/25/2023,False
2904,The Villages of Briar Forest,0428,2x1,924,1367,06/26/2023,False
2905,The Villages of Briar Forest,0428,2x1,924,1542,06/27/2023,False
2906,The Villages of Briar Forest,0428,2x1,924,1542,06/28/2023,False
2907,The Villages of Briar Forest,0428,2x1,924,1542,06/29/2023,False
2908,The Villages of Briar Forest,0428,2x1,924,1542,06/30/2023,False
2909,The Villages of Briar Forest,0428,2x1,924,1542,07/01/2023,False
2910,The Villages of Briar Forest,0428,2x1,924,1542,07/02/2023,False
2911,The Villages of Briar Forest,0428,2x1,924,1542,07/03/2023,False
2912,The Villages of Briar Forest,0428,2x1,924,1542,07/04/2023,False
2913,The Villages of Briar Forest,0428,2x1,924,1542,07/05/2023,False
2914,The Villages of Briar Forest,0428,2x1,924,1542,07/06/2023,False
2915,The Villages of Briar Forest,0428,2x1,924,1542,07/07/2023,False
2916,The Villages of Briar Forest,0428,2x1,924,1522,07/08/2023,False
2917,The Villages of Briar Forest,0428,2x1,924,1522,07/09/2023,False
2918,The Villages of Briar Forest,0428,2x1,924,1522,07/10/2023,False
2919,The Villages of Briar Forest,0428,2x1,924,1432,07/11/2023,False
2920,The Villages of Briar Forest,0428,2x1,924,1478,07/12/2023,False
2921,The Villages of Briar Forest,0428,2x1,924,1478,07/13/2023,False
2922,The Villages of Briar Forest,0428,2x1,924,1432,07/14/2023,False
2923,The Villages of Briar Forest,0428,2x1,924,1442,07/15/2023,False
2924,The Villages of Briar Forest,0428,2x1,924,1442,07/16/2023,False
2925,The Villages of Briar Forest,0428,2x1,924,1442,07/17/2023,False
2926,The Villages of Briar Forest,0428,2x1,924,1417,07/18/2023,False
2927,The Villages of Briar Forest,0428,2x1,924,1417,07/19/2023,False
2928,The Villages of Briar Forest,0428,2x1,924,1354,07/20/2023,False
2929,The Villages of Briar Forest,0428,2x1,924,1354,07/21/2023,False
2930,The Villages of Briar Forest,0428,2x1,924,1354,07/22/2023,False
2931,The Villages of Briar Forest,0428,2x1,924,1354,07/23/2023,False
2932,The Villages of Briar Forest,0428,2x1,924,1354,07/24/2023,False
2933,The Villages of Briar Forest,0428,2x1,924,1354,07/25/2023,False
2934,The Villages of Briar Forest,0428,2x1,924,1424,07/26/2023,False
2935,The Villages of Briar Forest,0428,2x1,924,1424,07/27/2023,False
2936,The Villages of Briar Forest,0428,2x1,924,1424,07/28/2023,False
2937,The Villages of Briar Forest,0428,2x1,924,1424,07/29/2023,False
2938,The Villages of Briar Forest,0428,2x1,924,1424,07/30/2023,False
2939,The Villages of Briar Forest,0428,2x1,924,1424,07/31/2023,False
2940,The Villages of Briar Forest,0428,2x1,924,1424,08/01/2023,False
2941,The Villages of Briar Forest,0428,2x1,924,1504,08/02/2023,False
2942,The Villages of Briar Forest,0428,2x1,924,1580,08/03/2023,False
2943,The Villages of Briar Forest,0428,2x1,924,1616,08/04/2023,False
2944,The Villages of Briar Forest,0428,2x1,924,1616,08/05/2023,False
2945,The Villages of Briar Forest,0428,2x1,924,1616,08/06/2023,False
2946,The Villages of Briar Forest,0428,2x1,924,1616,08/07/2023,False
2947,The Villages of Briar Forest,0428,2x1,924,1616,08/08/2023,False
2948,The Villages of Briar Forest,0428,2x1,924,1616,08/09/2023,False
2949,The Villages of Briar Forest,0428,2x1,924,1616,08/10/2023,False
2950,The Villages of Briar Forest,0428,2x1,924,1616,08/11/2023,False
2951,The Villages of Briar Forest,0428,2x1,924,1616,08/12/2023,False
2952,The Villages of Briar Forest,0428,2x1,924,1616,08/13/2023,False
2953,The Villages of Briar Forest,0428,2x1,924,1616,08/14/2023,False
2954,The Villages of Briar Forest,0428,2x1,924,1502,08/15/2023,False
2955,The Villages of Briar Forest,0428,2x1,924,1504,08/16/2023,False
2956,The Villages of Briar Forest,0428,2x1,924,1508,08/17/2023,False
2957,The Villages of Briar Forest,0428,2x1,924,1521,08/18/2023,False
2958,The Villages of Briar Forest,0428,2x1,924,1525,08/19/2023,False
2959,The Villages of Briar Forest,0428,2x1,924,1529,08/20/2023,False
2960,The Villages of Briar Forest,0428,2x1,924,1534,08/21/2023,False
2961,The Villages of Briar Forest,0428,2x1,924,1538,08/22/2023,False
2962,The Villages of Briar Forest,0428,2x1,924,1542,08/23/2023,False
2963,The Villages of Briar Forest,0428,2x1,924,1547,08/24/2023,False
2964,The Villages of Briar Forest,0428,2x1,924,1577,08/25/2023,False
2965,The Villages of Briar Forest,0428,2x1,924,1577,08/26/2023,False
2966,The Villages of Briar Forest,0428,2x1,924,1577,08/27/2023,False
2967,The Villages of Briar Forest,0428,2x1,924,1577,08/28/2023,False
2968,The Villages of Briar Forest,0428,2x1,924,1577,08/29/2023,False
2969,The Villages of Briar Forest,0428,2x1,924,1577,08/30/2023,False
2970,The Villages of Briar Forest,0428,2x1,924,1579,08/31/2023,False
2971,The Villages of Briar Forest,0428,2x1,924,1562,09/01/2023,False
2972,The Villages of Briar Forest,0428,2x1,924,1499,09/02/2023,False
2973,The Villages of Briar Forest,0428,2x1,924,1499,09/03/2023,False
2974,The Villages of Briar Forest,0428,2x1,924,1499,09/04/2023,False
2975,The Villages of Briar Forest,0428,2x1,924,1499,09/05/2023,False
2976,The Villages of Briar Forest,0428,2x1,924,1499,09/06/2023,True
2977,The Villages of Briar Forest,0428,2x1,924,1397,02/14/2024,False
2978,The Villages of Briar Forest,0428,2x1,924,1397,02/15/2024,False
2979,The Villages of Briar Forest,0428,2x1,924,1397,02/16/2024,False
2980,The Villages of Briar Forest,0428,2x1,924,1377,02/17/2024,False
2981,The Villages of Briar Forest,0428,2x1,924,1377,02/18/2024,False
2982,The Villages of Briar Forest,0428,2x1,924,1377,02/19/2024,False
2983,The Villages of Briar Forest,0428,2x1,924,1377,02/20/2024,False
2984,The Villages of Briar Forest,0428,2x1,924,1377,02/21/2024,False
2985,The Villages of Briar Forest,0428,2x1,924,1377,02/22/2024,False
2986,The Villages of Briar Forest,0428,2x1,924,1377,02/23/2024,False
2987,The Villages of Briar Forest,0428,2x1,924,1377,02/24/2024,False
2988,The Villages of Briar Forest,0428,2x1,924,1377,02/25/2024,False
2989,The Villages of Briar Forest,0428,2x1,924,1347,02/26/2024,False
2990,The Villages of Briar Forest,0428,2x1,924,1377,02/27/2024,False
2991,The Villages of Briar Forest,0428,2x1,924,1377,02/28/2024,False
2992,The Villages of Briar Forest,0428,2x1,924,1347,02/29/2024,False
2993,The Villages of Briar Forest,0428,2x1,924,1347,03/01/2024,False
2994,The Villages of Briar Forest,0428,2x1,924,1347,03/02/2024,False
2995,The Villages of Briar Forest,0428,2x1,924,1347,03/03/2024,False
2996,The Villages of Briar Forest,0428,2x1,924,1347,03/04/2024,False
2997,The Villages of Briar Forest,0428,2x1,924,1347,03/05/2024,False
2998,The Villages of Briar Forest,0428,2x1,924,1347,03/06/2024,False
2999,The Villages of Briar Forest,0428,2x1,924,1347,03/07/2024,False
3000,The Villages of Briar Forest,0428,2x1,924,1347,03/08/2024,False
3001,The Villages of Briar Forest,0428,2x1,924,1342,03/09/2024,False
3002,The Villages of Briar Forest,0428,2x1,924,1342,03/10/2024,False
3003,The Villages of Briar Forest,0428,2x1,924,1342,03/11/2024,False
3004,The Villages of Briar Forest,0428,2x1,924,1342,03/12/2024,False
3005,The Villages of Briar Forest,0428,2x1,924,1342,03/13/2024,False
3006,The Villages of Briar Forest,0428,2x1,924,1342,03/14/2024,False
3007,The Villages of Briar Forest,0428,2x1,924,1342,03/15/2024,False
3008,The Villages of Briar Forest,0428,2x1,924,1372,03/16/2024,False
3009,The Villages of Briar Forest,0428,2x1,924,1372,03/17/2024,False
3010,The Villages of Briar Forest,0428,2x1,924,1372,03/18/2024,False
3011,The Villages of Briar Forest,0428,2x1,924,1372,03/19/2024,False
3012,The Villages of Briar Forest,0428,2x1,924,1372,03/20/2024,False
3013,The Villages of Briar Forest,0428,2x1,924,1372,03/21/2024,False
3014,The Villages of Briar Forest,0428,2x1,924,1517,03/22/2024,False
3015,The Villages of Briar Forest,0428,2x1,924,1517,03/23/2024,False
3016,The Villages of Briar Forest,0428,2x1,924,1517,03/24/2024,False
3017,The Villages of Briar Forest,0428,2x1,924,1517,03/25/2024,False
3018,The Villages of Briar Forest,0428,2x1,924,1517,03/26/2024,False
3019,The Villages of Briar Forest,0428,2x1,924,1517,03/27/2024,False
3020,The Villages of Briar Forest,0428,2x1,924,1517,03/28/2024,False
3021,The Villages of Briar Forest,0428,2x1,924,1517,03/29/2024,False
3022,The Villages of Briar Forest,0428,2x1,924,1517,03/30/2024,False
3023,The Villages of Briar Forest,0428,2x1,924,1517,03/31/2024,False
3024,The Villages of Briar Forest,0428,2x1,924,1517,04/01/2024,False
3025,The Villages of Briar Forest,0428,2x1,924,1517,04/02/2024,False
3026,The Villages of Briar Forest,0428,2x1,924,1517,04/03/2024,False
3027,The Villages of Briar Forest,0428,2x1,924,1517,04/04/2024,False
3028,The Villages of Briar Forest,0428,2x1,924,1517,04/05/2024,False
3029,The Villages of Briar Forest,0428,2x1,924,1572,04/06/2024,False
3030,The Villages of Briar Forest,0428,2x1,924,1572,04/07/2024,False
3031,The Villages of Briar Forest,0428,2x1,924,1572,04/08/2024,False
3032,The Villages of Briar Forest,0428,2x1,924,1572,04/09/2024,False
3033,The Villages of Briar Forest,0428,2x1,924,1572,04/10/2024,False
3034,The Villages of Briar Forest,0428,2x1,924,1572,04/11/2024,False
3035,The Villages of Briar Forest,0428,2x1,924,1572,04/12/2024,False
3036,The Villages of Briar Forest,0428,2x1,924,1522,04/13/2024,False
3037,The Villages of Briar Forest,0428,2x1,924,1522,04/14/2024,False
3038,The Villages of Briar Forest,0428,2x1,924,1522,04/15/2024,False
3039,The Villages of Briar Forest,0428,2x1,924,1522,04/16/2024,False
3040,The Villages of Briar Forest,0428,2x1,924,1522,04/17/2024,False
3041,The Villages of Briar Forest,0428,2x1,924,1522,04/18/2024,False
3042,The Villages of Briar Forest,0428,2x1,924,1522,04/19/2024,False
3043,The Villages of Briar Forest,0428,2x1,924,1522,04/20/2024,False
3044,The Villages of Briar Forest,0428,2x1,924,1522,04/21/2024,False
3045,The Villages of Briar Forest,0428,2x1,924,1522,04/22/2024,False
3046,The Villages of Briar Forest,0428,2x1,924,1522,04/23/2024,False
3047,The Villages of Briar Forest,0428,2x1,924,1522,04/24/2024,False
3048,The Villages of Briar Forest,0428,2x1,924,1522,04/25/2024,False
3049,The Villages of Briar Forest,0428,2x1,924,1497,04/26/2024,False
3050,The Villages of Briar Forest,0428,2x1,924,1497,04/27/2024,False
3051,The Villages of Briar Forest,0428,2x1,924,1497,04/28/2024,False
3052,The Villages of Briar Forest,0428,2x1,924,1497,04/29/2024,False
3053,The Villages of Briar Forest,0428,2x1,924,1497,04/30/2024,False
3054,The Villages of Briar Forest,0428,2x1,924,1497,05/01/2024,False
3055,The Villages of Briar Forest,0428,2x1,924,1497,05/02/2024,False
3056,The Villages of Briar Forest,0428,2x1,924,1497,05/03/2024,False
3057,The Villages of Briar Forest,0428,2x1,924,1497,05/04/2024,False
3058,The Villages of Briar Forest,0428,2x1,924,1497,05/05/2024,False
3059,The Villages of Briar Forest,0428,2x1,924,1497,05/06/2024,False
3060,The Villages of Briar Forest,0428,2x1,924,1497,05/07/2024,False
3061,The Villages of Briar Forest,0428,2x1,924,1497,05/08/2024,False
3062,The Villages of Briar Forest,0428,2x1,924,1497,05/09/2024,False
3063,The Villages of Briar Forest,0428,2x1,924,1480,05/10/2024,False
3064,The Villages of Briar Forest,0428,2x1,924,1480,05/11/2024,False
3065,The Villages of Briar Forest,0428,2x1,924,1480,05/12/2024,False
3066,The Villages of Briar Forest,0428,2x1,924,1480,05/13/2024,False
3067,The Villages of Briar Forest,0428,2x1,924,1480,05/14/2024,False
3068,The Villages of Briar Forest,0428,2x1,924,1480,05/15/2024,False
3069,The Villages of Briar Forest,0428,2x1,924,1480,05/16/2024,False
3070,The Villages of Briar Forest,0428,2x1,924,1480,05/17/2024,False
3071,The Villages of Briar Forest,0428,2x1,924,1480,05/18/2024,False
3072,The Villages of Briar Forest,0428,2x1,924,1480,05/19/2024,False
3073,The Villages of Briar Forest,0428,2x1,924,1480,05/20/2024,False
3074,The Villages of Briar Forest,0428,2x1,924,1480,05/21/2024,False
3075,The Villages of Briar Forest,0428,2x1,924,1480,05/22/2024,False
3076,The Villages of Briar Forest,0428,2x1,924,1402,05/23/2024,False
3077,The Villages of Briar Forest,0428,2x1,924,1417,05/24/2024,False
3078,The Villages of Briar Forest,0428,2x1,924,1418,05/25/2024,False
3079,The Villages of Briar Forest,0428,2x1,924,1418,05/26/2024,False
3080,The Villages of Briar Forest,0428,2x1,924,1418,05/27/2024,False
3081,The Villages of Briar Forest,0428,2x1,924,1418,05/28/2024,False
3082,The Villages of Briar Forest,0428,2x1,924,1428,05/29/2024,False
3083,The Villages of Briar Forest,0428,2x1,924,1412,05/30/2024,False
3084,The Villages of Briar Forest,0428,2x1,924,1428,05/31/2024,False
3085,The Villages of Briar Forest,0428,2x1,924,1428,06/01/2024,False
3086,The Villages of Briar Forest,0428,2x1,924,1428,06/02/2024,False
3087,The Villages of Briar Forest,0428,2x1,924,1428,06/03/2024,False
3088,The Villages of Briar Forest,0428,2x1,924,1431,06/04/2024,False
3089,The Villages of Briar Forest,0428,2x1,924,1428,06/05/2024,False
3090,The Villages of Briar Forest,0428,2x1,924,1428,06/06/2024,True
3091,The Villages of Briar Forest,0428,2x1,924,1502,03/06/2025,False
3092,The Villages of Briar Forest,0428,2x1,924,1507,03/07/2025,False
3093,The Villages of Briar Forest,0428,2x1,924,1502,03/08/2025,False
3094,The Villages of Briar Forest,0428,2x1,924,1502,03/09/2025,False
3095,The Villages of Briar Forest,0428,2x1,924,1507,03/10/2025,False
3096,The Villages of Briar Forest,0428,2x1,924,1507,03/11/2025,False
3097,The Villages of Briar Forest,0428,2x1,924,1507,03/12/2025,False
3098,The Villages of Briar Forest,0428,2x1,924,1507,03/13/2025,False
3099,The Villages of Briar Forest,0428,2x1,924,1507,03/14/2025,False
3100,The Villages of Briar Forest,0428,2x1,924,1507,03/15/2025,False
3101,The Villages of Briar Forest,0428,2x1,924,1507,03/16/2025,False
3102,The Villages of Briar Forest,0428,2x1,924,1507,03/17/2025,False
3103,The Villages of Briar Forest,0428,2x1,924,1507,03/18/2025,False
3104,The Villages of Briar Forest,0428,2x1,924,1442,03/19/2025,False
3105,The Villages of Briar Forest,0428,2x1,924,1442,03/20/2025,False
3106,The Villages of Briar Forest,0428,2x1,924,1442,03/21/2025,False
3107,The Villages of Briar Forest,0428,2x1,924,1442,03/22/2025,False
3108,The Villages of Briar Forest,0428,2x1,924,1442,03/23/2025,False
3109,The Villages of Briar Forest,0428,2x1,924,1442,03/24/2025,False
3110,The Villages of Briar Forest,0428,2x1,924,1595,03/25/2025,False
3111,The Villages of Briar Forest,0428,2x1,924,1595,03/26/2025,False
3112,The Villages of Briar Forest,0428,2x1,924,1595,03/27/2025,False
3113,The Villages of Briar Forest,0428,2x1,924,1595,03/28/2025,False
3114,The Villages of Briar Forest,0428,2x1,924,1595,03/29/2025,False
3115,The Villages of Briar Forest,0428,2x1,924,1595,03/30/2025,False
3116,The Villages of Briar Forest,0428,2x1,924,1595,03/31/2025,False
3117,The Villages of Briar Forest,0428,2x1,924,1595,04/01/2025,True
3118,The Villages of Briar Forest,0511,3x2,1256,1936,06/27/2024,False
3119,The Villages of Briar Forest,0511,3x2,1256,1956,06/28/2024,False
3120,The Villages of Briar Forest,0511,3x2,1256,1956,06/29/2024,False
3121,The Villages of Briar Forest,0511,3x2,1256,1956,06/30/2024,False
3122,The Villages of Briar Forest,0511,3x2,1256,1956,07/01/2024,False
3123,The Villages of Briar Forest,0511,3x2,1256,1905,07/02/2024,False
3124,The Villages of Briar Forest,0511,3x2,1256,1905,07/03/2024,False
3125,The Villages of Briar Forest,0511,3x2,1256,1905,07/04/2024,False
3126,The Villages of Briar Forest,0511,3x2,1256,1900,07/05/2024,False
3127,The Villages of Briar Forest,0511,3x2,1256,1900,07/06/2024,False
3128,The Villages of Briar Forest,0511,3x2,1256,1900,07/07/2024,False
3129,The Villages of Briar Forest,0511,3x2,1256,1905,07/08/2024,False
3130,The Villages of Briar Forest,0511,3x2,1256,1905,07/09/2024,False
3131,The Villages of Briar Forest,0511,3x2,1256,1905,07/10/2024,False
3132,The Villages of Briar Forest,0511,3x2,1256,1905,07/11/2024,False
3133,The Villages of Briar Forest,0511,3x2,1256,1905,07/12/2024,False
3134,The Villages of Briar Forest,0511,3x2,1256,1905,07/13/2024,False
3135,The Villages of Briar Forest,0511,3x2,1256,1905,07/14/2024,False
3136,The Villages of Briar Forest,0511,3x2,1256,1905,07/15/2024,False
3137,The Villages of Briar Forest,0511,3x2,1256,1905,07/16/2024,False
3138,The Villages of Briar Forest,0511,3x2,1256,1905,07/17/2024,False
3139,The Villages of Briar Forest,0511,3x2,1256,1905,07/18/2024,False
3140,The Villages of Briar Forest,0511,3x2,1256,1905,07/19/2024,False
3141,The Villages of Briar Forest,0511,3x2,1256,1905,07/20/2024,False
3142,The Villages of Briar Forest,0511,3x2,1256,1905,07/21/2024,False
3143,The Villages of Briar Forest,0511,3x2,1256,1905,07/22/2024,False
3144,The Villages of Briar Forest,0511,3x2,1256,1905,07/23/2024,False
3145,The Villages of Briar Forest,0511,3x2,1256,1905,07/24/2024,False
3146,The Villages of Briar Forest,0511,3x2,1256,1905,07/25/2024,False
3147,The Villages of Briar Forest,0511,3x2,1256,1905,07/26/2024,False
3148,The Villages of Briar Forest,0511,3x2,1256,1905,07/27/2024,False
3149,The Villages of Briar Forest,0511,3x2,1256,1905,07/28/2024,False
3150,The Villages of Briar Forest,0511,3x2,1256,1905,07/29/2024,False
3151,The Villages of Briar Forest,0511,3x2,1256,1905,07/30/2024,False
3152,The Villages of Briar Forest,0511,3x2,1256,1905,07/31/2024,False
3153,The Villages of Briar Forest,0511,3x2,1256,1905,08/01/2024,False
3154,The Villages of Briar Forest,0511,3x2,1256,1905,08/02/2024,False
3155,The Villages of Briar Forest,0511,3x2,1256,1915,08/03/2024,False
3156,The Villages of Briar Forest,0511,3x2,1256,1915,08/04/2024,False
3157,The Villages of Briar Forest,0511,3x2,1256,1915,08/05/2024,False
3158,The Villages of Briar Forest,0511,3x2,1256,1915,08/06/2024,False
3159,The Villages of Briar Forest,0511,3x2,1256,1915,08/07/2024,False
3160,The Villages of Briar Forest,0511,3x2,1256,1915,08/08/2024,False
3161,The Villages of Briar Forest,0511,3x2,1256,1915,08/09/2024,False
3162,The Villages of Briar Forest,0511,3x2,1256,1915,08/10/2024,False
3163,The Villages of Briar Forest,0511,3x2,1256,1915,08/11/2024,False
3164,The Villages of Briar Forest,0511,3x2,1256,1915,08/12/2024,False
3165,The Villages of Briar Forest,0511,3x2,1256,1990,08/13/2024,False
3166,The Villages of Briar Forest,0511,3x2,1256,1900,08/14/2024,False
3167,The Villages of Briar Forest,0511,3x2,1256,1900,08/15/2024,False
3168,The Villages of Briar Forest,0511,3x2,1256,1900,08/16/2024,False
3169,The Villages of Briar Forest,0511,3x2,1256,1900,08/17/2024,False
3170,The Villages of Briar Forest,0511,3x2,1256,1900,08/18/2024,False
3171,The Villages of Briar Forest,0511,3x2,1256,1900,08/19/2024,False
3172,The Villages of Briar Forest,0511,3x2,1256,1900,08/20/2024,False
3173,The Villages of Briar Forest,0511,3x2,1256,1900,08/21/2024,False
3174,The Villages of Briar Forest,0511,3x2,1256,1900,08/22/2024,False
3175,The Villages of Briar Forest,0511,3x2,1256,1900,08/23/2024,False
3176,The Villages of Briar Forest,0511,3x2,1256,1900,08/24/2024,False
3177,The Villages of Briar Forest,0511,3x2,1256,1900,08/25/2024,False
3178,The Villages of Briar Forest,0511,3x2,1256,1900,08/26/2024,False
3179,The Villages of Briar Forest,0511,3x2,1256,1900,08/27/2024,False
3180,The Villages of Briar Forest,0511,3x2,1256,1868,08/28/2024,False
3181,The Villages of Briar Forest,0511,3x2,1256,1868,08/29/2024,False
3182,The Villages of Briar Forest,0511,3x2,1256,1878,08/30/2024,False
3183,The Villages of Briar Forest,0511,3x2,1256,1881,08/31/2024,False
3184,The Villages of Briar Forest,0511,3x2,1256,1878,09/01/2024,False
3185,The Villages of Briar Forest,0511,3x2,1256,1878,09/02/2024,False
3186,The Villages of Briar Forest,0511,3x2,1256,1878,09/03/2024,False
3187,The Villages of Briar Forest,0511,3x2,1256,1878,09/04/2024,False
3188,The Villages of Briar Forest,0511,3x2,1256,1878,09/05/2024,False
3189,The Villages of Briar Forest,0511,3x2,1256,1878,09/06/2024,False
3190,The Villages of Briar Forest,0511,3x2,1256,1878,09/07/2024,False
3191,The Villages of Briar Forest,0511,3x2,1256,1881,09/08/2024,False
3192,The Villages of Briar Forest,0511,3x2,1256,1878,09/09/2024,False
3193,The Villages of Briar Forest,0511,3x2,1256,1878,09/10/2024,False
3194,The Villages of Briar Forest,0511,3x2,1256,1878,09/11/2024,False
3195,The Villages of Briar Forest,0511,3x2,1256,1881,09/12/2024,False
3196,The Villages of Briar Forest,0511,3x2,1256,1915,09/13/2024,False
3197,The Villages of Briar Forest,0511,3x2,1256,1915,09/14/2024,False
3198,The Villages of Briar Forest,0511,3x2,1256,1915,09/15/2024,False
3199,The Villages of Briar Forest,0511,3x2,1256,1915,09/16/2024,False
3200,The Villages of Briar Forest,0511,3x2,1256,1950,09/17/2024,False
3201,The Villages of Briar Forest,0511,3x2,1256,1930,09/18/2024,False
3202,The Villages of Briar Forest,0511,3x2,1256,1940,09/19/2024,False
3203,The Villages of Briar Forest,0511,3x2,1256,1950,09/20/2024,False
3204,The Villages of Briar Forest,0511,3x2,1256,1945,09/21/2024,False
3205,The Villages of Briar Forest,0511,3x2,1256,1945,09/22/2024,False
3206,The Villages of Briar Forest,0511,3x2,1256,1920,09/23/2024,False
3207,The Villages of Briar Forest,0511,3x2,1256,1920,09/24/2024,False
3208,The Villages of Briar Forest,0511,3x2,1256,1920,09/25/2024,False
3209,The Villages of Briar Forest,0511,3x2,1256,1920,09/26/2024,False
3210,The Villages of Briar Forest,0511,3x2,1256,1881,09/27/2024,False
3211,The Villages of Briar Forest,0511,3x2,1256,1881,09/28/2024,False
3212,The Villages of Briar Forest,0511,3x2,1256,1910,09/29/2024,False
3213,The Villages of Briar Forest,0511,3x2,1256,1889,09/30/2024,False
3214,The Villages of Briar Forest,0511,3x2,1256,1889,10/01/2024,False
3215,The Villages of Briar Forest,0511,3x2,1256,1887,10/02/2024,False
3216,The Villages of Briar Forest,0511,3x2,1256,1887,10/03/2024,False
3217,The Villages of Briar Forest,0511,3x2,1256,1882,10/04/2024,False
3218,The Villages of Briar Forest,0511,3x2,1256,1882,10/05/2024,False
3219,The Villages of Briar Forest,0511,3x2,1256,1882,10/06/2024,False
3220,The Villages of Briar Forest,0511,3x2,1256,1882,10/07/2024,False
3221,The Villages of Briar Forest,0511,3x2,1256,1897,10/08/2024,False
3222,The Villages of Briar Forest,0511,3x2,1256,1897,10/09/2024,False
3223,The Villages of Briar Forest,0511,3x2,1256,1852,10/10/2024,False
3224,The Villages of Briar Forest,0511,3x2,1256,1852,10/11/2024,False
3225,The Villages of Briar Forest,0511,3x2,1256,1847,10/12/2024,False
3226,The Villages of Briar Forest,0511,3x2,1256,1847,10/13/2024,False
3227,The Villages of Briar Forest,0511,3x2,1256,1847,10/14/2024,False
3228,The Villages of Briar Forest,0511,3x2,1256,1842,10/15/2024,False
3229,The Villages of Briar Forest,0511,3x2,1256,1837,10/16/2024,False
3230,The Villages of Briar Forest,0511,3x2,1256,1852,10/17/2024,False
3231,The Villages of Briar Forest,0511,3x2,1256,1832,10/18/2024,False
3232,The Villages of Briar Forest,0511,3x2,1256,1832,10/19/2024,False
3233,The Villages of Briar Forest,0511,3x2,1256,1832,10/20/2024,False
3234,The Villages of Briar Forest,0511,3x2,1256,1832,10/21/2024,False
3235,The Villages of Briar Forest,0511,3x2,1256,1838,10/22/2024,False
3236,The Villages of Briar Forest,0511,3x2,1256,1838,10/23/2024,False
3237,The Villages of Briar Forest,0511,3x2,1256,1838,10/24/2024,False
3238,The Villages of Briar Forest,0511,3x2,1256,1838,10/25/2024,False
3239,The Villages of Briar Forest,0511,3x2,1256,1838,10/26/2024,True
3240,The Villages of Briar Forest,0511,3x2,1256,1990,02/22/2025,False
3241,The Villages of Briar Forest,0511,3x2,1256,1990,02/23/2025,False
3242,The Villages of Briar Forest,0511,3x2,1256,1990,02/24/2025,False
3243,The Villages of Briar Forest,0511,3x2,1256,1990,02/25/2025,True
3244,The Villages of Briar Forest,0513,2x2,972,1350,12/01/2023,False
3245,The Villages of Briar Forest,0513,2x2,972,1350,12/02/2023,False
3246,The Villages of Briar Forest,0513,2x2,972,1350,12/03/2023,False
3247,The Villages of Briar Forest,0513,2x2,972,1350,12/04/2023,False
3248,The Villages of Briar Forest,0513,2x2,972,1350,12/05/2023,False
3249,The Villages of Briar Forest,0513,2x2,972,1350,12/06/2023,False
3250,The Villages of Briar Forest,0513,2x2,972,1350,12/07/2023,False
3251,The Villages of Briar Forest,0513,2x2,972,1395,12/08/2023,False
3252,The Villages of Briar Forest,0513,2x2,972,1395,12/09/2023,False
3253,The Villages of Briar Forest,0513,2x2,972,1395,12/10/2023,False
3254,The Villages of Briar Forest,0513,2x2,972,1395,12/11/2023,False
3255,The Villages of Briar Forest,0513,2x2,972,1395,12/12/2023,False
3256,The Villages of Briar Forest,0513,2x2,972,1395,12/13/2023,False
3257,The Villages of Briar Forest,0513,2x2,972,1395,12/14/2023,False
3258,The Villages of Briar Forest,0513,2x2,972,1395,12/15/2023,False
3259,The Villages of Briar Forest,0513,2x2,972,1395,12/16/2023,False
3260,The Villages of Briar Forest,0513,2x2,972,1395,12/17/2023,False
3261,The Villages of Briar Forest,0513,2x2,972,1395,12/18/2023,False
3262,The Villages of Briar Forest,0513,2x2,972,1395,12/19/2023,False
3263,The Villages of Briar Forest,0513,2x2,972,1395,12/20/2023,False
3264,The Villages of Briar Forest,0513,2x2,972,1395,12/21/2023,False
3265,The Villages of Briar Forest,0513,2x2,972,1405,12/22/2023,False
3266,The Villages of Briar Forest,0513,2x2,972,1405,12/23/2023,False
3267,The Villages of Briar Forest,0513,2x2,972,1405,12/24/2023,False
3268,The Villages of Briar Forest,0513,2x2,972,1405,12/25/2023,False
3269,The Villages of Briar Forest,0513,2x2,972,1405,12/26/2023,False
3270,The Villages of Briar Forest,0513,2x2,972,1405,12/27/2023,False
3271,The Villages of Briar Forest,0513,2x2,972,1405,12/28/2023,False
3272,The Villages of Briar Forest,0513,2x2,972,1405,12/29/2023,False
3273,The Villages of Briar Forest,0513,2x2,972,1335,12/30/2023,False
3274,The Villages of Briar Forest,0513,2x2,972,1335,12/31/2023,False
3275,The Villages of Briar Forest,0513,2x2,972,1335,01/01/2024,False
3276,The Villages of Briar Forest,0513,2x2,972,1335,01/02/2024,False
3277,The Villages of Briar Forest,0513,2x2,972,1335,01/03/2024,False
3278,The Villages of Briar Forest,0513,2x2,972,1335,01/04/2024,False
3279,The Villages of Briar Forest,0513,2x2,972,1335,01/05/2024,False
3280,The Villages of Briar Forest,0513,2x2,972,1335,01/06/2024,True
3281,The Villages of Briar Forest,0513,2x2,972,1355,09/28/2024,False
3282,The Villages of Briar Forest,0513,2x2,972,1355,09/29/2024,False
3283,The Villages of Briar Forest,0513,2x2,972,1322,09/30/2024,False
3284,The Villages of Briar Forest,0513,2x2,972,1322,10/01/2024,False
3285,The Villages of Briar Forest,0513,2x2,972,1317,10/02/2024,False
3286,The Villages of Briar Forest,0513,2x2,972,1312,10/03/2024,False
3287,The Villages of Briar Forest,0513,2x2,972,1327,10/04/2024,False
3288,The Villages of Briar Forest,0513,2x2,972,1322,10/05/2024,False
3289,The Villages of Briar Forest,0513,2x2,972,1307,10/06/2024,False
3290,The Villages of Briar Forest,0513,2x2,972,1307,10/07/2024,False
3291,The Villages of Briar Forest,0513,2x2,972,1307,10/08/2024,False
3292,The Villages of Briar Forest,0513,2x2,972,1307,10/09/2024,False
3293,The Villages of Briar Forest,0513,2x2,972,1262,10/10/2024,True
3294,The Villages of Briar Forest,0514,3x2,1256,1900,08/16/2024,False
3295,The Villages of Briar Forest,0514,3x2,1256,1900,08/17/2024,False
3296,The Villages of Briar Forest,0514,3x2,1256,1900,08/18/2024,False
3297,The Villages of Briar Forest,0514,3x2,1256,1900,08/19/2024,False
3298,The Villages of Briar Forest,0514,3x2,1256,1900,08/20/2024,False
3299,The Villages of Briar Forest,0514,3x2,1256,1900,08/21/2024,False
3300,The Villages of Briar Forest,0514,3x2,1256,1900,08/22/2024,False
3301,The Villages of Briar Forest,0514,3x2,1256,1900,08/23/2024,False
3302,The Villages of Briar Forest,0514,3x2,1256,1900,08/24/2024,False
3303,The Villages of Briar Forest,0514,3x2,1256,1900,08/25/2024,False
3304,The Villages of Briar Forest,0514,3x2,1256,1900,08/26/2024,False
3305,The Villages of Briar Forest,0514,3x2,1256,1900,08/27/2024,False
3306,The Villages of Briar Forest,0514,3x2,1256,1900,08/28/2024,False
3307,The Villages of Briar Forest,0514,3x2,1256,1900,08/29/2024,False
3308,The Villages of Briar Forest,0514,3x2,1256,1910,08/30/2024,False
3309,The Villages of Briar Forest,0514,3x2,1256,1910,08/31/2024,False
3310,The Villages of Briar Forest,0514,3x2,1256,1910,09/01/2024,False
3311,The Villages of Briar Forest,0514,3x2,1256,1910,09/02/2024,False
3312,The Villages of Briar Forest,0514,3x2,1256,1910,09/03/2024,False
3313,The Villages of Briar Forest,0514,3x2,1256,1910,09/04/2024,False
3314,The Villages of Briar Forest,0514,3x2,1256,1910,09/05/2024,False
3315,The Villages of Briar Forest,0514,3x2,1256,1910,09/06/2024,False
3316,The Villages of Briar Forest,0514,3x2,1256,1910,09/07/2024,False
3317,The Villages of Briar Forest,0514,3x2,1256,1910,09/08/2024,False
3318,The Villages of Briar Forest,0514,3x2,1256,1910,09/09/2024,False
3319,The Villages of Briar Forest,0514,3x2,1256,1910,09/10/2024,False
3320,The Villages of Briar Forest,0514,3x2,1256,1910,09/11/2024,False
3321,The Villages of Briar Forest,0514,3x2,1256,1910,09/12/2024,False
3322,The Villages of Briar Forest,0514,3x2,1256,1945,09/13/2024,False
3323,The Villages of Briar Forest,0514,3x2,1256,1950,09/14/2024,False
3324,The Villages of Briar Forest,0514,3x2,1256,1950,09/15/2024,False
3325,The Villages of Briar Forest,0514,3x2,1256,1945,09/16/2024,False
3326,The Villages of Briar Forest,0514,3x2,1256,1945,09/17/2024,False
3327,The Villages of Briar Forest,0514,3x2,1256,1940,09/18/2024,False
3328,The Villages of Briar Forest,0514,3x2,1256,1950,09/19/2024,False
3329,The Villages of Briar Forest,0514,3x2,1256,1960,09/20/2024,False
3330,The Villages of Briar Forest,0514,3x2,1256,1960,09/21/2024,False
3331,The Villages of Briar Forest,0514,3x2,1256,1960,09/22/2024,False
3332,The Villages of Briar Forest,0514,3x2,1256,1950,09/23/2024,False
3333,The Villages of Briar Forest,0514,3x2,1256,1950,09/24/2024,False
3334,The Villages of Briar Forest,0514,3x2,1256,1940,09/25/2024,False
3335,The Villages of Briar Forest,0514,3x2,1256,1940,09/26/2024,False
3336,The Villages of Briar Forest,0514,3x2,1256,1935,09/27/2024,False
3337,The Villages of Briar Forest,0514,3x2,1256,1925,09/28/2024,False
3338,The Villages of Briar Forest,0514,3x2,1256,1930,09/29/2024,False
3339,The Villages of Briar Forest,0514,3x2,1256,1887,09/30/2024,False
3340,The Villages of Briar Forest,0514,3x2,1256,1887,10/01/2024,False
3341,The Villages of Briar Forest,0514,3x2,1256,1887,10/02/2024,False
3342,The Villages of Briar Forest,0514,3x2,1256,1887,10/03/2024,False
3343,The Villages of Briar Forest,0514,3x2,1256,1882,10/04/2024,False
3344,The Villages of Briar Forest,0514,3x2,1256,1882,10/05/2024,False
3345,The Villages of Briar Forest,0514,3x2,1256,1882,10/06/2024,False
3346,The Villages of Briar Forest,0514,3x2,1256,1882,10/07/2024,False
3347,The Villages of Briar Forest,0514,3x2,1256,1882,10/08/2024,False
3348,The Villages of Briar Forest,0514,3x2,1256,1882,10/09/2024,False
3349,The Villages of Briar Forest,0514,3x2,1256,1837,10/10/2024,False
3350,The Villages of Briar Forest,0514,3x2,1256,1837,10/11/2024,False
3351,The Villages of Briar Forest,0514,3x2,1256,1837,10/12/2024,False
3352,The Villages of Briar Forest,0514,3x2,1256,1837,10/13/2024,False
3353,The Villages of Briar Forest,0514,3x2,1256,1837,10/14/2024,False
3354,The Villages of Briar Forest,0514,3x2,1256,1832,10/15/2024,False
3355,The Villages of Briar Forest,0514,3x2,1256,1832,10/16/2024,False
3356,The Villages of Briar Forest,0514,3x2,1256,1832,10/17/2024,False
3357,The Villages of Briar Forest,0514,3x2,1256,1832,10/18/2024,False
3358,The Villages of Briar Forest,0514,3x2,1256,1832,10/19/2024,False
3359,The Villages of Briar Forest,0514,3x2,1256,1832,10/20/2024,False
3360,The Villages of Briar Forest,0514,3x2,1256,1832,10/21/2024,False
3361,The Villages of Briar Forest,0514,3x2,1256,1862,10/22/2024,False
3362,The Villages of Briar Forest,0514,3x2,1256,1857,10/23/2024,False
3363,The Villages of Briar Forest,0514,3x2,1256,1857,10/24/2024,False
3364,The Villages of Briar Forest,0514,3x2,1256,1862,10/25/2024,False
3365,The Villages of Briar Forest,0514,3x2,1256,1860,10/26/2024,False
3366,The Villages of Briar Forest,0514,3x2,1256,1860,10/27/2024,False
3367,The Villages of Briar Forest,0514,3x2,1256,1920,10/28/2024,False
3368,The Villages of Briar Forest,0514,3x2,1256,1920,10/29/2024,False
3369,The Villages of Briar Forest,0514,3x2,1256,1920,10/30/2024,False
3370,The Villages of Briar Forest,0514,3x2,1256,1920,10/31/2024,False
3371,The Villages of Briar Forest,0514,3x2,1256,1920,11/01/2024,False
3372,The Villages of Briar Forest,0514,3x2,1256,1920,11/02/2024,False
3373,The Villages of Briar Forest,0514,3x2,1256,1920,11/03/2024,False
3374,The Villages of Briar Forest,0514,3x2,1256,1920,11/04/2024,False
3375,The Villages of Briar Forest,0514,3x2,1256,1875,11/05/2024,False
3376,The Villages of Briar Forest,0514,3x2,1256,1875,11/06/2024,False
3377,The Villages of Briar Forest,0514,3x2,1256,1875,11/07/2024,False
3378,The Villages of Briar Forest,0514,3x2,1256,1875,11/08/2024,False
3379,The Villages of Briar Forest,0514,3x2,1256,1885,11/09/2024,False
3380,The Villages of Briar Forest,0514,3x2,1256,1895,11/10/2024,False
3381,The Villages of Briar Forest,0514,3x2,1256,1890,11/11/2024,False
3382,The Villages of Briar Forest,0514,3x2,1256,1890,11/12/2024,False
3383,The Villages of Briar Forest,0514,3x2,1256,1890,11/13/2024,False
3384,The Villages of Briar Forest,0514,3x2,1256,1890,11/14/2024,False
3385,The Villages of Briar Forest,0514,3x2,1256,1870,11/15/2024,False
3386,The Villages of Briar Forest,0514,3x2,1256,1870,11/16/2024,False
3387,The Villages of Briar Forest,0514,3x2,1256,1870,11/17/2024,False
3388,The Villages of Briar Forest,0514,3x2,1256,1870,11/18/2024,False
3389,The Villages of Briar Forest,0514,3x2,1256,1870,11/19/2024,False
3390,The Villages of Briar Forest,0514,3x2,1256,1870,11/20/2024,False
3391,The Villages of Briar Forest,0514,3x2,1256,1870,11/21/2024,False
3392,The Villages of Briar Forest,0514,3x2,1256,1915,11/22/2024,False
3393,The Villages of Briar Forest,0514,3x2,1256,1807,11/23/2024,False
3394,The Villages of Briar Forest,0514,3x2,1256,1807,11/24/2024,False
3395,The Villages of Briar Forest,0514,3x2,1256,1807,11/25/2024,False
3396,The Villages of Briar Forest,0514,3x2,1256,1875,11/26/2024,False
3397,The Villages of Briar Forest,0514,3x2,1256,1807,11/27/2024,False
3398,The Villages of Briar Forest,0514,3x2,1256,1807,11/28/2024,False
3399,The Villages of Briar Forest,0514,3x2,1256,1807,11/29/2024,False
3400,The Villages of Briar Forest,0514,3x2,1256,1807,11/30/2024,False
3401,The Villages of Briar Forest,0514,3x2,1256,1800,12/01/2024,False
3402,The Villages of Briar Forest,0514,3x2,1256,1800,12/02/2024,False
3403,The Villages of Briar Forest,0514,3x2,1256,1800,12/03/2024,False
3404,The Villages of Briar Forest,0514,3x2,1256,1820,12/04/2024,False
3405,The Villages of Briar Forest,0514,3x2,1256,1820,12/05/2024,False
3406,The Villages of Briar Forest,0514,3x2,1256,1810,12/06/2024,False
3407,The Villages of Briar Forest,0514,3x2,1256,1810,12/07/2024,False
3408,The Villages of Briar Forest,0514,3x2,1256,1810,12/08/2024,False
3409,The Villages of Briar Forest,0514,3x2,1256,1810,12/09/2024,False
3410,The Villages of Briar Forest,0514,3x2,1256,1810,12/10/2024,False
3411,The Villages of Briar Forest,0514,3x2,1256,1810,12/11/2024,False
3412,The Villages of Briar Forest,0514,3x2,1256,1817,12/12/2024,False
3413,The Villages of Briar Forest,0514,3x2,1256,1817,12/13/2024,True
3414,The Villages of Briar Forest,0518,3x2,1256,1865,01/11/2024,False
3415,The Villages of Briar Forest,0518,3x2,1256,1865,01/12/2024,False
3416,The Villages of Briar Forest,0518,3x2,1256,1920,01/13/2024,False
3417,The Villages of Briar Forest,0518,3x2,1256,1940,01/14/2024,False
3418,The Villages of Briar Forest,0518,3x2,1256,1940,01/15/2024,False
3419,The Villages of Briar Forest,0518,3x2,1256,1940,01/16/2024,False
3420,The Villages of Briar Forest,0518,3x2,1256,1940,01/17/2024,False
3421,The Villages of Briar Forest,0518,3x2,1256,1940,01/18/2024,False
3422,The Villages of Briar Forest,0518,3x2,1256,1940,01/19/2024,False
3423,The Villages of Briar Forest,0518,3x2,1256,1865,01/20/2024,False
3424,The Villages of Briar Forest,0518,3x2,1256,1865,01/21/2024,False
3425,The Villages of Briar Forest,0518,3x2,1256,1865,01/22/2024,False
3426,The Villages of Briar Forest,0518,3x2,1256,1865,01/23/2024,False
3427,The Villages of Briar Forest,0518,3x2,1256,1865,01/24/2024,False
3428,The Villages of Briar Forest,0518,3x2,1256,1865,01/25/2024,False
3429,The Villages of Briar Forest,0518,3x2,1256,1850,01/26/2024,False
3430,The Villages of Briar Forest,0518,3x2,1256,1850,01/27/2024,False
3431,The Villages of Briar Forest,0518,3x2,1256,1850,01/28/2024,False
3432,The Villages of Briar Forest,0518,3x2,1256,1850,01/29/2024,False
3433,The Villages of Briar Forest,0518,3x2,1256,1850,01/30/2024,False
3434,The Villages of Briar Forest,0518,3x2,1256,1850,01/31/2024,False
3435,The Villages of Briar Forest,0518,3x2,1256,1850,02/01/2024,False
3436,The Villages of Briar Forest,0518,3x2,1256,1850,02/02/2024,False
3437,The Villages of Briar Forest,0518,3x2,1256,1850,02/03/2024,False
3438,The Villages of Briar Forest,0518,3x2,1256,1850,02/04/2024,False
3439,The Villages of Briar Forest,0518,3x2,1256,1850,02/05/2024,False
3440,The Villages of Briar Forest,0518,3x2,1256,1865,02/06/2024,False
3441,The Villages of Briar Forest,0518,3x2,1256,1960,02/07/2024,False
3442,The Villages of Briar Forest,0518,3x2,1256,1960,02/08/2024,False
3443,The Villages of Briar Forest,0518,3x2,1256,1960,02/09/2024,False
3444,The Villages of Briar Forest,0518,3x2,1256,1920,02/10/2024,False
3445,The Villages of Briar Forest,0518,3x2,1256,1920,02/11/2024,False
3446,The Villages of Briar Forest,0518,3x2,1256,1920,02/12/2024,False
3447,The Villages of Briar Forest,0518,3x2,1256,1920,02/13/2024,False
3448,The Villages of Briar Forest,0518,3x2,1256,1940,02/14/2024,False
3449,The Villages of Briar Forest,0518,3x2,1256,1940,02/15/2024,False
3450,The Villages of Briar Forest,0518,3x2,1256,1940,02/16/2024,False
3451,The Villages of Briar Forest,0518,3x2,1256,1920,02/17/2024,False
3452,The Villages of Briar Forest,0518,3x2,1256,1920,02/18/2024,False
3453,The Villages of Briar Forest,0518,3x2,1256,1920,02/19/2024,False
3454,The Villages of Briar Forest,0518,3x2,1256,1920,02/20/2024,False
3455,The Villages of Briar Forest,0518,3x2,1256,1920,02/21/2024,False
3456,The Villages of Briar Forest,0518,3x2,1256,1920,02/22/2024,False
3457,The Villages of Briar Forest,0518,3x2,1256,1920,02/23/2024,False
3458,The Villages of Briar Forest,0518,3x2,1256,1920,02/24/2024,False
3459,The Villages of Briar Forest,0518,3x2,1256,1920,02/25/2024,False
3460,The Villages of Briar Forest,0518,3x2,1256,1848,02/26/2024,False
3461,The Villages of Briar Forest,0518,3x2,1256,1878,02/27/2024,False
3462,The Villages of Briar Forest,0518,3x2,1256,1878,02/28/2024,False
3463,The Villages of Briar Forest,0518,3x2,1256,1890,02/29/2024,False
3464,The Villages of Briar Forest,0518,3x2,1256,1890,03/01/2024,False
3465,The Villages of Briar Forest,0518,3x2,1256,1890,03/02/2024,False
3466,The Villages of Briar Forest,0518,3x2,1256,1890,03/03/2024,False
3467,The Villages of Briar Forest,0518,3x2,1256,1890,03/04/2024,False
3468,The Villages of Briar Forest,0518,3x2,1256,1890,03/05/2024,False
3469,The Villages of Briar Forest,0518,3x2,1256,1890,03/06/2024,False
3470,The Villages of Briar Forest,0518,3x2,1256,1890,03/07/2024,False
3471,The Villages of Briar Forest,0518,3x2,1256,1890,03/08/2024,False
3472,The Villages of Briar Forest,0518,3x2,1256,1890,03/09/2024,True
3473,The Villages of Briar Forest,0521,3x2,1256,1761,06/17/2023,False
3474,The Villages of Briar Forest,0521,3x2,1256,1761,06/18/2023,False
3475,The Villages of Briar Forest,0521,3x2,1256,1791,06/19/2023,False
3476,The Villages of Briar Forest,0521,3x2,1256,1761,06/20/2023,False
3477,The Villages of Briar Forest,0521,3x2,1256,1761,06/21/2023,False
3478,The Villages of Briar Forest,0521,3x2,1256,1781,06/22/2023,False
3479,The Villages of Briar Forest,0521,3x2,1256,1846,06/23/2023,False
3480,The Villages of Briar Forest,0521,3x2,1256,1816,06/24/2023,False
3481,The Villages of Briar Forest,0521,3x2,1256,1801,06/25/2023,False
3482,The Villages of Briar Forest,0521,3x2,1256,1791,06/26/2023,False
3483,The Villages of Briar Forest,0521,3x2,1256,1791,06/27/2023,False
3484,The Villages of Briar Forest,0521,3x2,1256,1791,06/28/2023,False
3485,The Villages of Briar Forest,0521,3x2,1256,1791,06/29/2023,False
3486,The Villages of Briar Forest,0521,3x2,1256,1791,06/30/2023,False
3487,The Villages of Briar Forest,0521,3x2,1256,1791,07/01/2023,False
3488,The Villages of Briar Forest,0521,3x2,1256,1791,07/02/2023,False
3489,The Villages of Briar Forest,0521,3x2,1256,1791,07/03/2023,False
3490,The Villages of Briar Forest,0521,3x2,1256,1791,07/04/2023,False
3491,The Villages of Briar Forest,0521,3x2,1256,1981,07/05/2023,False
3492,The Villages of Briar Forest,0521,3x2,1256,1981,07/06/2023,False
3493,The Villages of Briar Forest,0521,3x2,1256,1981,07/07/2023,False
3494,The Villages of Briar Forest,0521,3x2,1256,1981,07/08/2023,False
3495,The Villages of Briar Forest,0521,3x2,1256,1981,07/09/2023,False
3496,The Villages of Briar Forest,0521,3x2,1256,1981,07/10/2023,False
3497,The Villages of Briar Forest,0521,3x2,1256,1981,07/11/2023,False
3498,The Villages of Briar Forest,0521,3x2,1256,1866,07/12/2023,False
3499,The Villages of Briar Forest,0521,3x2,1256,1866,07/13/2023,False
3500,The Villages of Briar Forest,0521,3x2,1256,1866,07/14/2023,False
3501,The Villages of Briar Forest,0521,3x2,1256,1946,07/15/2023,False
3502,The Villages of Briar Forest,0521,3x2,1256,1946,07/16/2023,False
3503,The Villages of Briar Forest,0521,3x2,1256,1946,07/17/2023,False
3504,The Villages of Briar Forest,0521,3x2,1256,1946,07/18/2023,False
3505,The Villages of Briar Forest,0521,3x2,1256,1946,07/19/2023,False
3506,The Villages of Briar Forest,0521,3x2,1256,1884,07/20/2023,False
3507,The Villages of Briar Forest,0521,3x2,1256,1884,07/21/2023,False
3508,The Villages of Briar Forest,0521,3x2,1256,1884,07/22/2023,False
3509,The Villages of Briar Forest,0521,3x2,1256,1884,07/23/2023,False
3510,The Villages of Briar Forest,0521,3x2,1256,1884,07/24/2023,False
3511,The Villages of Briar Forest,0521,3x2,1256,1884,07/25/2023,False
3512,The Villages of Briar Forest,0521,3x2,1256,1818,07/26/2023,False
3513,The Villages of Briar Forest,0521,3x2,1256,1818,07/27/2023,False
3514,The Villages of Briar Forest,0521,3x2,1256,1818,07/28/2023,False
3515,The Villages of Briar Forest,0521,3x2,1256,1884,07/29/2023,False
3516,The Villages of Briar Forest,0521,3x2,1256,1884,07/30/2023,False
3517,The Villages of Briar Forest,0521,3x2,1256,1884,07/31/2023,False
3518,The Villages of Briar Forest,0521,3x2,1256,1884,08/01/2023,False
3519,The Villages of Briar Forest,0521,3x2,1256,1884,08/02/2023,False
3520,The Villages of Briar Forest,0521,3x2,1256,1884,08/03/2023,False
3521,The Villages of Briar Forest,0521,3x2,1256,1860,08/04/2023,False
3522,The Villages of Briar Forest,0521,3x2,1256,1860,08/05/2023,False
3523,The Villages of Briar Forest,0521,3x2,1256,1860,08/06/2023,False
3524,The Villages of Briar Forest,0521,3x2,1256,1860,08/07/2023,False
3525,The Villages of Briar Forest,0521,3x2,1256,1860,08/08/2023,False
3526,The Villages of Briar Forest,0521,3x2,1256,1820,08/09/2023,False
3527,The Villages of Briar Forest,0521,3x2,1256,1820,08/10/2023,False
3528,The Villages of Briar Forest,0521,3x2,1256,1820,08/11/2023,True
3529,The Villages of Briar Forest,0521,3x2,1256,1770,02/02/2024,False
3530,The Villages of Briar Forest,0521,3x2,1256,1805,02/03/2024,False
3531,The Villages of Briar Forest,0521,3x2,1256,1805,02/04/2024,False
3532,The Villages of Briar Forest,0521,3x2,1256,1805,02/05/2024,False
3533,The Villages of Briar Forest,0521,3x2,1256,1805,02/06/2024,False
3534,The Villages of Briar Forest,0521,3x2,1256,1805,02/07/2024,False
3535,The Villages of Briar Forest,0521,3x2,1256,1805,02/08/2024,False
3536,The Villages of Briar Forest,0521,3x2,1256,1805,02/09/2024,False
3537,The Villages of Briar Forest,0521,3x2,1256,1765,02/10/2024,False
3538,The Villages of Briar Forest,0521,3x2,1256,1765,02/11/2024,False
3539,The Villages of Briar Forest,0521,3x2,1256,1765,02/12/2024,False
3540,The Villages of Briar Forest,0521,3x2,1256,1765,02/13/2024,False
3541,The Villages of Briar Forest,0521,3x2,1256,1785,02/14/2024,False
3542,The Villages of Briar Forest,0521,3x2,1256,1785,02/15/2024,False
3543,The Villages of Briar Forest,0521,3x2,1256,1785,02/16/2024,False
3544,The Villages of Briar Forest,0521,3x2,1256,1765,02/17/2024,False
3545,The Villages of Briar Forest,0521,3x2,1256,1765,02/18/2024,False
3546,The Villages of Briar Forest,0521,3x2,1256,1765,02/19/2024,False
3547,The Villages of Briar Forest,0521,3x2,1256,1765,02/20/2024,False
3548,The Villages of Briar Forest,0521,3x2,1256,1765,02/21/2024,False
3549,The Villages of Briar Forest,0521,3x2,1256,1765,02/22/2024,False
3550,The Villages of Briar Forest,0521,3x2,1256,1765,02/23/2024,False
3551,The Villages of Briar Forest,0521,3x2,1256,1765,02/24/2024,False
3552,The Villages of Briar Forest,0521,3x2,1256,1765,02/25/2024,False
3553,The Villages of Briar Forest,0521,3x2,1256,1693,02/26/2024,False
3554,The Villages of Briar Forest,0521,3x2,1256,1723,02/27/2024,False
3555,The Villages of Briar Forest,0521,3x2,1256,1723,02/28/2024,False
3556,The Villages of Briar Forest,0521,3x2,1256,1735,02/29/2024,False
3557,The Villages of Briar Forest,0521,3x2,1256,1735,03/01/2024,False
3558,The Villages of Briar Forest,0521,3x2,1256,1735,03/02/2024,False
3559,The Villages of Briar Forest,0521,3x2,1256,1735,03/03/2024,False
3560,The Villages of Briar Forest,0521,3x2,1256,1735,03/04/2024,False
3561,The Villages of Briar Forest,0521,3x2,1256,1735,03/05/2024,False
3562,The Villages of Briar Forest,0521,3x2,1256,1735,03/06/2024,False
3563,The Villages of Briar Forest,0521,3x2,1256,1735,03/07/2024,False
3564,The Villages of Briar Forest,0521,3x2,1256,1735,03/08/2024,False
3565,The Villages of Briar Forest,0521,3x2,1256,1730,03/09/2024,False
3566,The Villages of Briar Forest,0521,3x2,1256,1730,03/10/2024,False
3567,The Villages of Briar Forest,0521,3x2,1256,1730,03/11/2024,False
3568,The Villages of Briar Forest,0521,3x2,1256,1730,03/12/2024,False
3569,The Villages of Briar Forest,0521,3x2,1256,1730,03/13/2024,False
3570,The Villages of Briar Forest,0521,3x2,1256,1730,03/14/2024,False
3571,The Villages of Briar Forest,0521,3x2,1256,1730,03/15/2024,False
3572,The Villages of Briar Forest,0521,3x2,1256,1730,03/16/2024,False
3573,The Villages of Briar Forest,0521,3x2,1256,1760,03/17/2024,False
3574,The Villages of Briar Forest,0521,3x2,1256,1760,03/18/2024,False
3575,The Villages of Briar Forest,0521,3x2,1256,1760,03/19/2024,False
3576,The Villages of Briar Forest,0521,3x2,1256,1760,03/20/2024,False
3577,The Villages of Briar Forest,0521,3x2,1256,1760,03/21/2024,False
3578,The Villages of Briar Forest,0521,3x2,1256,1760,03/22/2024,True
3579,The Villages of Briar Forest,0521,3x2,1256,1710,10/11/2024,False
3580,The Villages of Briar Forest,0521,3x2,1256,1705,10/12/2024,False
3581,The Villages of Briar Forest,0521,3x2,1256,1705,10/13/2024,False
3582,The Villages of Briar Forest,0521,3x2,1256,1705,10/14/2024,False
3583,The Villages of Briar Forest,0521,3x2,1256,1700,10/15/2024,False
3584,The Villages of Briar Forest,0521,3x2,1256,1700,10/16/2024,False
3585,The Villages of Briar Forest,0521,3x2,1256,1710,10/17/2024,False
3586,The Villages of Briar Forest,0521,3x2,1256,1728,10/18/2024,False
3587,The Villages of Briar Forest,0521,3x2,1256,1710,10/19/2024,False
3588,The Villages of Briar Forest,0521,3x2,1256,1715,10/20/2024,False
3589,The Villages of Briar Forest,0521,3x2,1256,1700,10/21/2024,False
3590,The Villages of Briar Forest,0521,3x2,1256,1707,10/22/2024,False
3591,The Villages of Briar Forest,0521,3x2,1256,1702,10/23/2024,False
3592,The Villages of Briar Forest,0521,3x2,1256,1702,10/24/2024,False
3593,The Villages of Briar Forest,0521,3x2,1256,1702,10/25/2024,True
3594,The Villages of Briar Forest,0523,2x2,972,1392,08/09/2023,False
3595,The Villages of Briar Forest,0523,2x2,972,1388,08/10/2023,False
3596,The Villages of Briar Forest,0523,2x2,972,1392,08/11/2023,False
3597,The Villages of Briar Forest,0523,2x2,972,1404,08/12/2023,False
3598,The Villages of Briar Forest,0523,2x2,972,1404,08/13/2023,False
3599,The Villages of Briar Forest,0523,2x2,972,1400,08/14/2023,False
3600,The Villages of Briar Forest,0523,2x2,972,1394,08/15/2023,False
3601,The Villages of Briar Forest,0523,2x2,972,1447,08/16/2023,False
3602,The Villages of Briar Forest,0523,2x2,972,1447,08/17/2023,False
3603,The Villages of Briar Forest,0523,2x2,972,1446,08/18/2023,False
3604,The Villages of Briar Forest,0523,2x2,972,1451,08/19/2023,False
3605,The Villages of Briar Forest,0523,2x2,972,1451,08/20/2023,False
3606,The Villages of Briar Forest,0523,2x2,972,1451,08/21/2023,False
3607,The Villages of Briar Forest,0523,2x2,972,1451,08/22/2023,False
3608,The Villages of Briar Forest,0523,2x2,972,1451,08/23/2023,False
3609,The Villages of Briar Forest,0523,2x2,972,1451,08/24/2023,False
3610,The Villages of Briar Forest,0523,2x2,972,1451,08/25/2023,False
3611,The Villages of Briar Forest,0523,2x2,972,1451,08/26/2023,True
3612,The Villages of Briar Forest,0523,2x2,972,1315,08/31/2024,False
3613,The Villages of Briar Forest,0523,2x2,972,1315,09/01/2024,True
3614,The Villages of Briar Forest,0524,3x2,1256,1745,03/15/2024,False
3615,The Villages of Briar Forest,0524,3x2,1256,1775,03/16/2024,False
3616,The Villages of Briar Forest,0524,3x2,1256,1775,03/17/2024,False
3617,The Villages of Briar Forest,0524,3x2,1256,1775,03/18/2024,False
3618,The Villages of Briar Forest,0524,3x2,1256,1775,03/19/2024,False
3619,The Villages of Briar Forest,0524,3x2,1256,1775,03/20/2024,False
3620,The Villages of Briar Forest,0524,3x2,1256,1775,03/21/2024,False
3621,The Villages of Briar Forest,0524,3x2,1256,1920,03/22/2024,False
3622,The Villages of Briar Forest,0524,3x2,1256,1920,03/23/2024,False
3623,The Villages of Briar Forest,0524,3x2,1256,1920,03/24/2024,False
3624,The Villages of Briar Forest,0524,3x2,1256,1920,03/25/2024,False
3625,The Villages of Briar Forest,0524,3x2,1256,1920,03/26/2024,False
3626,The Villages of Briar Forest,0524,3x2,1256,1920,03/27/2024,False
3627,The Villages of Briar Forest,0524,3x2,1256,1920,03/28/2024,False
3628,The Villages of Briar Forest,0524,3x2,1256,1920,03/29/2024,False
3629,The Villages of Briar Forest,0524,3x2,1256,1920,03/30/2024,False
3630,The Villages of Briar Forest,0524,3x2,1256,1915,03/31/2024,False
3631,The Villages of Briar Forest,0524,3x2,1256,1915,04/01/2024,False
3632,The Villages of Briar Forest,0524,3x2,1256,1915,04/02/2024,False
3633,The Villages of Briar Forest,0524,3x2,1256,1915,04/03/2024,False
3634,The Villages of Briar Forest,0524,3x2,1256,1915,04/04/2024,False
3635,The Villages of Briar Forest,0524,3x2,1256,1915,04/05/2024,False
3636,The Villages of Briar Forest,0524,3x2,1256,1970,04/06/2024,False
3637,The Villages of Briar Forest,0524,3x2,1256,1970,04/07/2024,False
3638,The Villages of Briar Forest,0524,3x2,1256,1970,04/08/2024,False
3639,The Villages of Briar Forest,0524,3x2,1256,1975,04/09/2024,False
3640,The Villages of Briar Forest,0524,3x2,1256,1975,04/10/2024,False
3641,The Villages of Briar Forest,0524,3x2,1256,1975,04/11/2024,False
3642,The Villages of Briar Forest,0524,3x2,1256,1975,04/12/2024,False
3643,The Villages of Briar Forest,0524,3x2,1256,1925,04/13/2024,False
3644,The Villages of Briar Forest,0524,3x2,1256,1925,04/14/2024,False
3645,The Villages of Briar Forest,0524,3x2,1256,1925,04/15/2024,False
3646,The Villages of Briar Forest,0524,3x2,1256,1925,04/16/2024,False
3647,The Villages of Briar Forest,0524,3x2,1256,1925,04/17/2024,False
3648,The Villages of Briar Forest,0524,3x2,1256,1925,04/18/2024,False
3649,The Villages of Briar Forest,0524,3x2,1256,1925,04/19/2024,False
3650,The Villages of Briar Forest,0524,3x2,1256,1925,04/20/2024,False
3651,The Villages of Briar Forest,0524,3x2,1256,1925,04/21/2024,False
3652,The Villages of Briar Forest,0524,3x2,1256,1925,04/22/2024,False
3653,The Villages of Briar Forest,0524,3x2,1256,1925,04/23/2024,False
3654,The Villages of Briar Forest,0524,3x2,1256,1925,04/24/2024,False
3655,The Villages of Briar Forest,0524,3x2,1256,1925,04/25/2024,False
3656,The Villages of Briar Forest,0524,3x2,1256,1895,04/26/2024,False
3657,The Villages of Briar Forest,0524,3x2,1256,1895,04/27/2024,False
3658,The Villages of Briar Forest,0524,3x2,1256,1895,04/28/2024,False
3659,The Villages of Briar Forest,0524,3x2,1256,1895,04/29/2024,False
3660,The Villages of Briar Forest,0524,3x2,1256,1895,04/30/2024,False
3661,The Villages of Briar Forest,0524,3x2,1256,1895,05/01/2024,False
3662,The Villages of Briar Forest,0524,3x2,1256,1895,05/02/2024,False
3663,The Villages of Briar Forest,0524,3x2,1256,1895,05/03/2024,False
3664,The Villages of Briar Forest,0524,3x2,1256,1860,05/04/2024,False
3665,The Villages of Briar Forest,0524,3x2,1256,1860,05/05/2024,False
3666,The Villages of Briar Forest,0524,3x2,1256,1858,05/06/2024,False
3667,The Villages of Briar Forest,0524,3x2,1256,1858,05/07/2024,False
3668,The Villages of Briar Forest,0524,3x2,1256,1858,05/08/2024,False
3669,The Villages of Briar Forest,0524,3x2,1256,1858,05/09/2024,False
3670,The Villages of Briar Forest,0524,3x2,1256,1840,05/10/2024,False
3671,The Villages of Briar Forest,0524,3x2,1256,1810,05/11/2024,False
3672,The Villages of Briar Forest,0524,3x2,1256,1810,05/12/2024,False
3673,The Villages of Briar Forest,0524,3x2,1256,1810,05/13/2024,False
3674,The Villages of Briar Forest,0524,3x2,1256,1810,05/14/2024,False
3675,The Villages of Briar Forest,0524,3x2,1256,1810,05/15/2024,False
3676,The Villages of Briar Forest,0524,3x2,1256,1810,05/16/2024,False
3677,The Villages of Briar Forest,0524,3x2,1256,1810,05/17/2024,False
3678,The Villages of Briar Forest,0524,3x2,1256,1810,05/18/2024,False
3679,The Villages of Briar Forest,0524,3x2,1256,1810,05/19/2024,False
3680,The Villages of Briar Forest,0524,3x2,1256,1810,05/20/2024,False
3681,The Villages of Briar Forest,0524,3x2,1256,1810,05/21/2024,False
3682,The Villages of Briar Forest,0524,3x2,1256,1810,05/22/2024,False
3683,The Villages of Briar Forest,0524,3x2,1256,1810,05/23/2024,False
3684,The Villages of Briar Forest,0524,3x2,1256,1821,05/24/2024,False
3685,The Villages of Briar Forest,0524,3x2,1256,1820,05/25/2024,False
3686,The Villages of Briar Forest,0524,3x2,1256,1820,05/26/2024,False
3687,The Villages of Briar Forest,0524,3x2,1256,1820,05/27/2024,False
3688,The Villages of Briar Forest,0524,3x2,1256,1820,05/28/2024,False
3689,The Villages of Briar Forest,0524,3x2,1256,1816,05/29/2024,False
3690,The Villages of Briar Forest,0524,3x2,1256,1816,05/30/2024,False
3691,The Villages of Briar Forest,0524,3x2,1256,1816,05/31/2024,False
3692,The Villages of Briar Forest,0524,3x2,1256,1816,06/01/2024,False
3693,The Villages of Briar Forest,0524,3x2,1256,1816,06/02/2024,False
3694,The Villages of Briar Forest,0524,3x2,1256,1816,06/03/2024,False
3695,The Villages of Briar Forest,0524,3x2,1256,1819,06/04/2024,False
3696,The Villages of Briar Forest,0524,3x2,1256,1816,06/05/2024,False
3697,The Villages of Briar Forest,0524,3x2,1256,1816,06/06/2024,False
3698,The Villages of Briar Forest,0524,3x2,1256,1816,06/07/2024,False
3699,The Villages of Briar Forest,0524,3x2,1256,1865,06/08/2024,False
3700,The Villages of Briar Forest,0524,3x2,1256,1865,06/09/2024,False
3701,The Villages of Briar Forest,0524,3x2,1256,1865,06/10/2024,True
3702,The Villages of Briar Forest,0525,3x2,1256,1905,12/02/2023,False
3703,The Villages of Briar Forest,0525,3x2,1256,1905,12/03/2023,False
3704,The Villages of Briar Forest,0525,3x2,1256,1905,12/04/2023,False
3705,The Villages of Briar Forest,0525,3x2,1256,1905,12/05/2023,False
3706,The Villages of Briar Forest,0525,3x2,1256,1905,12/06/2023,False
3707,The Villages of Briar Forest,0525,3x2,1256,1905,12/07/2023,False
3708,The Villages of Briar Forest,0525,3x2,1256,1950,12/08/2023,False
3709,The Villages of Briar Forest,0525,3x2,1256,1950,12/09/2023,False
3710,The Villages of Briar Forest,0525,3x2,1256,1950,12/10/2023,False
3711,The Villages of Briar Forest,0525,3x2,1256,1950,12/11/2023,False
3712,The Villages of Briar Forest,0525,3x2,1256,1950,12/12/2023,False
3713,The Villages of Briar Forest,0525,3x2,1256,1950,12/13/2023,False
3714,The Villages of Briar Forest,0525,3x2,1256,1950,12/14/2023,False
3715,The Villages of Briar Forest,0525,3x2,1256,1960,12/15/2023,False
3716,The Villages of Briar Forest,0525,3x2,1256,1960,12/16/2023,False
3717,The Villages of Briar Forest,0525,3x2,1256,1960,12/17/2023,False
3718,The Villages of Briar Forest,0525,3x2,1256,1960,12/18/2023,False
3719,The Villages of Briar Forest,0525,3x2,1256,1960,12/19/2023,False
3720,The Villages of Briar Forest,0525,3x2,1256,1960,12/20/2023,False
3721,The Villages of Briar Forest,0525,3x2,1256,1960,12/21/2023,False
3722,The Villages of Briar Forest,0525,3x2,1256,1960,12/22/2023,False
3723,The Villages of Briar Forest,0525,3x2,1256,1960,12/23/2023,False
3724,The Villages of Briar Forest,0525,3x2,1256,1960,12/24/2023,False
3725,The Villages of Briar Forest,0525,3x2,1256,1960,12/25/2023,False
3726,The Villages of Briar Forest,0525,3x2,1256,1960,12/26/2023,False
3727,The Villages of Briar Forest,0525,3x2,1256,1960,12/27/2023,False
3728,The Villages of Briar Forest,0525,3x2,1256,1960,12/28/2023,False
3729,The Villages of Briar Forest,0525,3x2,1256,1960,12/29/2023,False
3730,The Villages of Briar Forest,0525,3x2,1256,1890,12/30/2023,False
3731,The Villages of Briar Forest,0525,3x2,1256,1890,12/31/2023,False
3732,The Villages of Briar Forest,0525,3x2,1256,1890,01/01/2024,False
3733,The Villages of Briar Forest,0525,3x2,1256,1890,01/02/2024,False
3734,The Villages of Briar Forest,0525,3x2,1256,1890,01/03/2024,False
3735,The Villages of Briar Forest,0525,3x2,1256,1890,01/04/2024,False
3736,The Villages of Briar Forest,0525,3x2,1256,1890,01/05/2024,False
3737,The Villages of Briar Forest,0525,3x2,1256,1845,01/06/2024,False
3738,The Villages of Briar Forest,0525,3x2,1256,1845,01/07/2024,False
3739,The Villages of Briar Forest,0525,3x2,1256,1845,01/08/2024,False
3740,The Villages of Briar Forest,0525,3x2,1256,1845,01/09/2024,False
3741,The Villages of Briar Forest,0525,3x2,1256,1845,01/10/2024,False
3742,The Villages of Briar Forest,0525,3x2,1256,1845,01/11/2024,False
3743,The Villages of Briar Forest,0525,3x2,1256,1845,01/12/2024,False
3744,The Villages of Briar Forest,0525,3x2,1256,1900,01/13/2024,False
3745,The Villages of Briar Forest,0525,3x2,1256,1920,01/14/2024,False
3746,The Villages of Briar Forest,0525,3x2,1256,1920,01/15/2024,False
3747,The Villages of Briar Forest,0525,3x2,1256,1920,01/16/2024,False
3748,The Villages of Briar Forest,0525,3x2,1256,1920,01/17/2024,False
3749,The Villages of Briar Forest,0525,3x2,1256,1920,01/18/2024,False
3750,The Villages of Briar Forest,0525,3x2,1256,1920,01/19/2024,False
3751,The Villages of Briar Forest,0525,3x2,1256,1845,01/20/2024,False
3752,The Villages of Briar Forest,0525,3x2,1256,1845,01/21/2024,False
3753,The Villages of Briar Forest,0525,3x2,1256,1845,01/22/2024,False
3754,The Villages of Briar Forest,0525,3x2,1256,1845,01/23/2024,False
3755,The Villages of Briar Forest,0525,3x2,1256,1845,01/24/2024,False
3756,The Villages of Briar Forest,0525,3x2,1256,1845,01/25/2024,False
3757,The Villages of Briar Forest,0525,3x2,1256,1830,01/26/2024,False
3758,The Villages of Briar Forest,0525,3x2,1256,1830,01/27/2024,False
3759,The Villages of Briar Forest,0525,3x2,1256,1830,01/28/2024,False
3760,The Villages of Briar Forest,0525,3x2,1256,1830,01/29/2024,False
3761,The Villages of Briar Forest,0525,3x2,1256,1830,01/30/2024,False
3762,The Villages of Briar Forest,0525,3x2,1256,1905,01/31/2024,False
3763,The Villages of Briar Forest,0525,3x2,1256,1905,02/01/2024,False
3764,The Villages of Briar Forest,0525,3x2,1256,1905,02/02/2024,False
3765,The Villages of Briar Forest,0525,3x2,1256,1940,02/03/2024,False
3766,The Villages of Briar Forest,0525,3x2,1256,1940,02/04/2024,False
3767,The Villages of Briar Forest,0525,3x2,1256,1940,02/05/2024,False
3768,The Villages of Briar Forest,0525,3x2,1256,1940,02/06/2024,False
3769,The Villages of Briar Forest,0525,3x2,1256,1940,02/07/2024,False
3770,The Villages of Briar Forest,0525,3x2,1256,1940,02/08/2024,False
3771,The Villages of Briar Forest,0525,3x2,1256,1940,02/09/2024,False
3772,The Villages of Briar Forest,0525,3x2,1256,1900,02/10/2024,False
3773,The Villages of Briar Forest,0525,3x2,1256,1900,02/11/2024,False
3774,The Villages of Briar Forest,0525,3x2,1256,1900,02/12/2024,False
3775,The Villages of Briar Forest,0525,3x2,1256,1900,02/13/2024,False
3776,The Villages of Briar Forest,0525,3x2,1256,1920,02/14/2024,False
3777,The Villages of Briar Forest,0525,3x2,1256,1920,02/15/2024,False
3778,The Villages of Briar Forest,0525,3x2,1256,1920,02/16/2024,False
3779,The Villages of Briar Forest,0525,3x2,1256,1900,02/17/2024,False
3780,The Villages of Briar Forest,0525,3x2,1256,1900,02/18/2024,False
3781,The Villages of Briar Forest,0525,3x2,1256,1900,02/19/2024,False
3782,The Villages of Briar Forest,0525,3x2,1256,1900,02/20/2024,False
3783,The Villages of Briar Forest,0525,3x2,1256,1900,02/21/2024,False
3784,The Villages of Briar Forest,0525,3x2,1256,1900,02/22/2024,False
3785,The Villages of Briar Forest,0525,3x2,1256,1900,02/23/2024,False
3786,The Villages of Briar Forest,0525,3x2,1256,1900,02/24/2024,False
3787,The Villages of Briar Forest,0525,3x2,1256,1900,02/25/2024,False
3788,The Villages of Briar Forest,0525,3x2,1256,1828,02/26/2024,False
3789,The Villages of Briar Forest,0525,3x2,1256,1858,02/27/2024,False
3790,The Villages of Briar Forest,0525,3x2,1256,1858,02/28/2024,False
3791,The Villages of Briar Forest,0525,3x2,1256,1870,02/29/2024,False
3792,The Villages of Briar Forest,0525,3x2,1256,1870,03/01/2024,False
3793,The Villages of Briar Forest,0525,3x2,1256,1870,03/02/2024,False
3794,The Villages of Briar Forest,0525,3x2,1256,1870,03/03/2024,False
3795,The Villages of Briar Forest,0525,3x2,1256,1870,03/04/2024,False
3796,The Villages of Briar Forest,0525,3x2,1256,1870,03/05/2024,False
3797,The Villages of Briar Forest,0525,3x2,1256,1870,03/06/2024,False
3798,The Villages of Briar Forest,0525,3x2,1256,1870,03/07/2024,False
3799,The Villages of Briar Forest,0525,3x2,1256,1870,03/08/2024,False
3800,The Villages of Briar Forest,0525,3x2,1256,1870,03/09/2024,False
3801,The Villages of Briar Forest,0525,3x2,1256,1880,03/10/2024,False
3802,The Villages of Briar Forest,0525,3x2,1256,1880,03/11/2024,False
3803,The Villages of Briar Forest,0525,3x2,1256,1880,03/12/2024,False
3804,The Villages of Briar Forest,0525,3x2,1256,1880,03/13/2024,False
3805,The Villages of Briar Forest,0525,3x2,1256,1880,03/14/2024,False
3806,The Villages of Briar Forest,0525,3x2,1256,1880,03/15/2024,False
3807,The Villages of Briar Forest,0525,3x2,1256,1910,03/16/2024,False
3808,The Villages of Briar Forest,0525,3x2,1256,1910,03/17/2024,False
3809,The Villages of Briar Forest,0525,3x2,1256,1910,03/18/2024,False
3810,The Villages of Briar Forest,0525,3x2,1256,1910,03/19/2024,False
3811,The Villages of Briar Forest,0525,3x2,1256,1910,03/20/2024,False
3812,The Villages of Briar Forest,0525,3x2,1256,1910,03/21/2024,False
3813,The Villages of Briar Forest,0525,3x2,1256,2055,03/22/2024,False
3814,The Villages of Briar Forest,0525,3x2,1256,2055,03/23/2024,False
3815,The Villages of Briar Forest,0525,3x2,1256,2055,03/24/2024,False
3816,The Villages of Briar Forest,0525,3x2,1256,2055,03/25/2024,False
3817,The Villages of Briar Forest,0525,3x2,1256,2055,03/26/2024,False
3818,The Villages of Briar Forest,0525,3x2,1256,2055,03/27/2024,False
3819,The Villages of Briar Forest,0525,3x2,1256,2055,03/28/2024,False
3820,The Villages of Briar Forest,0525,3x2,1256,2055,03/29/2024,False
3821,The Villages of Briar Forest,0525,3x2,1256,2055,03/30/2024,False
3822,The Villages of Briar Forest,0525,3x2,1256,2050,03/31/2024,False
3823,The Villages of Briar Forest,0525,3x2,1256,2050,04/01/2024,False
3824,The Villages of Briar Forest,0525,3x2,1256,2050,04/02/2024,False
3825,The Villages of Briar Forest,0525,3x2,1256,2050,04/03/2024,False
3826,The Villages of Briar Forest,0525,3x2,1256,2050,04/04/2024,False
3827,The Villages of Briar Forest,0525,3x2,1256,2050,04/05/2024,False
3828,The Villages of Briar Forest,0525,3x2,1256,2105,04/06/2024,False
3829,The Villages of Briar Forest,0525,3x2,1256,2105,04/07/2024,False
3830,The Villages of Briar Forest,0525,3x2,1256,2105,04/08/2024,False
3831,The Villages of Briar Forest,0525,3x2,1256,2110,04/09/2024,False
3832,The Villages of Briar Forest,0525,3x2,1256,2110,04/10/2024,False
3833,The Villages of Briar Forest,0525,3x2,1256,2110,04/11/2024,False
3834,The Villages of Briar Forest,0525,3x2,1256,2110,04/12/2024,False
3835,The Villages of Briar Forest,0525,3x2,1256,2060,04/13/2024,False
3836,The Villages of Briar Forest,0525,3x2,1256,2060,04/14/2024,False
3837,The Villages of Briar Forest,0525,3x2,1256,2060,04/15/2024,False
3838,The Villages of Briar Forest,0525,3x2,1256,2060,04/16/2024,False
3839,The Villages of Briar Forest,0525,3x2,1256,2060,04/17/2024,False
3840,The Villages of Briar Forest,0525,3x2,1256,2060,04/18/2024,False
3841,The Villages of Briar Forest,0525,3x2,1256,2060,04/19/2024,False
3842,The Villages of Briar Forest,0525,3x2,1256,2060,04/20/2024,False
3843,The Villages of Briar Forest,0525,3x2,1256,2060,04/21/2024,False
3844,The Villages of Briar Forest,0525,3x2,1256,2060,04/22/2024,False
3845,The Villages of Briar Forest,0525,3x2,1256,2060,04/23/2024,False
3846,The Villages of Briar Forest,0525,3x2,1256,2060,04/24/2024,False
3847,The Villages of Briar Forest,0525,3x2,1256,2060,04/25/2024,False
3848,The Villages of Briar Forest,0525,3x2,1256,2030,04/26/2024,False
3849,The Villages of Briar Forest,0525,3x2,1256,2030,04/27/2024,False
3850,The Villages of Briar Forest,0525,3x2,1256,2030,04/28/2024,False
3851,The Villages of Briar Forest,0525,3x2,1256,2030,04/29/2024,False
3852,The Villages of Briar Forest,0525,3x2,1256,2030,04/30/2024,False
3853,The Villages of Briar Forest,0525,3x2,1256,2030,05/01/2024,False
3854,The Villages of Briar Forest,0525,3x2,1256,2030,05/02/2024,False
3855,The Villages of Briar Forest,0525,3x2,1256,2030,05/03/2024,False
3856,The Villages of Briar Forest,0525,3x2,1256,1995,05/04/2024,False
3857,The Villages of Briar Forest,0525,3x2,1256,1995,05/05/2024,False
3858,The Villages of Briar Forest,0525,3x2,1256,1993,05/06/2024,False
3859,The Villages of Briar Forest,0525,3x2,1256,1993,05/07/2024,False
3860,The Villages of Briar Forest,0525,3x2,1256,1993,05/08/2024,False
3861,The Villages of Briar Forest,0525,3x2,1256,1993,05/09/2024,False
3862,The Villages of Briar Forest,0525,3x2,1256,1975,05/10/2024,False
3863,The Villages of Briar Forest,0525,3x2,1256,1945,05/11/2024,False
3864,The Villages of Briar Forest,0525,3x2,1256,1945,05/12/2024,False
3865,The Villages of Briar Forest,0525,3x2,1256,1945,05/13/2024,False
3866,The Villages of Briar Forest,0525,3x2,1256,1945,05/14/2024,False
3867,The Villages of Briar Forest,0525,3x2,1256,1945,05/15/2024,False
3868,The Villages of Briar Forest,0525,3x2,1256,1945,05/16/2024,False
3869,The Villages of Briar Forest,0525,3x2,1256,1945,05/17/2024,False
3870,The Villages of Briar Forest,0525,3x2,1256,1945,05/18/2024,False
3871,The Villages of Briar Forest,0525,3x2,1256,1945,05/19/2024,False
3872,The Villages of Briar Forest,0525,3x2,1256,1945,05/20/2024,False
3873,The Villages of Briar Forest,0525,3x2,1256,1945,05/21/2024,False
3874,The Villages of Briar Forest,0525,3x2,1256,1945,05/22/2024,False
3875,The Villages of Briar Forest,0525,3x2,1256,1945,05/23/2024,False
3876,The Villages of Briar Forest,0525,3x2,1256,1974,05/24/2024,False
3877,The Villages of Briar Forest,0525,3x2,1256,1955,05/25/2024,False
3878,The Villages of Briar Forest,0525,3x2,1256,1955,05/26/2024,False
3879,The Villages of Briar Forest,0525,3x2,1256,1955,05/27/2024,False
3880,The Villages of Briar Forest,0525,3x2,1256,1955,05/28/2024,False
3881,The Villages of Briar Forest,0525,3x2,1256,1951,05/29/2024,False
3882,The Villages of Briar Forest,0525,3x2,1256,2000,05/30/2024,False
3883,The Villages of Briar Forest,0525,3x2,1256,1951,05/31/2024,False
3884,The Villages of Briar Forest,0525,3x2,1256,1951,06/01/2024,False
3885,The Villages of Briar Forest,0525,3x2,1256,1951,06/02/2024,False
3886,The Villages of Briar Forest,0525,3x2,1256,1951,06/03/2024,False
3887,The Villages of Briar Forest,0525,3x2,1256,1954,06/04/2024,False
3888,The Villages of Briar Forest,0525,3x2,1256,1951,06/05/2024,False
3889,The Villages of Briar Forest,0525,3x2,1256,1951,06/06/2024,False
3890,The Villages of Briar Forest,0525,3x2,1256,1951,06/07/2024,False
3891,The Villages of Briar Forest,0525,3x2,1256,2000,06/08/2024,False
3892,The Villages of Briar Forest,0525,3x2,1256,2000,06/09/2024,False
3893,The Villages of Briar Forest,0525,3x2,1256,2000,06/10/2024,False
3894,The Villages of Briar Forest,0525,3x2,1256,2000,06/11/2024,False
3895,The Villages of Briar Forest,0525,3x2,1256,2000,06/12/2024,False
3896,The Villages of Briar Forest,0525,3x2,1256,2000,06/13/2024,False
3897,The Villages of Briar Forest,0525,3x2,1256,2000,06/14/2024,False
3898,The Villages of Briar Forest,0525,3x2,1256,2000,06/15/2024,False
3899,The Villages of Briar Forest,0525,3x2,1256,2000,06/16/2024,False
3900,The Villages of Briar Forest,0525,3x2,1256,2039,06/17/2024,False
3901,The Villages of Briar Forest,0525,3x2,1256,2001,06/18/2024,False
3902,The Villages of Briar Forest,0525,3x2,1256,2007,06/19/2024,False
3903,The Villages of Briar Forest,0525,3x2,1256,2001,06/20/2024,False
3904,The Villages of Briar Forest,0525,3x2,1256,2001,06/21/2024,False
3905,The Villages of Briar Forest,0525,3x2,1256,2001,06/22/2024,False
3906,The Villages of Briar Forest,0525,3x2,1256,2001,06/23/2024,False
3907,The Villages of Briar Forest,0525,3x2,1256,1981,06/24/2024,False
3908,The Villages of Briar Forest,0525,3x2,1256,1981,06/25/2024,False
3909,The Villages of Briar Forest,0525,3x2,1256,1981,06/26/2024,False
3910,The Villages of Briar Forest,0525,3x2,1256,1981,06/27/2024,False
3911,The Villages of Briar Forest,0525,3x2,1256,1928,06/28/2024,False
3912,The Villages of Briar Forest,0525,3x2,1256,1928,06/29/2024,False
3913,The Villages of Briar Forest,0525,3x2,1256,1928,06/30/2024,False
3914,The Villages of Briar Forest,0525,3x2,1256,1928,07/01/2024,False
3915,The Villages of Briar Forest,0525,3x2,1256,1882,07/02/2024,False
3916,The Villages of Briar Forest,0525,3x2,1256,1882,07/03/2024,False
3917,The Villages of Briar Forest,0525,3x2,1256,1882,07/04/2024,False
3918,The Villages of Briar Forest,0525,3x2,1256,1877,07/05/2024,False
3919,The Villages of Briar Forest,0525,3x2,1256,1877,07/06/2024,False
3920,The Villages of Briar Forest,0525,3x2,1256,1877,07/07/2024,False
3921,The Villages of Briar Forest,0525,3x2,1256,1877,07/08/2024,False
3922,The Villages of Briar Forest,0525,3x2,1256,1877,07/09/2024,False
3923,The Villages of Briar Forest,0525,3x2,1256,1877,07/10/2024,False
3924,The Villages of Briar Forest,0525,3x2,1256,1877,07/11/2024,False
3925,The Villages of Briar Forest,0525,3x2,1256,1877,07/12/2024,False
3926,The Villages of Briar Forest,0525,3x2,1256,1877,07/13/2024,False
3927,The Villages of Briar Forest,0525,3x2,1256,1877,07/14/2024,False
3928,The Villages of Briar Forest,0525,3x2,1256,1877,07/15/2024,False
3929,The Villages of Briar Forest,0525,3x2,1256,1877,07/16/2024,False
3930,The Villages of Briar Forest,0525,3x2,1256,1822,07/17/2024,False
3931,The Villages of Briar Forest,0525,3x2,1256,1822,07/18/2024,False
3932,The Villages of Briar Forest,0525,3x2,1256,1822,07/19/2024,False
3933,The Villages of Briar Forest,0525,3x2,1256,1822,07/20/2024,False
3934,The Villages of Briar Forest,0525,3x2,1256,1822,07/21/2024,False
3935,The Villages of Briar Forest,0525,3x2,1256,1822,07/22/2024,False
3936,The Villages of Briar Forest,0525,3x2,1256,1822,07/23/2024,False
3937,The Villages of Briar Forest,0525,3x2,1256,1822,07/24/2024,False
3938,The Villages of Briar Forest,0525,3x2,1256,1822,07/25/2024,False
3939,The Villages of Briar Forest,0525,3x2,1256,1822,07/26/2024,False
3940,The Villages of Briar Forest,0525,3x2,1256,1822,07/27/2024,False
3941,The Villages of Briar Forest,0525,3x2,1256,1822,07/28/2024,False
3942,The Villages of Briar Forest,0525,3x2,1256,1822,07/29/2024,False
3943,The Villages of Briar Forest,0525,3x2,1256,1822,07/30/2024,False
3944,The Villages of Briar Forest,0525,3x2,1256,1822,07/31/2024,False
3945,The Villages of Briar Forest,0525,3x2,1256,1822,08/01/2024,False
3946,The Villages of Briar Forest,0525,3x2,1256,1822,08/02/2024,False
3947,The Villages of Briar Forest,0525,3x2,1256,1822,08/03/2024,False
3948,The Villages of Briar Forest,0525,3x2,1256,1822,08/04/2024,False
3949,The Villages of Briar Forest,0525,3x2,1256,1822,08/05/2024,False
3950,The Villages of Briar Forest,0525,3x2,1256,1822,08/06/2024,False
3951,The Villages of Briar Forest,0525,3x2,1256,1822,08/07/2024,False
3952,The Villages of Briar Forest,0525,3x2,1256,1870,08/08/2024,False
3953,The Villages of Briar Forest,0525,3x2,1256,1870,08/09/2024,False
3954,The Villages of Briar Forest,0525,3x2,1256,1870,08/10/2024,False
3955,The Villages of Briar Forest,0525,3x2,1256,1870,08/11/2024,False
3956,The Villages of Briar Forest,0525,3x2,1256,1870,08/12/2024,False
3957,The Villages of Briar Forest,0525,3x2,1256,1870,08/13/2024,False
3958,The Villages of Briar Forest,0525,3x2,1256,1870,08/14/2024,False
3959,The Villages of Briar Forest,0525,3x2,1256,1870,08/15/2024,False
3960,The Villages of Briar Forest,0525,3x2,1256,1880,08/16/2024,False
3961,The Villages of Briar Forest,0525,3x2,1256,1880,08/17/2024,False
3962,The Villages of Briar Forest,0525,3x2,1256,1880,08/18/2024,False
3963,The Villages of Briar Forest,0525,3x2,1256,1880,08/19/2024,False
3964,The Villages of Briar Forest,0525,3x2,1256,1880,08/20/2024,False
3965,The Villages of Briar Forest,0525,3x2,1256,1880,08/21/2024,False
3966,The Villages of Briar Forest,0525,3x2,1256,1880,08/22/2024,False
3967,The Villages of Briar Forest,0525,3x2,1256,1880,08/23/2024,False
3968,The Villages of Briar Forest,0525,3x2,1256,1880,08/24/2024,False
3969,The Villages of Briar Forest,0525,3x2,1256,1880,08/25/2024,False
3970,The Villages of Briar Forest,0525,3x2,1256,1880,08/26/2024,False
3971,The Villages of Briar Forest,0525,3x2,1256,1880,08/27/2024,False
3972,The Villages of Briar Forest,0525,3x2,1256,1845,08/28/2024,False
3973,The Villages of Briar Forest,0525,3x2,1256,1845,08/29/2024,False
3974,The Villages of Briar Forest,0525,3x2,1256,1855,08/30/2024,False
3975,The Villages of Briar Forest,0525,3x2,1256,1861,08/31/2024,False
3976,The Villages of Briar Forest,0525,3x2,1256,1855,09/01/2024,False
3977,The Villages of Briar Forest,0525,3x2,1256,1855,09/02/2024,False
3978,The Villages of Briar Forest,0525,3x2,1256,1855,09/03/2024,False
3979,The Villages of Briar Forest,0525,3x2,1256,1855,09/04/2024,False
3980,The Villages of Briar Forest,0525,3x2,1256,1855,09/05/2024,False
3981,The Villages of Briar Forest,0525,3x2,1256,1855,09/06/2024,False
3982,The Villages of Briar Forest,0525,3x2,1256,1861,09/07/2024,False
3983,The Villages of Briar Forest,0525,3x2,1256,1861,09/08/2024,False
3984,The Villages of Briar Forest,0525,3x2,1256,1861,09/09/2024,False
3985,The Villages of Briar Forest,0525,3x2,1256,1861,09/10/2024,False
3986,The Villages of Briar Forest,0525,3x2,1256,1861,09/11/2024,False
3987,The Villages of Briar Forest,0525,3x2,1256,1861,09/12/2024,False
3988,The Villages of Briar Forest,0525,3x2,1256,1895,09/13/2024,False
3989,The Villages of Briar Forest,0525,3x2,1256,1895,09/14/2024,False
3990,The Villages of Briar Forest,0525,3x2,1256,1895,09/15/2024,False
3991,The Villages of Briar Forest,0525,3x2,1256,1895,09/16/2024,False
3992,The Villages of Briar Forest,0525,3x2,1256,1930,09/17/2024,False
3993,The Villages of Briar Forest,0525,3x2,1256,1925,09/18/2024,False
3994,The Villages of Briar Forest,0525,3x2,1256,1935,09/19/2024,False
3995,The Villages of Briar Forest,0525,3x2,1256,1945,09/20/2024,False
3996,The Villages of Briar Forest,0525,3x2,1256,1945,09/21/2024,False
3997,The Villages of Briar Forest,0525,3x2,1256,1945,09/22/2024,False
3998,The Villages of Briar Forest,0525,3x2,1256,1940,09/23/2024,False
3999,The Villages of Briar Forest,0525,3x2,1256,1940,09/24/2024,False
4000,The Villages of Briar Forest,0525,3x2,1256,1930,09/25/2024,False
4001,The Villages of Briar Forest,0525,3x2,1256,1930,09/26/2024,False
4002,The Villages of Briar Forest,0525,3x2,1256,1885,09/27/2024,False
4003,The Villages of Briar Forest,0525,3x2,1256,1880,09/28/2024,False
4004,The Villages of Briar Forest,0525,3x2,1256,1915,09/29/2024,False
4005,The Villages of Briar Forest,0525,3x2,1256,1890,09/30/2024,False
4006,The Villages of Briar Forest,0525,3x2,1256,1890,10/01/2024,False
4007,The Villages of Briar Forest,0525,3x2,1256,1885,10/02/2024,False
4008,The Villages of Briar Forest,0525,3x2,1256,1885,10/03/2024,False
4009,The Villages of Briar Forest,0525,3x2,1256,1885,10/04/2024,False
4010,The Villages of Briar Forest,0525,3x2,1256,1880,10/05/2024,False
4011,The Villages of Briar Forest,0525,3x2,1256,1890,10/06/2024,False
4012,The Villages of Briar Forest,0525,3x2,1256,1885,10/07/2024,False
4013,The Villages of Briar Forest,0525,3x2,1256,1890,10/08/2024,False
4014,The Villages of Briar Forest,0525,3x2,1256,1890,10/09/2024,False
4015,The Villages of Briar Forest,0525,3x2,1256,1840,10/10/2024,False
4016,The Villages of Briar Forest,0525,3x2,1256,1840,10/11/2024,False
4017,The Villages of Briar Forest,0525,3x2,1256,1835,10/12/2024,False
4018,The Villages of Briar Forest,0525,3x2,1256,1835,10/13/2024,False
4019,The Villages of Briar Forest,0525,3x2,1256,1835,10/14/2024,False
4020,The Villages of Briar Forest,0525,3x2,1256,1830,10/15/2024,False
4021,The Villages of Briar Forest,0525,3x2,1256,1830,10/16/2024,False
4022,The Villages of Briar Forest,0525,3x2,1256,1830,10/17/2024,False
4023,The Villages of Briar Forest,0525,3x2,1256,1830,10/18/2024,False
4024,The Villages of Briar Forest,0525,3x2,1256,1830,10/19/2024,False
4025,The Villages of Briar Forest,0525,3x2,1256,1830,10/20/2024,False
4026,The Villages of Briar Forest,0525,3x2,1256,1830,10/21/2024,False
4027,The Villages of Briar Forest,0525,3x2,1256,1830,10/22/2024,False
4028,The Villages of Briar Forest,0525,3x2,1256,1830,10/23/2024,False
4029,The Villages of Briar Forest,0525,3x2,1256,1830,10/24/2024,False
4030,The Villages of Briar Forest,0525,3x2,1256,1830,10/25/2024,False
4031,The Villages of Briar Forest,0525,3x2,1256,1830,10/26/2024,False
4032,The Villages of Briar Forest,0525,3x2,1256,1830,10/27/2024,False
4033,The Villages of Briar Forest,0525,3x2,1256,1905,10/28/2024,False
4034,The Villages of Briar Forest,0525,3x2,1256,1905,10/29/2024,False
4035,The Villages of Briar Forest,0525,3x2,1256,1905,10/30/2024,False
4036,The Villages of Briar Forest,0525,3x2,1256,1905,10/31/2024,False
4037,The Villages of Briar Forest,0525,3x2,1256,1905,11/01/2024,False
4038,The Villages of Briar Forest,0525,3x2,1256,1905,11/02/2024,False
4039,The Villages of Briar Forest,0525,3x2,1256,1905,11/03/2024,False
4040,The Villages of Briar Forest,0525,3x2,1256,1905,11/04/2024,False
4041,The Villages of Briar Forest,0525,3x2,1256,1855,11/05/2024,False
4042,The Villages of Briar Forest,0525,3x2,1256,1855,11/06/2024,False
4043,The Villages of Briar Forest,0525,3x2,1256,1855,11/07/2024,False
4044,The Villages of Briar Forest,0525,3x2,1256,1855,11/08/2024,False
4045,The Villages of Briar Forest,0525,3x2,1256,1855,11/09/2024,False
4046,The Villages of Briar Forest,0525,3x2,1256,1855,11/10/2024,False
4047,The Villages of Briar Forest,0525,3x2,1256,1855,11/11/2024,False
4048,The Villages of Briar Forest,0525,3x2,1256,1855,11/12/2024,False
4049,The Villages of Briar Forest,0525,3x2,1256,1855,11/13/2024,False
4050,The Villages of Briar Forest,0525,3x2,1256,1855,11/14/2024,False
4051,The Villages of Briar Forest,0525,3x2,1256,1855,11/15/2024,False
4052,The Villages of Briar Forest,0525,3x2,1256,1855,11/16/2024,False
4053,The Villages of Briar Forest,0525,3x2,1256,1855,11/17/2024,False
4054,The Villages of Briar Forest,0525,3x2,1256,1855,11/18/2024,False
4055,The Villages of Briar Forest,0525,3x2,1256,1855,11/19/2024,False
4056,The Villages of Briar Forest,0525,3x2,1256,1855,11/20/2024,False
4057,The Villages of Briar Forest,0525,3x2,1256,1855,11/21/2024,False
4058,The Villages of Briar Forest,0525,3x2,1256,1905,11/22/2024,False
4059,The Villages of Briar Forest,0525,3x2,1256,1830,11/23/2024,False
4060,The Villages of Briar Forest,0525,3x2,1256,1830,11/24/2024,False
4061,The Villages of Briar Forest,0525,3x2,1256,1830,11/25/2024,False
4062,The Villages of Briar Forest,0525,3x2,1256,1905,11/26/2024,False
4063,The Villages of Briar Forest,0525,3x2,1256,1830,11/27/2024,False
4064,The Villages of Briar Forest,0525,3x2,1256,1830,11/28/2024,False
4065,The Villages of Briar Forest,0525,3x2,1256,1830,11/29/2024,False
4066,The Villages of Briar Forest,0525,3x2,1256,1830,11/30/2024,False
4067,The Villages of Briar Forest,0525,3x2,1256,1830,12/01/2024,False
4068,The Villages of Briar Forest,0525,3x2,1256,1830,12/02/2024,False
4069,The Villages of Briar Forest,0525,3x2,1256,1830,12/03/2024,False
4070,The Villages of Briar Forest,0525,3x2,1256,1830,12/04/2024,False
4071,The Villages of Briar Forest,0525,3x2,1256,1830,12/05/2024,False
4072,The Villages of Briar Forest,0525,3x2,1256,1830,12/06/2024,False
4073,The Villages of Briar Forest,0525,3x2,1256,1830,12/07/2024,False
4074,The Villages of Briar Forest,0525,3x2,1256,1830,12/08/2024,False
4075,The Villages of Briar Forest,0525,3x2,1256,1830,12/09/2024,False
4076,The Villages of Briar Forest,0525,3x2,1256,1830,12/10/2024,False
4077,The Villages of Briar Forest,0525,3x2,1256,1830,12/11/2024,False
4078,The Villages of Briar Forest,0525,3x2,1256,1830,12/12/2024,False
4079,The Villages of Briar Forest,0525,3x2,1256,1830,12/13/2024,False
4080,The Villages of Briar Forest,0525,3x2,1256,1830,12/14/2024,False
4081,The Villages of Briar Forest,0525,3x2,1256,1830,12/15/2024,False
4082,The Villages of Briar Forest,0525,3x2,1256,1830,12/16/2024,False
4083,The Villages of Briar Forest,0525,3x2,1256,1830,12/17/2024,False
4084,The Villages of Briar Forest,0525,3x2,1256,1880,12/18/2024,False
4085,The Villages of Briar Forest,0525,3x2,1256,1880,12/19/2024,False
4086,The Villages of Briar Forest,0525,3x2,1256,1830,12/20/2024,False
4087,The Villages of Briar Forest,0525,3x2,1256,1830,12/21/2024,False
4088,The Villages of Briar Forest,0525,3x2,1256,1830,12/22/2024,False
4089,The Villages of Briar Forest,0525,3x2,1256,1830,12/23/2024,False
4090,The Villages of Briar Forest,0525,3x2,1256,1830,12/24/2024,False
4091,The Villages of Briar Forest,0525,3x2,1256,1882,12/25/2024,False
4092,The Villages of Briar Forest,0525,3x2,1256,1878,12/26/2024,False
4093,The Villages of Briar Forest,0525,3x2,1256,1898,12/27/2024,False
4094,The Villages of Briar Forest,0525,3x2,1256,1902,12/28/2024,False
4095,The Villages of Briar Forest,0525,3x2,1256,1902,12/29/2024,False
4096,The Villages of Briar Forest,0525,3x2,1256,1902,12/30/2024,False
4097,The Villages of Briar Forest,0525,3x2,1256,1898,12/31/2024,False
4098,The Villages of Briar Forest,0525,3x2,1256,1960,01/01/2025,False
4099,The Villages of Briar Forest,0525,3x2,1256,1898,01/02/2025,False
4100,The Villages of Briar Forest,0525,3x2,1256,1830,01/03/2025,False
4101,The Villages of Briar Forest,0525,3x2,1256,1830,01/04/2025,False
4102,The Villages of Briar Forest,0525,3x2,1256,1830,01/05/2025,False
4103,The Villages of Briar Forest,0525,3x2,1256,1830,01/06/2025,False
4104,The Villages of Briar Forest,0525,3x2,1256,1830,01/07/2025,False
4105,The Villages of Briar Forest,0525,3x2,1256,1830,01/08/2025,False
4106,The Villages of Briar Forest,0525,3x2,1256,1830,01/09/2025,False
4107,The Villages of Briar Forest,0525,3x2,1256,1870,01/10/2025,False
4108,The Villages of Briar Forest,0525,3x2,1256,1880,01/11/2025,False
4109,The Villages of Briar Forest,0525,3x2,1256,1880,01/12/2025,False
4110,The Villages of Briar Forest,0525,3x2,1256,1880,01/13/2025,False
4111,The Villages of Briar Forest,0525,3x2,1256,1880,01/14/2025,False
4112,The Villages of Briar Forest,0525,3x2,1256,1880,01/15/2025,True
4113,The Villages of Briar Forest,0526,2x2,972,1330,02/01/2024,False
4114,The Villages of Briar Forest,0526,2x2,972,1330,02/02/2024,False
4115,The Villages of Briar Forest,0526,2x2,972,1365,02/03/2024,False
4116,The Villages of Briar Forest,0526,2x2,972,1365,02/04/2024,False
4117,The Villages of Briar Forest,0526,2x2,972,1365,02/05/2024,False
4118,The Villages of Briar Forest,0526,2x2,972,1365,02/06/2024,False
4119,The Villages of Briar Forest,0526,2x2,972,1365,02/07/2024,False
4120,The Villages of Briar Forest,0526,2x2,972,1365,02/08/2024,False
4121,The Villages of Briar Forest,0526,2x2,972,1365,02/09/2024,False
4122,The Villages of Briar Forest,0526,2x2,972,1325,02/10/2024,False
4123,The Villages of Briar Forest,0526,2x2,972,1325,02/11/2024,False
4124,The Villages of Briar Forest,0526,2x2,972,1325,02/12/2024,False
4125,The Villages of Briar Forest,0526,2x2,972,1325,02/13/2024,False
4126,The Villages of Briar Forest,0526,2x2,972,1345,02/14/2024,False
4127,The Villages of Briar Forest,0526,2x2,972,1345,02/15/2024,False
4128,The Villages of Briar Forest,0526,2x2,972,1345,02/16/2024,False
4129,The Villages of Briar Forest,0526,2x2,972,1325,02/17/2024,False
4130,The Villages of Briar Forest,0526,2x2,972,1325,02/18/2024,False
4131,The Villages of Briar Forest,0526,2x2,972,1325,02/19/2024,False
4132,The Villages of Briar Forest,0526,2x2,972,1325,02/20/2024,False
4133,The Villages of Briar Forest,0526,2x2,972,1325,02/21/2024,False
4134,The Villages of Briar Forest,0526,2x2,972,1325,02/22/2024,False
4135,The Villages of Briar Forest,0526,2x2,972,1325,02/23/2024,False
4136,The Villages of Briar Forest,0526,2x2,972,1325,02/24/2024,False
4137,The Villages of Briar Forest,0526,2x2,972,1325,02/25/2024,False
4138,The Villages of Briar Forest,0526,2x2,972,1295,02/26/2024,False
4139,The Villages of Briar Forest,0526,2x2,972,1325,02/27/2024,False
4140,The Villages of Briar Forest,0526,2x2,972,1325,02/28/2024,False
4141,The Villages of Briar Forest,0526,2x2,972,1295,02/29/2024,False
4142,The Villages of Briar Forest,0526,2x2,972,1295,03/01/2024,False
4143,The Villages of Briar Forest,0526,2x2,972,1295,03/02/2024,False
4144,The Villages of Briar Forest,0526,2x2,972,1295,03/03/2024,False
4145,The Villages of Briar Forest,0526,2x2,972,1295,03/04/2024,False
4146,The Villages of Briar Forest,0526,2x2,972,1295,03/05/2024,False
4147,The Villages of Briar Forest,0526,2x2,972,1295,03/06/2024,False
4148,The Villages of Briar Forest,0526,2x2,972,1295,03/07/2024,False
4149,The Villages of Briar Forest,0526,2x2,972,1295,03/08/2024,False
4150,The Villages of Briar Forest,0526,2x2,972,1290,03/09/2024,False
4151,The Villages of Briar Forest,0526,2x2,972,1290,03/10/2024,False
4152,The Villages of Briar Forest,0526,2x2,972,1290,03/11/2024,False
4153,The Villages of Briar Forest,0526,2x2,972,1290,03/12/2024,False
4154,The Villages of Briar Forest,0526,2x2,972,1290,03/13/2024,False
4155,The Villages of Briar Forest,0526,2x2,972,1290,03/14/2024,False
4156,The Villages of Briar Forest,0526,2x2,972,1290,03/15/2024,True
4157,The Villages of Briar Forest,0527,2x2,972,1555,02/24/2025,False
4158,The Villages of Briar Forest,0527,2x2,972,1560,02/25/2025,False
4159,The Villages of Briar Forest,0527,2x2,972,1565,02/26/2025,False
4160,The Villages of Briar Forest,0527,2x2,972,1565,02/27/2025,False
4161,The Villages of Briar Forest,0527,2x2,972,1575,02/28/2025,False
4162,The Villages of Briar Forest,0527,2x2,972,1575,03/01/2025,False
4163,The Villages of Briar Forest,0527,2x2,972,1575,03/02/2025,False
4164,The Villages of Briar Forest,0527,2x2,972,1575,03/03/2025,False
4165,The Villages of Briar Forest,0527,2x2,972,1575,03/04/2025,False
4166,The Villages of Briar Forest,0527,2x2,972,1570,03/05/2025,False
4167,The Villages of Briar Forest,0527,2x2,972,1580,03/06/2025,False
4168,The Villages of Briar Forest,0527,2x2,972,1585,03/07/2025,False
4169,The Villages of Briar Forest,0527,2x2,972,1580,03/08/2025,False
4170,The Villages of Briar Forest,0527,2x2,972,1580,03/09/2025,False
4171,The Villages of Briar Forest,0527,2x2,972,1585,03/10/2025,False
4172,The Villages of Briar Forest,0527,2x2,972,1585,03/11/2025,False
4173,The Villages of Briar Forest,0527,2x2,972,1585,03/12/2025,False
4174,The Villages of Briar Forest,0527,2x2,972,1585,03/13/2025,False
4175,The Villages of Briar Forest,0527,2x2,972,1585,03/14/2025,False
4176,The Villages of Briar Forest,0527,2x2,972,1585,03/15/2025,False
4177,The Villages of Briar Forest,0527,2x2,972,1585,03/16/2025,False
4178,The Villages of Briar Forest,0527,2x2,972,1585,03/17/2025,False
4179,The Villages of Briar Forest,0527,2x2,972,1585,03/18/2025,False
4180,The Villages of Briar Forest,0527,2x2,972,1520,03/19/2025,False
4181,The Villages of Briar Forest,0527,2x2,972,1520,03/20/2025,False
4182,The Villages of Briar Forest,0527,2x2,972,1520,03/21/2025,False
4183,The Villages of Briar Forest,0527,2x2,972,1520,03/22/2025,False
4184,The Villages of Briar Forest,0527,2x2,972,1520,03/23/2025,False
4185,The Villages of Briar Forest,0527,2x2,972,1520,03/24/2025,False
4186,The Villages of Briar Forest,0527,2x2,972,1520,03/25/2025,False
4187,The Villages of Briar Forest,0527,2x2,972,1685,03/26/2025,False
4188,The Villages of Briar Forest,0527,2x2,972,1685,03/27/2025,False
4189,The Villages of Briar Forest,0527,2x2,972,1685,03/28/2025,False
4190,The Villages of Briar Forest,0527,2x2,972,1685,03/29/2025,False
4191,The Villages of Briar Forest,0527,2x2,972,1685,03/30/2025,False
4192,The Villages of Briar Forest,0527,2x2,972,1685,03/31/2025,False
4193,The Villages of Briar Forest,0527,2x2,972,1685,04/01/2025,True
4194,The Villages of Briar Forest,0528,3x2,1256,1735,03/07/2024,False
4195,The Villages of Briar Forest,0528,3x2,1256,1735,03/08/2024,False
4196,The Villages of Briar Forest,0528,3x2,1256,1730,03/09/2024,False
4197,The Villages of Briar Forest,0528,3x2,1256,1730,03/10/2024,False
4198,The Villages of Briar Forest,0528,3x2,1256,1730,03/11/2024,False
4199,The Villages of Briar Forest,0528,3x2,1256,1730,03/12/2024,False
4200,The Villages of Briar Forest,0528,3x2,1256,1730,03/13/2024,False
4201,The Villages of Briar Forest,0528,3x2,1256,1730,03/14/2024,False
4202,The Villages of Briar Forest,0528,3x2,1256,1730,03/15/2024,False
4203,The Villages of Briar Forest,0528,3x2,1256,1760,03/16/2024,False
4204,The Villages of Briar Forest,0528,3x2,1256,1760,03/17/2024,False
4205,The Villages of Briar Forest,0528,3x2,1256,1760,03/18/2024,False
4206,The Villages of Briar Forest,0528,3x2,1256,1760,03/19/2024,False
4207,The Villages of Briar Forest,0528,3x2,1256,1760,03/20/2024,False
4208,The Villages of Briar Forest,0528,3x2,1256,1760,03/21/2024,False
4209,The Villages of Briar Forest,0528,3x2,1256,1905,03/22/2024,False
4210,The Villages of Briar Forest,0528,3x2,1256,1905,03/23/2024,False
4211,The Villages of Briar Forest,0528,3x2,1256,1905,03/24/2024,False
4212,The Villages of Briar Forest,0528,3x2,1256,1905,03/25/2024,False
4213,The Villages of Briar Forest,0528,3x2,1256,1905,03/26/2024,False
4214,The Villages of Briar Forest,0528,3x2,1256,1905,03/27/2024,False
4215,The Villages of Briar Forest,0528,3x2,1256,1905,03/28/2024,False
4216,The Villages of Briar Forest,0528,3x2,1256,1905,03/29/2024,False
4217,The Villages of Briar Forest,0528,3x2,1256,1905,03/30/2024,False
4218,The Villages of Briar Forest,0528,3x2,1256,1905,03/31/2024,False
4219,The Villages of Briar Forest,0528,3x2,1256,1905,04/01/2024,False
4220,The Villages of Briar Forest,0528,3x2,1256,1905,04/02/2024,False
4221,The Villages of Briar Forest,0528,3x2,1256,1905,04/03/2024,False
4222,The Villages of Briar Forest,0528,3x2,1256,1905,04/04/2024,False
4223,The Villages of Briar Forest,0528,3x2,1256,1905,04/05/2024,False
4224,The Villages of Briar Forest,0528,3x2,1256,1960,04/06/2024,False
4225,The Villages of Briar Forest,0528,3x2,1256,1960,04/07/2024,False
4226,The Villages of Briar Forest,0528,3x2,1256,1960,04/08/2024,False
4227,The Villages of Briar Forest,0528,3x2,1256,1960,04/09/2024,False
4228,The Villages of Briar Forest,0528,3x2,1256,1960,04/10/2024,False
4229,The Villages of Briar Forest,0528,3x2,1256,1960,04/11/2024,False
4230,The Villages of Briar Forest,0528,3x2,1256,1960,04/12/2024,False
4231,The Villages of Briar Forest,0528,3x2,1256,1910,04/13/2024,False
4232,The Villages of Briar Forest,0528,3x2,1256,1910,04/14/2024,False
4233,The Villages of Briar Forest,0528,3x2,1256,1910,04/15/2024,False
4234,The Villages of Briar Forest,0528,3x2,1256,1910,04/16/2024,False
4235,The Villages of Briar Forest,0528,3x2,1256,1910,04/17/2024,False
4236,The Villages of Briar Forest,0528,3x2,1256,1910,04/18/2024,False
4237,The Villages of Briar Forest,0528,3x2,1256,1910,04/19/2024,False
4238,The Villages of Briar Forest,0528,3x2,1256,1910,04/20/2024,False
4239,The Villages of Briar Forest,0528,3x2,1256,1910,04/21/2024,False
4240,The Villages of Briar Forest,0528,3x2,1256,1910,04/22/2024,False
4241,The Villages of Briar Forest,0528,3x2,1256,1910,04/23/2024,False
4242,The Villages of Briar Forest,0528,3x2,1256,1910,04/24/2024,False
4243,The Villages of Briar Forest,0528,3x2,1256,1910,04/25/2024,False
4244,The Villages of Briar Forest,0528,3x2,1256,1880,04/26/2024,False
4245,The Villages of Briar Forest,0528,3x2,1256,1880,04/27/2024,False
4246,The Villages of Briar Forest,0528,3x2,1256,1880,04/28/2024,False
4247,The Villages of Briar Forest,0528,3x2,1256,1880,04/29/2024,False
4248,The Villages of Briar Forest,0528,3x2,1256,1880,04/30/2024,False
4249,The Villages of Briar Forest,0528,3x2,1256,1880,05/01/2024,False
4250,The Villages of Briar Forest,0528,3x2,1256,1880,05/02/2024,False
4251,The Villages of Briar Forest,0528,3x2,1256,1880,05/03/2024,False
4252,The Villages of Briar Forest,0528,3x2,1256,1845,05/04/2024,False
4253,The Villages of Briar Forest,0528,3x2,1256,1845,05/05/2024,False
4254,The Villages of Briar Forest,0528,3x2,1256,1845,05/06/2024,False
4255,The Villages of Briar Forest,0528,3x2,1256,1845,05/07/2024,False
4256,The Villages of Briar Forest,0528,3x2,1256,1845,05/08/2024,False
4257,The Villages of Briar Forest,0528,3x2,1256,1845,05/09/2024,False
4258,The Villages of Briar Forest,0528,3x2,1256,1828,05/10/2024,False
4259,The Villages of Briar Forest,0528,3x2,1256,1795,05/11/2024,False
4260,The Villages of Briar Forest,0528,3x2,1256,1795,05/12/2024,False
4261,The Villages of Briar Forest,0528,3x2,1256,1795,05/13/2024,False
4262,The Villages of Briar Forest,0528,3x2,1256,1795,05/14/2024,False
4263,The Villages of Briar Forest,0528,3x2,1256,1795,05/15/2024,False
4264,The Villages of Briar Forest,0528,3x2,1256,1795,05/16/2024,False
4265,The Villages of Briar Forest,0528,3x2,1256,1790,05/17/2024,False
4266,The Villages of Briar Forest,0528,3x2,1256,1790,05/18/2024,False
4267,The Villages of Briar Forest,0528,3x2,1256,1790,05/19/2024,False
4268,The Villages of Briar Forest,0528,3x2,1256,1790,05/20/2024,False
4269,The Villages of Briar Forest,0528,3x2,1256,1810,05/21/2024,False
4270,The Villages of Briar Forest,0528,3x2,1256,1810,05/22/2024,False
4271,The Villages of Briar Forest,0528,3x2,1256,1810,05/23/2024,False
4272,The Villages of Briar Forest,0528,3x2,1256,1821,05/24/2024,False
4273,The Villages of Briar Forest,0528,3x2,1256,1820,05/25/2024,False
4274,The Villages of Briar Forest,0528,3x2,1256,1820,05/26/2024,False
4275,The Villages of Briar Forest,0528,3x2,1256,1806,05/27/2024,False
4276,The Villages of Briar Forest,0528,3x2,1256,1820,05/28/2024,False
4277,The Villages of Briar Forest,0528,3x2,1256,1816,05/29/2024,False
4278,The Villages of Briar Forest,0528,3x2,1256,1865,05/30/2024,False
4279,The Villages of Briar Forest,0528,3x2,1256,1816,05/31/2024,False
4280,The Villages of Briar Forest,0528,3x2,1256,1816,06/01/2024,False
4281,The Villages of Briar Forest,0528,3x2,1256,1816,06/02/2024,False
4282,The Villages of Briar Forest,0528,3x2,1256,1816,06/03/2024,False
4283,The Villages of Briar Forest,0528,3x2,1256,1819,06/04/2024,False
4284,The Villages of Briar Forest,0528,3x2,1256,1816,06/05/2024,False
4285,The Villages of Briar Forest,0528,3x2,1256,1816,06/06/2024,False
4286,The Villages of Briar Forest,0528,3x2,1256,1816,06/07/2024,False
4287,The Villages of Briar Forest,0528,3x2,1256,1865,06/08/2024,False
4288,The Villages of Briar Forest,0528,3x2,1256,1865,06/09/2024,False
4289,The Villages of Briar Forest,0528,3x2,1256,1989,06/10/2024,False
4290,The Villages of Briar Forest,0528,3x2,1256,1800,06/11/2024,False
4291,The Villages of Briar Forest,0528,3x2,1256,1800,06/12/2024,False
4292,The Villages of Briar Forest,0528,3x2,1256,1800,06/13/2024,False
4293,The Villages of Briar Forest,0528,3x2,1256,1800,06/14/2024,True
4294,The Villages of Briar Forest,0611,2x2,972,1490,09/11/2024,False
4295,The Villages of Briar Forest,0611,2x2,972,1490,09/12/2024,False
4296,The Villages of Briar Forest,0611,2x2,972,1471,09/13/2024,False
4297,The Villages of Briar Forest,0611,2x2,972,1471,09/14/2024,True
4298,The Villages of Briar Forest,0614,2x2,972,1350,12/06/2023,False
4299,The Villages of Briar Forest,0614,2x2,972,1350,12/07/2023,False
4300,The Villages of Briar Forest,0614,2x2,972,1350,12/08/2023,False
4301,The Villages of Briar Forest,0614,2x2,972,1350,12/09/2023,False
4302,The Villages of Briar Forest,0614,2x2,972,1350,12/10/2023,False
4303,The Villages of Briar Forest,0614,2x2,972,1350,12/11/2023,False
4304,The Villages of Briar Forest,0614,2x2,972,1350,12/12/2023,False
4305,The Villages of Briar Forest,0614,2x2,972,1350,12/13/2023,False
4306,The Villages of Briar Forest,0614,2x2,972,1350,12/14/2023,False
4307,The Villages of Briar Forest,0614,2x2,972,1350,12/15/2023,False
4308,The Villages of Briar Forest,0614,2x2,972,1350,12/16/2023,False
4309,The Villages of Briar Forest,0614,2x2,972,1350,12/17/2023,False
4310,The Villages of Briar Forest,0614,2x2,972,1350,12/18/2023,False
4311,The Villages of Briar Forest,0614,2x2,972,1350,12/19/2023,False
4312,The Villages of Briar Forest,0614,2x2,972,1350,12/20/2023,False
4313,The Villages of Briar Forest,0614,2x2,972,1350,12/21/2023,False
4314,The Villages of Briar Forest,0614,2x2,972,1350,12/22/2023,False
4315,The Villages of Briar Forest,0614,2x2,972,1350,12/23/2023,False
4316,The Villages of Briar Forest,0614,2x2,972,1350,12/24/2023,False
4317,The Villages of Briar Forest,0614,2x2,972,1350,12/25/2023,False
4318,The Villages of Briar Forest,0614,2x2,972,1350,12/26/2023,False
4319,The Villages of Briar Forest,0614,2x2,972,1350,12/27/2023,False
4320,The Villages of Briar Forest,0614,2x2,972,1350,12/28/2023,False
4321,The Villages of Briar Forest,0614,2x2,972,1350,12/29/2023,False
4322,The Villages of Briar Forest,0614,2x2,972,1350,12/30/2023,False
4323,The Villages of Briar Forest,0614,2x2,972,1350,12/31/2023,False
4324,The Villages of Briar Forest,0614,2x2,972,1350,01/01/2024,False
4325,The Villages of Briar Forest,0614,2x2,972,1350,01/02/2024,False
4326,The Villages of Briar Forest,0614,2x2,972,1350,01/03/2024,False
4327,The Villages of Briar Forest,0614,2x2,972,1350,01/04/2024,False
4328,The Villages of Briar Forest,0614,2x2,972,1350,01/05/2024,False
4329,The Villages of Briar Forest,0614,2x2,972,1350,01/06/2024,False
4330,The Villages of Briar Forest,0614,2x2,972,1290,01/07/2024,False
4331,The Villages of Briar Forest,0614,2x2,972,1290,01/08/2024,False
4332,The Villages of Briar Forest,0614,2x2,972,1290,01/09/2024,False
4333,The Villages of Briar Forest,0614,2x2,972,1290,01/10/2024,False
4334,The Villages of Briar Forest,0614,2x2,972,1290,01/11/2024,False
4335,The Villages of Briar Forest,0614,2x2,972,1290,01/12/2024,False
4336,The Villages of Briar Forest,0614,2x2,972,1345,01/13/2024,False
4337,The Villages of Briar Forest,0614,2x2,972,1365,01/14/2024,False
4338,The Villages of Briar Forest,0614,2x2,972,1365,01/15/2024,False
4339,The Villages of Briar Forest,0614,2x2,972,1365,01/16/2024,False
4340,The Villages of Briar Forest,0614,2x2,972,1365,01/17/2024,False
4341,The Villages of Briar Forest,0614,2x2,972,1365,01/18/2024,False
4342,The Villages of Briar Forest,0614,2x2,972,1365,01/19/2024,False
4343,The Villages of Briar Forest,0614,2x2,972,1290,01/20/2024,False
4344,The Villages of Briar Forest,0614,2x2,972,1290,01/21/2024,False
4345,The Villages of Briar Forest,0614,2x2,972,1290,01/22/2024,False
4346,The Villages of Briar Forest,0614,2x2,972,1290,01/23/2024,False
4347,The Villages of Briar Forest,0614,2x2,972,1290,01/24/2024,True
4348,The Villages of Briar Forest,0614,2x2,972,1268,07/23/2024,False
4349,The Villages of Briar Forest,0614,2x2,972,1262,07/24/2024,False
4350,The Villages of Briar Forest,0614,2x2,972,1262,07/25/2024,False
4351,The Villages of Briar Forest,0614,2x2,972,1262,07/26/2024,False
4352,The Villages of Briar Forest,0614,2x2,972,1262,07/27/2024,False
4353,The Villages of Briar Forest,0614,2x2,972,1262,07/28/2024,False
4354,The Villages of Briar Forest,0614,2x2,972,1262,07/29/2024,False
4355,The Villages of Briar Forest,0614,2x2,972,1262,07/30/2024,False
4356,The Villages of Briar Forest,0614,2x2,972,1262,07/31/2024,False
4357,The Villages of Briar Forest,0614,2x2,972,1262,08/01/2024,False
4358,The Villages of Briar Forest,0614,2x2,972,1262,08/02/2024,False
4359,The Villages of Briar Forest,0614,2x2,972,1262,08/03/2024,False
4360,The Villages of Briar Forest,0614,2x2,972,1262,08/04/2024,False
4361,The Villages of Briar Forest,0614,2x2,972,1262,08/05/2024,False
4362,The Villages of Briar Forest,0614,2x2,972,1262,08/06/2024,False
4363,The Villages of Briar Forest,0614,2x2,972,1262,08/07/2024,False
4364,The Villages of Briar Forest,0614,2x2,972,1262,08/08/2024,False
4365,The Villages of Briar Forest,0614,2x2,972,1262,08/09/2024,False
4366,The Villages of Briar Forest,0614,2x2,972,1262,08/10/2024,False
4367,The Villages of Briar Forest,0614,2x2,972,1262,08/11/2024,False
4368,The Villages of Briar Forest,0614,2x2,972,1262,08/12/2024,False
4369,The Villages of Briar Forest,0614,2x2,972,1262,08/13/2024,False
4370,The Villages of Briar Forest,0614,2x2,972,1262,08/14/2024,False
4371,The Villages of Briar Forest,0614,2x2,972,1262,08/15/2024,False
4372,The Villages of Briar Forest,0614,2x2,972,1330,08/16/2024,False
4373,The Villages of Briar Forest,0614,2x2,972,1330,08/17/2024,False
4374,The Villages of Briar Forest,0614,2x2,972,1330,08/18/2024,False
4375,The Villages of Briar Forest,0614,2x2,972,1330,08/19/2024,False
4376,The Villages of Briar Forest,0614,2x2,972,1330,08/20/2024,False
4377,The Villages of Briar Forest,0614,2x2,972,1330,08/21/2024,False
4378,The Villages of Briar Forest,0614,2x2,972,1390,08/22/2024,False
4379,The Villages of Briar Forest,0614,2x2,972,1390,08/23/2024,False
4380,The Villages of Briar Forest,0614,2x2,972,1325,08/24/2024,False
4381,The Villages of Briar Forest,0614,2x2,972,1325,08/25/2024,False
4382,The Villages of Briar Forest,0614,2x2,972,1325,08/26/2024,False
4383,The Villages of Briar Forest,0614,2x2,972,1325,08/27/2024,False
4384,The Villages of Briar Forest,0614,2x2,972,1293,08/28/2024,False
4385,The Villages of Briar Forest,0614,2x2,972,1293,08/29/2024,True
4386,The Villages of Briar Forest,0616,2x2,972,1450,08/08/2024,False
4387,The Villages of Briar Forest,0616,2x2,972,1450,08/09/2024,False
4388,The Villages of Briar Forest,0616,2x2,972,1450,08/10/2024,False
4389,The Villages of Briar Forest,0616,2x2,972,1450,08/11/2024,False
4390,The Villages of Briar Forest,0616,2x2,972,1450,08/12/2024,False
4391,The Villages of Briar Forest,0616,2x2,972,1450,08/13/2024,False
4392,The Villages of Briar Forest,0616,2x2,972,1450,08/14/2024,True
4393,The Villages of Briar Forest,0617,2x2,972,1426,12/23/2024,False
4394,The Villages of Briar Forest,0617,2x2,972,1395,12/24/2024,False
4395,The Villages of Briar Forest,0617,2x2,972,1390,12/25/2024,False
4396,The Villages of Briar Forest,0617,2x2,972,1390,12/26/2024,False
4397,The Villages of Briar Forest,0617,2x2,972,1410,12/27/2024,False
4398,The Villages of Briar Forest,0617,2x2,972,1415,12/28/2024,False
4399,The Villages of Briar Forest,0617,2x2,972,1415,12/29/2024,False
4400,The Villages of Briar Forest,0617,2x2,972,1410,12/30/2024,False
4401,The Villages of Briar Forest,0617,2x2,972,1410,12/31/2024,False
4402,The Villages of Briar Forest,0617,2x2,972,1405,01/01/2025,False
4403,The Villages of Briar Forest,0617,2x2,972,1405,01/02/2025,False
4404,The Villages of Briar Forest,0617,2x2,972,1395,01/03/2025,False
4405,The Villages of Briar Forest,0617,2x2,972,1400,01/04/2025,False
4406,The Villages of Briar Forest,0617,2x2,972,1395,01/05/2025,False
4407,The Villages of Briar Forest,0617,2x2,972,1395,01/06/2025,False
4408,The Villages of Briar Forest,0617,2x2,972,1435,01/07/2025,False
4409,The Villages of Briar Forest,0617,2x2,972,1435,01/08/2025,False
4410,The Villages of Briar Forest,0617,2x2,972,1435,01/09/2025,False
4411,The Villages of Briar Forest,0617,2x2,972,1435,01/10/2025,False
4412,The Villages of Briar Forest,0617,2x2,972,1435,01/11/2025,False
4413,The Villages of Briar Forest,0617,2x2,972,1435,01/12/2025,False
4414,The Villages of Briar Forest,0617,2x2,972,1435,01/13/2025,False
4415,The Villages of Briar Forest,0617,2x2,972,1435,01/14/2025,False
4416,The Villages of Briar Forest,0617,2x2,972,1435,01/15/2025,False
4417,The Villages of Briar Forest,0617,2x2,972,1435,01/16/2025,False
4418,The Villages of Briar Forest,0617,2x2,972,1435,01/17/2025,False
4419,The Villages of Briar Forest,0617,2x2,972,1435,01/18/2025,False
4420,The Villages of Briar Forest,0617,2x2,972,1435,01/19/2025,False
4421,The Villages of Briar Forest,0617,2x2,972,1435,01/20/2025,False
4422,The Villages of Briar Forest,0617,2x2,972,1435,01/21/2025,False
4423,The Villages of Briar Forest,0617,2x2,972,1435,01/22/2025,False
4424,The Villages of Briar Forest,0617,2x2,972,1435,01/23/2025,False
4425,The Villages of Briar Forest,0617,2x2,972,1435,01/24/2025,False
4426,The Villages of Briar Forest,0617,2x2,972,1435,01/25/2025,False
4427,The Villages of Briar Forest,0617,2x2,972,1435,01/26/2025,False
4428,The Villages of Briar Forest,0617,2x2,972,1435,01/27/2025,False
4429,The Villages of Briar Forest,0617,2x2,972,1435,01/28/2025,False
4430,The Villages of Briar Forest,0617,2x2,972,1435,01/29/2025,False
4431,The Villages of Briar Forest,0617,2x2,972,1435,01/30/2025,False
4432,The Villages of Briar Forest,0617,2x2,972,1435,01/31/2025,False
4433,The Villages of Briar Forest,0617,2x2,972,1435,02/01/2025,False
4434,The Villages of Briar Forest,0617,2x2,972,1435,02/02/2025,False
4435,The Villages of Briar Forest,0617,2x2,972,1435,02/03/2025,False
4436,The Villages of Briar Forest,0617,2x2,972,1435,02/04/2025,False
4437,The Villages of Briar Forest,0617,2x2,972,1435,02/05/2025,False
4438,The Villages of Briar Forest,0617,2x2,972,1435,02/06/2025,False
4439,The Villages of Briar Forest,0617,2x2,972,1435,02/07/2025,False
4440,The Villages of Briar Forest,0617,2x2,972,1370,02/08/2025,False
4441,The Villages of Briar Forest,0617,2x2,972,1370,02/09/2025,False
4442,The Villages of Briar Forest,0617,2x2,972,1370,02/10/2025,False
4443,The Villages of Briar Forest,0617,2x2,972,1370,02/11/2025,False
4444,The Villages of Briar Forest,0617,2x2,972,1370,02/12/2025,False
4445,The Villages of Briar Forest,0617,2x2,972,1370,02/13/2025,True
4446,The Villages of Briar Forest,0621,2x2,972,1488,08/15/2023,False
4447,The Villages of Briar Forest,0621,2x2,972,1535,08/16/2023,False
4448,The Villages of Briar Forest,0621,2x2,972,1535,08/17/2023,False
4449,The Villages of Briar Forest,0621,2x2,972,1580,08/18/2023,False
4450,The Villages of Briar Forest,0621,2x2,972,1580,08/19/2023,False
4451,The Villages of Briar Forest,0621,2x2,972,1580,08/20/2023,False
4452,The Villages of Briar Forest,0621,2x2,972,1580,08/21/2023,False
4453,The Villages of Briar Forest,0621,2x2,972,1580,08/22/2023,False
4454,The Villages of Briar Forest,0621,2x2,972,1580,08/23/2023,False
4455,The Villages of Briar Forest,0621,2x2,972,1580,08/24/2023,False
4456,The Villages of Briar Forest,0621,2x2,972,1580,08/25/2023,False
4457,The Villages of Briar Forest,0621,2x2,972,1590,08/26/2023,False
4458,The Villages of Briar Forest,0621,2x2,972,1590,08/27/2023,False
4459,The Villages of Briar Forest,0621,2x2,972,1590,08/28/2023,False
4460,The Villages of Briar Forest,0621,2x2,972,1590,08/29/2023,False
4461,The Villages of Briar Forest,0621,2x2,972,1590,08/30/2023,False
4462,The Villages of Briar Forest,0621,2x2,972,1590,08/31/2023,False
4463,The Villages of Briar Forest,0621,2x2,972,1565,09/01/2023,False
4464,The Villages of Briar Forest,0621,2x2,972,1565,09/02/2023,False
4465,The Villages of Briar Forest,0621,2x2,972,1565,09/03/2023,False
4466,The Villages of Briar Forest,0621,2x2,972,1565,09/04/2023,False
4467,The Villages of Briar Forest,0621,2x2,972,1565,09/05/2023,False
4468,The Villages of Briar Forest,0621,2x2,972,1565,09/06/2023,False
4469,The Villages of Briar Forest,0621,2x2,972,1565,09/07/2023,False
4470,The Villages of Briar Forest,0621,2x2,972,1565,09/08/2023,False
4471,The Villages of Briar Forest,0621,2x2,972,1575,09/09/2023,False
4472,The Villages of Briar Forest,0621,2x2,972,1550,09/10/2023,False
4473,The Villages of Briar Forest,0621,2x2,972,1550,09/11/2023,False
4474,The Villages of Briar Forest,0621,2x2,972,1550,09/12/2023,False
4475,The Villages of Briar Forest,0621,2x2,972,1550,09/13/2023,False
4476,The Villages of Briar Forest,0621,2x2,972,1550,09/14/2023,False
4477,The Villages of Briar Forest,0621,2x2,972,1550,09/15/2023,False
4478,The Villages of Briar Forest,0621,2x2,972,1550,09/16/2023,False
4479,The Villages of Briar Forest,0621,2x2,972,1550,09/17/2023,False
4480,The Villages of Briar Forest,0621,2x2,972,1550,09/18/2023,False
4481,The Villages of Briar Forest,0621,2x2,972,1550,09/19/2023,False
4482,The Villages of Briar Forest,0621,2x2,972,1550,09/20/2023,False
4483,The Villages of Briar Forest,0621,2x2,972,1550,09/21/2023,False
4484,The Villages of Briar Forest,0621,2x2,972,1550,09/22/2023,False
4485,The Villages of Briar Forest,0621,2x2,972,1546,09/23/2023,False
4486,The Villages of Briar Forest,0621,2x2,972,1546,09/24/2023,False
4487,The Villages of Briar Forest,0621,2x2,972,1546,09/25/2023,False
4488,The Villages of Briar Forest,0621,2x2,972,1546,09/26/2023,False
4489,The Villages of Briar Forest,0621,2x2,972,1546,09/27/2023,False
4490,The Villages of Briar Forest,0621,2x2,972,1546,09/28/2023,False
4491,The Villages of Briar Forest,0621,2x2,972,1546,09/29/2023,False
4492,The Villages of Briar Forest,0621,2x2,972,1546,09/30/2023,False
4493,The Villages of Briar Forest,0621,2x2,972,1546,10/01/2023,False
4494,The Villages of Briar Forest,0621,2x2,972,1546,10/02/2023,False
4495,The Villages of Briar Forest,0621,2x2,972,1546,10/03/2023,False
4496,The Villages of Briar Forest,0621,2x2,972,1546,10/04/2023,False
4497,The Villages of Briar Forest,0621,2x2,972,1484,10/05/2023,False
4498,The Villages of Briar Forest,0621,2x2,972,1514,10/06/2023,False
4499,The Villages of Briar Forest,0621,2x2,972,1492,10/07/2023,False
4500,The Villages of Briar Forest,0621,2x2,972,1492,10/08/2023,False
4501,The Villages of Briar Forest,0621,2x2,972,1492,10/09/2023,False
4502,The Villages of Briar Forest,0621,2x2,972,1492,10/10/2023,False
4503,The Villages of Briar Forest,0621,2x2,972,1492,10/11/2023,False
4504,The Villages of Briar Forest,0621,2x2,972,1492,10/12/2023,False
4505,The Villages of Briar Forest,0621,2x2,972,1492,10/13/2023,False
4506,The Villages of Briar Forest,0621,2x2,972,1448,10/14/2023,False
4507,The Villages of Briar Forest,0621,2x2,972,1448,10/15/2023,False
4508,The Villages of Briar Forest,0621,2x2,972,1448,10/16/2023,False
4509,The Villages of Briar Forest,0621,2x2,972,1448,10/17/2023,False
4510,The Villages of Briar Forest,0621,2x2,972,1448,10/18/2023,False
4511,The Villages of Briar Forest,0621,2x2,972,1448,10/19/2023,False
4512,The Villages of Briar Forest,0621,2x2,972,1448,10/20/2023,False
4513,The Villages of Briar Forest,0621,2x2,972,1448,10/21/2023,False
4514,The Villages of Briar Forest,0621,2x2,972,1448,10/22/2023,False
4515,The Villages of Briar Forest,0621,2x2,972,1448,10/23/2023,False
4516,The Villages of Briar Forest,0621,2x2,972,1448,10/24/2023,False
4517,The Villages of Briar Forest,0621,2x2,972,1448,10/25/2023,False
4518,The Villages of Briar Forest,0621,2x2,972,1448,10/26/2023,False
4519,The Villages of Briar Forest,0621,2x2,972,1418,10/27/2023,False
4520,The Villages of Briar Forest,0621,2x2,972,1398,10/28/2023,False
4521,The Villages of Briar Forest,0621,2x2,972,1398,10/29/2023,False
4522,The Villages of Briar Forest,0621,2x2,972,1398,10/30/2023,False
4523,The Villages of Briar Forest,0621,2x2,972,1398,10/31/2023,False
4524,The Villages of Briar Forest,0621,2x2,972,1460,11/01/2023,False
4525,The Villages of Briar Forest,0621,2x2,972,1460,11/02/2023,False
4526,The Villages of Briar Forest,0621,2x2,972,1395,11/03/2023,False
4527,The Villages of Briar Forest,0621,2x2,972,1395,11/04/2023,False
4528,The Villages of Briar Forest,0621,2x2,972,1395,11/05/2023,False
4529,The Villages of Briar Forest,0621,2x2,972,1395,11/06/2023,False
4530,The Villages of Briar Forest,0621,2x2,972,1395,11/07/2023,False
4531,The Villages of Briar Forest,0621,2x2,972,1395,11/08/2023,False
4532,The Villages of Briar Forest,0621,2x2,972,1395,11/09/2023,True
4533,The Villages of Briar Forest,0625,2x2,972,1360,06/18/2024,False
4534,The Villages of Briar Forest,0625,2x2,972,1360,06/19/2024,False
4535,The Villages of Briar Forest,0625,2x2,972,1360,06/20/2024,False
4536,The Villages of Briar Forest,0625,2x2,972,1360,06/21/2024,False
4537,The Villages of Briar Forest,0625,2x2,972,1360,06/22/2024,False
4538,The Villages of Briar Forest,0625,2x2,972,1360,06/23/2024,False
4539,The Villages of Briar Forest,0625,2x2,972,1345,06/24/2024,False
4540,The Villages of Briar Forest,0625,2x2,972,1345,06/25/2024,False
4541,The Villages of Briar Forest,0625,2x2,972,1345,06/26/2024,False
4542,The Villages of Briar Forest,0625,2x2,972,1345,06/27/2024,False
4543,The Villages of Briar Forest,0625,2x2,972,1357,06/28/2024,False
4544,The Villages of Briar Forest,0625,2x2,972,1357,06/29/2024,False
4545,The Villages of Briar Forest,0625,2x2,972,1357,06/30/2024,False
4546,The Villages of Briar Forest,0625,2x2,972,1357,07/01/2024,False
4547,The Villages of Briar Forest,0625,2x2,972,1310,07/02/2024,False
4548,The Villages of Briar Forest,0625,2x2,972,1310,07/03/2024,True
4549,The Villages of Briar Forest,0626,2x2,972,1380,05/16/2024,False
4550,The Villages of Briar Forest,0626,2x2,972,1380,05/17/2024,False
4551,The Villages of Briar Forest,0626,2x2,972,1380,05/18/2024,False
4552,The Villages of Briar Forest,0626,2x2,972,1380,05/19/2024,False
4553,The Villages of Briar Forest,0626,2x2,972,1380,05/20/2024,False
4554,The Villages of Briar Forest,0626,2x2,972,1380,05/21/2024,False
4555,The Villages of Briar Forest,0626,2x2,972,1380,05/22/2024,False
4556,The Villages of Briar Forest,0626,2x2,972,1380,05/23/2024,False
4557,The Villages of Briar Forest,0626,2x2,972,1390,05/24/2024,False
4558,The Villages of Briar Forest,0626,2x2,972,1431,05/25/2024,False
4559,The Villages of Briar Forest,0626,2x2,972,1431,05/26/2024,False
4560,The Villages of Briar Forest,0626,2x2,972,1431,05/27/2024,False
4561,The Villages of Briar Forest,0626,2x2,972,1431,05/28/2024,False
4562,The Villages of Briar Forest,0626,2x2,972,1385,05/29/2024,False
4563,The Villages of Briar Forest,0626,2x2,972,1426,05/30/2024,False
4564,The Villages of Briar Forest,0626,2x2,972,1385,05/31/2024,False
4565,The Villages of Briar Forest,0626,2x2,972,1385,06/01/2024,False
4566,The Villages of Briar Forest,0626,2x2,972,1385,06/02/2024,False
4567,The Villages of Briar Forest,0626,2x2,972,1385,06/03/2024,False
4568,The Villages of Briar Forest,0626,2x2,972,1393,06/04/2024,False
4569,The Villages of Briar Forest,0626,2x2,972,1385,06/05/2024,False
4570,The Villages of Briar Forest,0626,2x2,972,1385,06/06/2024,False
4571,The Villages of Briar Forest,0626,2x2,972,1385,06/07/2024,False
4572,The Villages of Briar Forest,0626,2x2,972,1426,06/08/2024,False
4573,The Villages of Briar Forest,0626,2x2,972,1426,06/09/2024,False
4574,The Villages of Briar Forest,0626,2x2,972,1426,06/10/2024,False
4575,The Villages of Briar Forest,0626,2x2,972,1426,06/11/2024,False
4576,The Villages of Briar Forest,0626,2x2,972,1426,06/12/2024,False
4577,The Villages of Briar Forest,0626,2x2,972,1426,06/13/2024,False
4578,The Villages of Briar Forest,0626,2x2,972,1426,06/14/2024,False
4579,The Villages of Briar Forest,0626,2x2,972,1426,06/15/2024,False
4580,The Villages of Briar Forest,0626,2x2,972,1426,06/16/2024,False
4581,The Villages of Briar Forest,0626,2x2,972,1426,06/17/2024,False
4582,The Villages of Briar Forest,0626,2x2,972,1426,06/18/2024,False
4583,The Villages of Briar Forest,0626,2x2,972,1426,06/19/2024,False
4584,The Villages of Briar Forest,0626,2x2,972,1426,06/20/2024,False
4585,The Villages of Briar Forest,0626,2x2,972,1426,06/21/2024,False
4586,The Villages of Briar Forest,0626,2x2,972,1426,06/22/2024,False
4587,The Villages of Briar Forest,0626,2x2,972,1426,06/23/2024,False
4588,The Villages of Briar Forest,0626,2x2,972,1406,06/24/2024,False
4589,The Villages of Briar Forest,0626,2x2,972,1406,06/25/2024,False
4590,The Villages of Briar Forest,0626,2x2,972,1406,06/26/2024,False
4591,The Villages of Briar Forest,0626,2x2,972,1406,06/27/2024,False
4592,The Villages of Briar Forest,0626,2x2,972,1353,06/28/2024,False
4593,The Villages of Briar Forest,0626,2x2,972,1353,06/29/2024,False
4594,The Villages of Briar Forest,0626,2x2,972,1353,06/30/2024,False
4595,The Villages of Briar Forest,0626,2x2,972,1353,07/01/2024,False
4596,The Villages of Briar Forest,0626,2x2,972,1307,07/02/2024,False
4597,The Villages of Briar Forest,0626,2x2,972,1307,07/03/2024,False
4598,The Villages of Briar Forest,0626,2x2,972,1307,07/04/2024,False
4599,The Villages of Briar Forest,0626,2x2,972,1302,07/05/2024,False
4600,The Villages of Briar Forest,0626,2x2,972,1302,07/06/2024,False
4601,The Villages of Briar Forest,0626,2x2,972,1302,07/07/2024,False
4602,The Villages of Briar Forest,0626,2x2,972,1302,07/08/2024,False
4603,The Villages of Briar Forest,0626,2x2,972,1302,07/09/2024,False
4604,The Villages of Briar Forest,0626,2x2,972,1302,07/10/2024,False
4605,The Villages of Briar Forest,0626,2x2,972,1302,07/11/2024,False
4606,The Villages of Briar Forest,0626,2x2,972,1302,07/12/2024,False
4607,The Villages of Briar Forest,0626,2x2,972,1302,07/13/2024,False
4608,The Villages of Briar Forest,0626,2x2,972,1302,07/14/2024,False
4609,The Villages of Briar Forest,0626,2x2,972,1302,07/15/2024,False
4610,The Villages of Briar Forest,0626,2x2,972,1302,07/16/2024,False
4611,The Villages of Briar Forest,0626,2x2,972,1302,07/17/2024,True
4612,The Villages of Briar Forest,0626,2x2,972,1325,11/28/2024,False
4613,The Villages of Briar Forest,0626,2x2,972,1325,11/29/2024,False
4614,The Villages of Briar Forest,0626,2x2,972,1325,11/30/2024,False
4615,The Villages of Briar Forest,0626,2x2,972,1325,12/01/2024,False
4616,The Villages of Briar Forest,0626,2x2,972,1325,12/02/2024,False
4617,The Villages of Briar Forest,0626,2x2,972,1345,12/03/2024,False
4618,The Villages of Briar Forest,0626,2x2,972,1340,12/04/2024,False
4619,The Villages of Briar Forest,0626,2x2,972,1345,12/05/2024,False
4620,The Villages of Briar Forest,0626,2x2,972,1325,12/06/2024,False
4621,The Villages of Briar Forest,0626,2x2,972,1320,12/07/2024,False
4622,The Villages of Briar Forest,0626,2x2,972,1320,12/08/2024,False
4623,The Villages of Briar Forest,0626,2x2,972,1315,12/09/2024,False
4624,The Villages of Briar Forest,0626,2x2,972,1325,12/10/2024,False
4625,The Villages of Briar Forest,0626,2x2,972,1325,12/11/2024,False
4626,The Villages of Briar Forest,0626,2x2,972,1335,12/12/2024,False
4627,The Villages of Briar Forest,0626,2x2,972,1370,12/13/2024,False
4628,The Villages of Briar Forest,0626,2x2,972,1375,12/14/2024,False
4629,The Villages of Briar Forest,0626,2x2,972,1380,12/15/2024,False
4630,The Villages of Briar Forest,0626,2x2,972,1380,12/16/2024,False
4631,The Villages of Briar Forest,0626,2x2,972,1390,12/17/2024,False
4632,The Villages of Briar Forest,0626,2x2,972,1380,12/18/2024,False
4633,The Villages of Briar Forest,0626,2x2,972,1380,12/19/2024,False
4634,The Villages of Briar Forest,0626,2x2,972,1380,12/20/2024,False
4635,The Villages of Briar Forest,0626,2x2,972,1380,12/21/2024,False
4636,The Villages of Briar Forest,0626,2x2,972,1385,12/22/2024,False
4637,The Villages of Briar Forest,0626,2x2,972,1380,12/23/2024,False
4638,The Villages of Briar Forest,0626,2x2,972,1375,12/24/2024,False
4639,The Villages of Briar Forest,0626,2x2,972,1370,12/25/2024,False
4640,The Villages of Briar Forest,0626,2x2,972,1370,12/26/2024,False
4641,The Villages of Briar Forest,0626,2x2,972,1390,12/27/2024,False
4642,The Villages of Briar Forest,0626,2x2,972,1395,12/28/2024,False
4643,The Villages of Briar Forest,0626,2x2,972,1395,12/29/2024,False
4644,The Villages of Briar Forest,0626,2x2,972,1390,12/30/2024,False
4645,The Villages of Briar Forest,0626,2x2,972,1390,12/31/2024,False
4646,The Villages of Briar Forest,0626,2x2,972,1385,01/01/2025,False
4647,The Villages of Briar Forest,0626,2x2,972,1385,01/02/2025,False
4648,The Villages of Briar Forest,0626,2x2,972,1370,01/03/2025,False
4649,The Villages of Briar Forest,0626,2x2,972,1380,01/04/2025,False
4650,The Villages of Briar Forest,0626,2x2,972,1375,01/05/2025,False
4651,The Villages of Briar Forest,0626,2x2,972,1360,01/06/2025,False
4652,The Villages of Briar Forest,0626,2x2,972,1400,01/07/2025,False
4653,The Villages of Briar Forest,0626,2x2,972,1415,01/08/2025,False
4654,The Villages of Briar Forest,0626,2x2,972,1415,01/09/2025,False
4655,The Villages of Briar Forest,0626,2x2,972,1415,01/10/2025,False
4656,The Villages of Briar Forest,0626,2x2,972,1415,01/11/2025,False
4657,The Villages of Briar Forest,0626,2x2,972,1400,01/12/2025,False
4658,The Villages of Briar Forest,0626,2x2,972,1385,01/13/2025,False
4659,The Villages of Briar Forest,0626,2x2,972,1385,01/14/2025,False
4660,The Villages of Briar Forest,0626,2x2,972,1380,01/15/2025,False
4661,The Villages of Briar Forest,0626,2x2,972,1380,01/16/2025,False
4662,The Villages of Briar Forest,0626,2x2,972,1385,01/17/2025,False
4663,The Villages of Briar Forest,0626,2x2,972,1380,01/18/2025,False
4664,The Villages of Briar Forest,0626,2x2,972,1380,01/19/2025,False
4665,The Villages of Briar Forest,0626,2x2,972,1380,01/20/2025,False
4666,The Villages of Briar Forest,0626,2x2,972,1318,01/21/2025,False
4667,The Villages of Briar Forest,0626,2x2,972,1318,01/22/2025,False
4668,The Villages of Briar Forest,0626,2x2,972,1318,01/23/2025,False
4669,The Villages of Briar Forest,0626,2x2,972,1278,01/24/2025,False
4670,The Villages of Briar Forest,0626,2x2,972,1278,01/25/2025,False
4671,The Villages of Briar Forest,0626,2x2,972,1278,01/26/2025,False
4672,The Villages of Briar Forest,0626,2x2,972,1278,01/27/2025,False
4673,The Villages of Briar Forest,0626,2x2,972,1278,01/28/2025,False
4674,The Villages of Briar Forest,0626,2x2,972,1278,01/29/2025,True
4675,The Villages of Briar Forest,0627,2x2,972,1321,06/17/2023,False
4676,The Villages of Briar Forest,0627,2x2,972,1321,06/18/2023,False
4677,The Villages of Briar Forest,0627,2x2,972,1351,06/19/2023,False
4678,The Villages of Briar Forest,0627,2x2,972,1321,06/20/2023,False
4679,The Villages of Briar Forest,0627,2x2,972,1379,06/21/2023,False
4680,The Villages of Briar Forest,0627,2x2,972,1321,06/22/2023,False
4681,The Villages of Briar Forest,0627,2x2,972,1321,06/23/2023,False
4682,The Villages of Briar Forest,0627,2x2,972,1321,06/24/2023,False
4683,The Villages of Briar Forest,0627,2x2,972,1321,06/25/2023,False
4684,The Villages of Briar Forest,0627,2x2,972,1321,06/26/2023,False
4685,The Villages of Briar Forest,0627,2x2,972,1541,06/27/2023,False
4686,The Villages of Briar Forest,0627,2x2,972,1541,06/28/2023,False
4687,The Villages of Briar Forest,0627,2x2,972,1541,06/29/2023,False
4688,The Villages of Briar Forest,0627,2x2,972,1541,06/30/2023,False
4689,The Villages of Briar Forest,0627,2x2,972,1467,07/01/2023,False
4690,The Villages of Briar Forest,0627,2x2,972,1467,07/02/2023,False
4691,The Villages of Briar Forest,0627,2x2,972,1467,07/03/2023,False
4692,The Villages of Briar Forest,0627,2x2,972,1467,07/04/2023,False
4693,The Villages of Briar Forest,0627,2x2,972,1467,07/05/2023,False
4694,The Villages of Briar Forest,0627,2x2,972,1467,07/06/2023,False
4695,The Villages of Briar Forest,0627,2x2,972,1467,07/07/2023,False
4696,The Villages of Briar Forest,0627,2x2,972,1467,07/08/2023,False
4697,The Villages of Briar Forest,0627,2x2,972,1467,07/09/2023,False
4698,The Villages of Briar Forest,0627,2x2,972,1467,07/10/2023,False
4699,The Villages of Briar Forest,0627,2x2,972,1467,07/11/2023,False
4700,The Villages of Briar Forest,0627,2x2,972,1367,07/12/2023,False
4701,The Villages of Briar Forest,0627,2x2,972,1426,07/13/2023,False
4702,The Villages of Briar Forest,0627,2x2,972,1426,07/14/2023,False
4703,The Villages of Briar Forest,0627,2x2,972,1506,07/15/2023,False
4704,The Villages of Briar Forest,0627,2x2,972,1506,07/16/2023,False
4705,The Villages of Briar Forest,0627,2x2,972,1506,07/17/2023,False
4706,The Villages of Briar Forest,0627,2x2,972,1506,07/18/2023,False
4707,The Villages of Briar Forest,0627,2x2,972,1506,07/19/2023,False
4708,The Villages of Briar Forest,0627,2x2,972,1444,07/20/2023,False
4709,The Villages of Briar Forest,0627,2x2,972,1444,07/21/2023,False
4710,The Villages of Briar Forest,0627,2x2,972,1444,07/22/2023,False
4711,The Villages of Briar Forest,0627,2x2,972,1444,07/23/2023,False
4712,The Villages of Briar Forest,0627,2x2,972,1444,07/24/2023,False
4713,The Villages of Briar Forest,0627,2x2,972,1444,07/25/2023,False
4714,The Villages of Briar Forest,0627,2x2,972,1378,07/26/2023,False
4715,The Villages of Briar Forest,0627,2x2,972,1378,07/27/2023,False
4716,The Villages of Briar Forest,0627,2x2,972,1378,07/28/2023,False
4717,The Villages of Briar Forest,0627,2x2,972,1370,07/29/2023,False
4718,The Villages of Briar Forest,0627,2x2,972,1370,07/30/2023,False
4719,The Villages of Briar Forest,0627,2x2,972,1370,07/31/2023,False
4720,The Villages of Briar Forest,0627,2x2,972,1370,08/01/2023,False
4721,The Villages of Briar Forest,0627,2x2,972,1360,08/02/2023,False
4722,The Villages of Briar Forest,0627,2x2,972,1420,08/03/2023,False
4723,The Villages of Briar Forest,0627,2x2,972,1420,08/04/2023,False
4724,The Villages of Briar Forest,0627,2x2,972,1420,08/05/2023,False
4725,The Villages of Briar Forest,0627,2x2,972,1420,08/06/2023,False
4726,The Villages of Briar Forest,0627,2x2,972,1420,08/07/2023,False
4727,The Villages of Briar Forest,0627,2x2,972,1420,08/08/2023,False
4728,The Villages of Briar Forest,0627,2x2,972,1420,08/09/2023,False
4729,The Villages of Briar Forest,0627,2x2,972,1420,08/10/2023,False
4730,The Villages of Briar Forest,0627,2x2,972,1420,08/11/2023,False
4731,The Villages of Briar Forest,0627,2x2,972,1420,08/12/2023,False
4732,The Villages of Briar Forest,0627,2x2,972,1420,08/13/2023,False
4733,The Villages of Briar Forest,0627,2x2,972,1420,08/14/2023,False
4734,The Villages of Briar Forest,0627,2x2,972,1420,08/15/2023,False
4735,The Villages of Briar Forest,0627,2x2,972,1421,08/16/2023,False
4736,The Villages of Briar Forest,0627,2x2,972,1425,08/17/2023,False
4737,The Villages of Briar Forest,0627,2x2,972,1429,08/18/2023,False
4738,The Villages of Briar Forest,0627,2x2,972,1433,08/19/2023,False
4739,The Villages of Briar Forest,0627,2x2,972,1437,08/20/2023,False
4740,The Villages of Briar Forest,0627,2x2,972,1441,08/21/2023,False
4741,The Villages of Briar Forest,0627,2x2,972,1445,08/22/2023,False
4742,The Villages of Briar Forest,0627,2x2,972,1450,08/23/2023,False
4743,The Villages of Briar Forest,0627,2x2,972,1454,08/24/2023,False
4744,The Villages of Briar Forest,0627,2x2,972,1482,08/25/2023,False
4745,The Villages of Briar Forest,0627,2x2,972,1482,08/26/2023,False
4746,The Villages of Briar Forest,0627,2x2,972,1482,08/27/2023,False
4747,The Villages of Briar Forest,0627,2x2,972,1482,08/28/2023,False
4748,The Villages of Briar Forest,0627,2x2,972,1482,08/29/2023,False
4749,The Villages of Briar Forest,0627,2x2,972,1482,08/30/2023,False
4750,The Villages of Briar Forest,0627,2x2,972,1482,08/31/2023,False
4751,The Villages of Briar Forest,0627,2x2,972,1482,09/01/2023,False
4752,The Villages of Briar Forest,0627,2x2,972,1482,09/02/2023,False
4753,The Villages of Briar Forest,0627,2x2,972,1482,09/03/2023,False
4754,The Villages of Briar Forest,0627,2x2,972,1482,09/04/2023,False
4755,The Villages of Briar Forest,0627,2x2,972,1482,09/05/2023,False
4756,The Villages of Briar Forest,0627,2x2,972,1482,09/06/2023,False
4757,The Villages of Briar Forest,0627,2x2,972,1447,09/07/2023,False
4758,The Villages of Briar Forest,0627,2x2,972,1447,09/08/2023,False
4759,The Villages of Briar Forest,0627,2x2,972,1447,09/09/2023,False
4760,The Villages of Briar Forest,0627,2x2,972,1447,09/10/2023,False
4761,The Villages of Briar Forest,0627,2x2,972,1447,09/11/2023,False
4762,The Villages of Briar Forest,0627,2x2,972,1447,09/12/2023,False
4763,The Villages of Briar Forest,0627,2x2,972,1447,09/13/2023,False
4764,The Villages of Briar Forest,0627,2x2,972,1447,09/14/2023,False
4765,The Villages of Briar Forest,0627,2x2,972,1441,09/15/2023,False
4766,The Villages of Briar Forest,0627,2x2,972,1432,09/16/2023,False
4767,The Villages of Briar Forest,0627,2x2,972,1432,09/17/2023,False
4768,The Villages of Briar Forest,0627,2x2,972,1432,09/18/2023,False
4769,The Villages of Briar Forest,0627,2x2,972,1432,09/19/2023,False
4770,The Villages of Briar Forest,0627,2x2,972,1421,09/20/2023,False
4771,The Villages of Briar Forest,0627,2x2,972,1432,09/21/2023,False
4772,The Villages of Briar Forest,0627,2x2,972,1432,09/22/2023,False
4773,The Villages of Briar Forest,0627,2x2,972,1432,09/23/2023,False
4774,The Villages of Briar Forest,0627,2x2,972,1432,09/24/2023,False
4775,The Villages of Briar Forest,0627,2x2,972,1432,09/25/2023,False
4776,The Villages of Briar Forest,0627,2x2,972,1432,09/26/2023,False
4777,The Villages of Briar Forest,0627,2x2,972,1432,09/27/2023,False
4778,The Villages of Briar Forest,0627,2x2,972,1432,09/28/2023,False
4779,The Villages of Briar Forest,0627,2x2,972,1432,09/29/2023,False
4780,The Villages of Briar Forest,0627,2x2,972,1432,09/30/2023,False
4781,The Villages of Briar Forest,0627,2x2,972,1432,10/01/2023,False
4782,The Villages of Briar Forest,0627,2x2,972,1416,10/02/2023,False
4783,The Villages of Briar Forest,0627,2x2,972,1416,10/03/2023,False
4784,The Villages of Briar Forest,0627,2x2,972,1416,10/04/2023,False
4785,The Villages of Briar Forest,0627,2x2,972,1354,10/05/2023,False
4786,The Villages of Briar Forest,0627,2x2,972,1354,10/06/2023,False
4787,The Villages of Briar Forest,0627,2x2,972,1362,10/07/2023,False
4788,The Villages of Briar Forest,0627,2x2,972,1362,10/08/2023,False
4789,The Villages of Briar Forest,0627,2x2,972,1362,10/09/2023,False
4790,The Villages of Briar Forest,0627,2x2,972,1362,10/10/2023,False
4791,The Villages of Briar Forest,0627,2x2,972,1362,10/11/2023,False
4792,The Villages of Briar Forest,0627,2x2,972,1362,10/12/2023,False
4793,The Villages of Briar Forest,0627,2x2,972,1362,10/13/2023,False
4794,The Villages of Briar Forest,0627,2x2,972,1318,10/14/2023,False
4795,The Villages of Briar Forest,0627,2x2,972,1318,10/15/2023,False
4796,The Villages of Briar Forest,0627,2x2,972,1318,10/16/2023,False
4797,The Villages of Briar Forest,0627,2x2,972,1318,10/17/2023,False
4798,The Villages of Briar Forest,0627,2x2,972,1318,10/18/2023,False
4799,The Villages of Briar Forest,0627,2x2,972,1318,10/19/2023,False
4800,The Villages of Briar Forest,0627,2x2,972,1318,10/20/2023,False
4801,The Villages of Briar Forest,0627,2x2,972,1288,10/21/2023,False
4802,The Villages of Briar Forest,0627,2x2,972,1288,10/22/2023,False
4803,The Villages of Briar Forest,0627,2x2,972,1288,10/23/2023,False
4804,The Villages of Briar Forest,0627,2x2,972,1288,10/24/2023,False
4805,The Villages of Briar Forest,0627,2x2,972,1288,10/25/2023,False
4806,The Villages of Briar Forest,0627,2x2,972,1288,10/26/2023,False
4807,The Villages of Briar Forest,0627,2x2,972,1288,10/27/2023,False
4808,The Villages of Briar Forest,0627,2x2,972,1288,10/28/2023,False
4809,The Villages of Briar Forest,0627,2x2,972,1288,10/29/2023,False
4810,The Villages of Briar Forest,0627,2x2,972,1288,10/30/2023,False
4811,The Villages of Briar Forest,0627,2x2,972,1288,10/31/2023,False
4812,The Villages of Briar Forest,0627,2x2,972,1330,11/01/2023,False
4813,The Villages of Briar Forest,0627,2x2,972,1330,11/02/2023,False
4814,The Villages of Briar Forest,0627,2x2,972,1330,11/03/2023,False
4815,The Villages of Briar Forest,0627,2x2,972,1330,11/04/2023,False
4816,The Villages of Briar Forest,0627,2x2,972,1330,11/05/2023,False
4817,The Villages of Briar Forest,0627,2x2,972,1330,11/06/2023,False
4818,The Villages of Briar Forest,0627,2x2,972,1330,11/07/2023,False
4819,The Villages of Briar Forest,0627,2x2,972,1330,11/08/2023,False
4820,The Villages of Briar Forest,0627,2x2,972,1330,11/09/2023,False
4821,The Villages of Briar Forest,0627,2x2,972,1330,11/10/2023,False
4822,The Villages of Briar Forest,0627,2x2,972,1330,11/11/2023,False
4823,The Villages of Briar Forest,0627,2x2,972,1330,11/12/2023,False
4824,The Villages of Briar Forest,0627,2x2,972,1330,11/13/2023,False
4825,The Villages of Briar Forest,0627,2x2,972,1330,11/14/2023,False
4826,The Villages of Briar Forest,0627,2x2,972,1330,11/15/2023,False
4827,The Villages of Briar Forest,0627,2x2,972,1330,11/16/2023,False
4828,The Villages of Briar Forest,0627,2x2,972,1330,11/17/2023,False
4829,The Villages of Briar Forest,0627,2x2,972,1330,11/18/2023,False
4830,The Villages of Briar Forest,0627,2x2,972,1285,11/19/2023,False
4831,The Villages of Briar Forest,0627,2x2,972,1285,11/20/2023,False
4832,The Villages of Briar Forest,0627,2x2,972,1285,11/21/2023,False
4833,The Villages of Briar Forest,0627,2x2,972,1285,11/22/2023,False
4834,The Villages of Briar Forest,0627,2x2,972,1285,11/23/2023,False
4835,The Villages of Briar Forest,0627,2x2,972,1285,11/24/2023,False
4836,The Villages of Briar Forest,0627,2x2,972,1285,11/25/2023,False
4837,The Villages of Briar Forest,0627,2x2,972,1285,11/26/2023,False
4838,The Villages of Briar Forest,0627,2x2,972,1285,11/27/2023,False
4839,The Villages of Briar Forest,0627,2x2,972,1285,11/28/2023,False
4840,The Villages of Briar Forest,0627,2x2,972,1285,11/29/2023,False
4841,The Villages of Briar Forest,0627,2x2,972,1285,11/30/2023,False
4842,The Villages of Briar Forest,0627,2x2,972,1285,12/01/2023,False
4843,The Villages of Briar Forest,0627,2x2,972,1285,12/02/2023,False
4844,The Villages of Briar Forest,0627,2x2,972,1330,12/03/2023,False
4845,The Villages of Briar Forest,0627,2x2,972,1330,12/04/2023,False
4846,The Villages of Briar Forest,0627,2x2,972,1330,12/05/2023,False
4847,The Villages of Briar Forest,0627,2x2,972,1330,12/06/2023,False
4848,The Villages of Briar Forest,0627,2x2,972,1330,12/07/2023,False
4849,The Villages of Briar Forest,0627,2x2,972,1375,12/08/2023,False
4850,The Villages of Briar Forest,0627,2x2,972,1375,12/09/2023,True
4851,The Villages of Briar Forest,0627,2x2,972,1390,10/31/2024,False
4852,The Villages of Briar Forest,0627,2x2,972,1390,11/01/2024,False
4853,The Villages of Briar Forest,0627,2x2,972,1385,11/02/2024,False
4854,The Villages of Briar Forest,0627,2x2,972,1385,11/03/2024,False
4855,The Villages of Briar Forest,0627,2x2,972,1385,11/04/2024,False
4856,The Villages of Briar Forest,0627,2x2,972,1385,11/05/2024,False
4857,The Villages of Briar Forest,0627,2x2,972,1380,11/06/2024,False
4858,The Villages of Briar Forest,0627,2x2,972,1390,11/07/2024,False
4859,The Villages of Briar Forest,0627,2x2,972,1405,11/08/2024,False
4860,The Villages of Briar Forest,0627,2x2,972,1405,11/09/2024,False
4861,The Villages of Briar Forest,0627,2x2,972,1390,11/10/2024,False
4862,The Villages of Briar Forest,0627,2x2,972,1390,11/11/2024,False
4863,The Villages of Briar Forest,0627,2x2,972,1380,11/12/2024,False
4864,The Villages of Briar Forest,0627,2x2,972,1380,11/13/2024,False
4865,The Villages of Briar Forest,0627,2x2,972,1385,11/14/2024,False
4866,The Villages of Briar Forest,0627,2x2,972,1370,11/15/2024,False
4867,The Villages of Briar Forest,0627,2x2,972,1365,11/16/2024,False
4868,The Villages of Briar Forest,0627,2x2,972,1365,11/17/2024,False
4869,The Villages of Briar Forest,0627,2x2,972,1365,11/18/2024,False
4870,The Villages of Briar Forest,0627,2x2,972,1365,11/19/2024,False
4871,The Villages of Briar Forest,0627,2x2,972,1365,11/20/2024,False
4872,The Villages of Briar Forest,0627,2x2,972,1355,11/21/2024,False
4873,The Villages of Briar Forest,0627,2x2,972,1345,11/22/2024,False
4874,The Villages of Briar Forest,0627,2x2,972,1300,11/23/2024,False
4875,The Villages of Briar Forest,0627,2x2,972,1305,11/24/2024,False
4876,The Villages of Briar Forest,0627,2x2,972,1310,11/25/2024,False
4877,The Villages of Briar Forest,0627,2x2,972,1305,11/26/2024,False
4878,The Villages of Briar Forest,0627,2x2,972,1310,11/27/2024,False
4879,The Villages of Briar Forest,0627,2x2,972,1310,11/28/2024,False
4880,The Villages of Briar Forest,0627,2x2,972,1310,11/29/2024,False
4881,The Villages of Briar Forest,0627,2x2,972,1305,11/30/2024,False
4882,The Villages of Briar Forest,0627,2x2,972,1315,12/01/2024,False
4883,The Villages of Briar Forest,0627,2x2,972,1315,12/02/2024,False
4884,The Villages of Briar Forest,0627,2x2,972,1330,12/03/2024,False
4885,The Villages of Briar Forest,0627,2x2,972,1320,12/04/2024,False
4886,The Villages of Briar Forest,0627,2x2,972,1330,12/05/2024,False
4887,The Villages of Briar Forest,0627,2x2,972,1330,12/06/2024,True
4888,The Villages of Briar Forest,0712,1x1,817,1110,11/06/2023,False
4889,The Villages of Briar Forest,0712,1x1,817,1110,11/07/2023,False
4890,The Villages of Briar Forest,0712,1x1,817,1150,11/08/2023,False
4891,The Villages of Briar Forest,0712,1x1,817,1150,11/09/2023,False
4892,The Villages of Briar Forest,0712,1x1,817,1150,11/10/2023,False
4893,The Villages of Briar Forest,0712,1x1,817,1150,11/11/2023,False
4894,The Villages of Briar Forest,0712,1x1,817,1150,11/12/2023,False
4895,The Villages of Briar Forest,0712,1x1,817,1150,11/13/2023,False
4896,The Villages of Briar Forest,0712,1x1,817,1150,11/14/2023,False
4897,The Villages of Briar Forest,0712,1x1,817,1150,11/15/2023,False
4898,The Villages of Briar Forest,0712,1x1,817,1150,11/16/2023,False
4899,The Villages of Briar Forest,0712,1x1,817,1150,11/17/2023,False
4900,The Villages of Briar Forest,0712,1x1,817,1150,11/18/2023,False
4901,The Villages of Briar Forest,0712,1x1,817,1150,11/19/2023,False
4902,The Villages of Briar Forest,0712,1x1,817,1150,11/20/2023,False
4903,The Villages of Briar Forest,0712,1x1,817,1130,11/21/2023,False
4904,The Villages of Briar Forest,0712,1x1,817,1130,11/22/2023,False
4905,The Villages of Briar Forest,0712,1x1,817,1130,11/23/2023,False
4906,The Villages of Briar Forest,0712,1x1,817,1115,11/24/2023,False
4907,The Villages of Briar Forest,0712,1x1,817,1115,11/25/2023,False
4908,The Villages of Briar Forest,0712,1x1,817,1115,11/26/2023,False
4909,The Villages of Briar Forest,0712,1x1,817,1115,11/27/2023,False
4910,The Villages of Briar Forest,0712,1x1,817,1115,11/28/2023,False
4911,The Villages of Briar Forest,0712,1x1,817,1115,11/29/2023,False
4912,The Villages of Briar Forest,0712,1x1,817,1115,11/30/2023,False
4913,The Villages of Briar Forest,0712,1x1,817,1195,12/01/2023,False
4914,The Villages of Briar Forest,0712,1x1,817,1195,12/02/2023,False
4915,The Villages of Briar Forest,0712,1x1,817,1195,12/03/2023,False
4916,The Villages of Briar Forest,0712,1x1,817,1195,12/04/2023,False
4917,The Villages of Briar Forest,0712,1x1,817,1195,12/05/2023,True
4918,The Villages of Briar Forest,0713,1x1,817,1370,06/09/2024,False
4919,The Villages of Briar Forest,0713,1x1,817,1375,06/10/2024,False
4920,The Villages of Briar Forest,0713,1x1,817,1370,06/11/2024,False
4921,The Villages of Briar Forest,0713,1x1,817,1370,06/12/2024,False
4922,The Villages of Briar Forest,0713,1x1,817,1365,06/13/2024,False
4923,The Villages of Briar Forest,0713,1x1,817,1365,06/14/2024,False
4924,The Villages of Briar Forest,0713,1x1,817,1365,06/15/2024,False
4925,The Villages of Briar Forest,0713,1x1,817,1365,06/16/2024,False
4926,The Villages of Briar Forest,0713,1x1,817,1345,06/17/2024,False
4927,The Villages of Briar Forest,0713,1x1,817,1320,06/18/2024,False
4928,The Villages of Briar Forest,0713,1x1,817,1320,06/19/2024,False
4929,The Villages of Briar Forest,0713,1x1,817,1320,06/20/2024,False
4930,The Villages of Briar Forest,0713,1x1,817,1310,06/21/2024,False
4931,The Villages of Briar Forest,0713,1x1,817,1310,06/22/2024,False
4932,The Villages of Briar Forest,0713,1x1,817,1310,06/23/2024,False
4933,The Villages of Briar Forest,0713,1x1,817,1295,06/24/2024,False
4934,The Villages of Briar Forest,0713,1x1,817,1295,06/25/2024,False
4935,The Villages of Briar Forest,0713,1x1,817,1295,06/26/2024,False
4936,The Villages of Briar Forest,0713,1x1,817,1295,06/27/2024,False
4937,The Villages of Briar Forest,0713,1x1,817,1317,06/28/2024,False
4938,The Villages of Briar Forest,0713,1x1,817,1317,06/29/2024,False
4939,The Villages of Briar Forest,0713,1x1,817,1317,06/30/2024,False
4940,The Villages of Briar Forest,0713,1x1,817,1317,07/01/2024,False
4941,The Villages of Briar Forest,0713,1x1,817,1275,07/02/2024,False
4942,The Villages of Briar Forest,0713,1x1,817,1275,07/03/2024,False
4943,The Villages of Briar Forest,0713,1x1,817,1275,07/04/2024,False
4944,The Villages of Briar Forest,0713,1x1,817,1275,07/05/2024,False
4945,The Villages of Briar Forest,0713,1x1,817,1275,07/06/2024,False
4946,The Villages of Briar Forest,0713,1x1,817,1275,07/07/2024,False
4947,The Villages of Briar Forest,0713,1x1,817,1270,07/08/2024,False
4948,The Villages of Briar Forest,0713,1x1,817,1270,07/09/2024,False
4949,The Villages of Briar Forest,0713,1x1,817,1335,07/10/2024,False
4950,The Villages of Briar Forest,0713,1x1,817,1335,07/11/2024,False
4951,The Villages of Briar Forest,0713,1x1,817,1355,07/12/2024,False
4952,The Villages of Briar Forest,0713,1x1,817,1355,07/13/2024,False
4953,The Villages of Briar Forest,0713,1x1,817,1355,07/14/2024,False
4954,The Villages of Briar Forest,0713,1x1,817,1355,07/15/2024,False
4955,The Villages of Briar Forest,0713,1x1,817,1355,07/16/2024,False
4956,The Villages of Briar Forest,0713,1x1,817,1355,07/17/2024,False
4957,The Villages of Briar Forest,0713,1x1,817,1355,07/18/2024,False
4958,The Villages of Briar Forest,0713,1x1,817,1355,07/19/2024,False
4959,The Villages of Briar Forest,0713,1x1,817,1350,07/20/2024,False
4960,The Villages of Briar Forest,0713,1x1,817,1350,07/21/2024,False
4961,The Villages of Briar Forest,0713,1x1,817,1350,07/22/2024,False
4962,The Villages of Briar Forest,0713,1x1,817,1350,07/23/2024,False
4963,The Villages of Briar Forest,0713,1x1,817,1288,07/24/2024,False
4964,The Villages of Briar Forest,0713,1x1,817,1288,07/25/2024,False
4965,The Villages of Briar Forest,0713,1x1,817,1268,07/26/2024,False
4966,The Villages of Briar Forest,0713,1x1,817,1312,07/27/2024,False
4967,The Villages of Briar Forest,0713,1x1,817,1312,07/28/2024,False
4968,The Villages of Briar Forest,0713,1x1,817,1312,07/29/2024,False
4969,The Villages of Briar Forest,0713,1x1,817,1312,07/30/2024,False
4970,The Villages of Briar Forest,0713,1x1,817,1312,07/31/2024,False
4971,The Villages of Briar Forest,0713,1x1,817,1312,08/01/2024,False
4972,The Villages of Briar Forest,0713,1x1,817,1318,08/02/2024,False
4973,The Villages of Briar Forest,0713,1x1,817,1318,08/03/2024,False
4974,The Villages of Briar Forest,0713,1x1,817,1318,08/04/2024,False
4975,The Villages of Briar Forest,0713,1x1,817,1318,08/05/2024,False
4976,The Villages of Briar Forest,0713,1x1,817,1318,08/06/2024,False
4977,The Villages of Briar Forest,0713,1x1,817,1318,08/07/2024,False
4978,The Villages of Briar Forest,0713,1x1,817,1318,08/08/2024,False
4979,The Villages of Briar Forest,0713,1x1,817,1282,08/09/2024,False
4980,The Villages of Briar Forest,0713,1x1,817,1282,08/10/2024,False
4981,The Villages of Briar Forest,0713,1x1,817,1282,08/11/2024,False
4982,The Villages of Briar Forest,0713,1x1,817,1282,08/12/2024,False
4983,The Villages of Briar Forest,0713,1x1,817,1396,08/13/2024,False
4984,The Villages of Briar Forest,0713,1x1,817,1292,08/14/2024,False
4985,The Villages of Briar Forest,0713,1x1,817,1292,08/15/2024,False
4986,The Villages of Briar Forest,0713,1x1,817,1335,08/16/2024,False
4987,The Villages of Briar Forest,0713,1x1,817,1335,08/17/2024,False
4988,The Villages of Briar Forest,0713,1x1,817,1335,08/18/2024,False
4989,The Villages of Briar Forest,0713,1x1,817,1335,08/19/2024,False
4990,The Villages of Briar Forest,0713,1x1,817,1335,08/20/2024,False
4991,The Villages of Briar Forest,0713,1x1,817,1335,08/21/2024,False
4992,The Villages of Briar Forest,0713,1x1,817,1335,08/22/2024,False
4993,The Villages of Briar Forest,0713,1x1,817,1335,08/23/2024,False
4994,The Villages of Briar Forest,0713,1x1,817,1335,08/24/2024,False
4995,The Villages of Briar Forest,0713,1x1,817,1335,08/25/2024,False
4996,The Villages of Briar Forest,0713,1x1,817,1335,08/26/2024,False
4997,The Villages of Briar Forest,0713,1x1,817,1335,08/27/2024,False
4998,The Villages of Briar Forest,0713,1x1,817,1293,08/28/2024,False
4999,The Villages of Briar Forest,0713,1x1,817,1268,08/29/2024,False
5000,The Villages of Briar Forest,0713,1x1,817,1283,08/30/2024,False
5001,The Villages of Briar Forest,0713,1x1,817,1286,08/31/2024,False
5002,The Villages of Briar Forest,0713,1x1,817,1283,09/01/2024,False
5003,The Villages of Briar Forest,0713,1x1,817,1283,09/02/2024,False
5004,The Villages of Briar Forest,0713,1x1,817,1283,09/03/2024,False
5005,The Villages of Briar Forest,0713,1x1,817,1283,09/04/2024,False
5006,The Villages of Briar Forest,0713,1x1,817,1283,09/05/2024,False
5007,The Villages of Briar Forest,0713,1x1,817,1283,09/06/2024,False
5008,The Villages of Briar Forest,0713,1x1,817,1286,09/07/2024,False
5009,The Villages of Briar Forest,0713,1x1,817,1286,09/08/2024,False
5010,The Villages of Briar Forest,0713,1x1,817,1286,09/09/2024,False
5011,The Villages of Briar Forest,0713,1x1,817,1286,09/10/2024,False
5012,The Villages of Briar Forest,0713,1x1,817,1286,09/11/2024,False
5013,The Villages of Briar Forest,0713,1x1,817,1286,09/12/2024,False
5014,The Villages of Briar Forest,0713,1x1,817,1363,09/13/2024,False
5015,The Villages of Briar Forest,0713,1x1,817,1363,09/14/2024,False
5016,The Villages of Briar Forest,0713,1x1,817,1296,09/15/2024,False
5017,The Villages of Briar Forest,0713,1x1,817,1296,09/16/2024,False
5018,The Villages of Briar Forest,0713,1x1,817,1395,09/17/2024,False
5019,The Villages of Briar Forest,0713,1x1,817,1390,09/18/2024,False
5020,The Villages of Briar Forest,0713,1x1,817,1385,09/19/2024,False
5021,The Villages of Briar Forest,0713,1x1,817,1400,09/20/2024,False
5022,The Villages of Briar Forest,0713,1x1,817,1400,09/21/2024,False
5023,The Villages of Briar Forest,0713,1x1,817,1400,09/22/2024,False
5024,The Villages of Briar Forest,0713,1x1,817,1400,09/23/2024,False
5025,The Villages of Briar Forest,0713,1x1,817,1400,09/24/2024,False
5026,The Villages of Briar Forest,0713,1x1,817,1395,09/25/2024,False
5027,The Villages of Briar Forest,0713,1x1,817,1395,09/26/2024,False
5028,The Villages of Briar Forest,0713,1x1,817,1335,09/27/2024,False
5029,The Villages of Briar Forest,0713,1x1,817,1323,09/28/2024,False
5030,The Villages of Briar Forest,0713,1x1,817,1355,09/29/2024,False
5031,The Villages of Briar Forest,0713,1x1,817,1327,09/30/2024,False
5032,The Villages of Briar Forest,0713,1x1,817,1327,10/01/2024,False
5033,The Villages of Briar Forest,0713,1x1,817,1327,10/02/2024,False
5034,The Villages of Briar Forest,0713,1x1,817,1322,10/03/2024,False
5035,The Villages of Briar Forest,0713,1x1,817,1287,10/04/2024,False
5036,The Villages of Briar Forest,0713,1x1,817,1290,10/05/2024,False
5037,The Villages of Briar Forest,0713,1x1,817,1290,10/06/2024,False
5038,The Villages of Briar Forest,0713,1x1,817,1292,10/07/2024,False
5039,The Villages of Briar Forest,0713,1x1,817,1300,10/08/2024,False
5040,The Villages of Briar Forest,0713,1x1,817,1297,10/09/2024,False
5041,The Villages of Briar Forest,0713,1x1,817,1252,10/10/2024,False
5042,The Villages of Briar Forest,0713,1x1,817,1247,10/11/2024,False
5043,The Villages of Briar Forest,0713,1x1,817,1252,10/12/2024,False
5044,The Villages of Briar Forest,0713,1x1,817,1252,10/13/2024,False
5045,The Villages of Briar Forest,0713,1x1,817,1235,10/14/2024,False
5046,The Villages of Briar Forest,0713,1x1,817,1235,10/15/2024,False
5047,The Villages of Briar Forest,0713,1x1,817,1235,10/16/2024,False
5048,The Villages of Briar Forest,0713,1x1,817,1235,10/17/2024,False
5049,The Villages of Briar Forest,0713,1x1,817,1235,10/18/2024,False
5050,The Villages of Briar Forest,0713,1x1,817,1235,10/19/2024,False
5051,The Villages of Briar Forest,0713,1x1,817,1235,10/20/2024,False
5052,The Villages of Briar Forest,0713,1x1,817,1235,10/21/2024,False
5053,The Villages of Briar Forest,0713,1x1,817,1235,10/22/2024,False
5054,The Villages of Briar Forest,0713,1x1,817,1235,10/23/2024,False
5055,The Villages of Briar Forest,0713,1x1,817,1235,10/24/2024,False
5056,The Villages of Briar Forest,0713,1x1,817,1235,10/25/2024,False
5057,The Villages of Briar Forest,0713,1x1,817,1235,10/26/2024,False
5058,The Villages of Briar Forest,0713,1x1,817,1235,10/27/2024,False
5059,The Villages of Briar Forest,0713,1x1,817,1310,10/28/2024,False
5060,The Villages of Briar Forest,0713,1x1,817,1310,10/29/2024,False
5061,The Villages of Briar Forest,0713,1x1,817,1310,10/30/2024,False
5062,The Villages of Briar Forest,0713,1x1,817,1310,10/31/2024,False
5063,The Villages of Briar Forest,0713,1x1,817,1310,11/01/2024,False
5064,The Villages of Briar Forest,0713,1x1,817,1310,11/02/2024,False
5065,The Villages of Briar Forest,0713,1x1,817,1310,11/03/2024,False
5066,The Villages of Briar Forest,0713,1x1,817,1310,11/04/2024,False
5067,The Villages of Briar Forest,0713,1x1,817,1260,11/05/2024,False
5068,The Villages of Briar Forest,0713,1x1,817,1260,11/06/2024,False
5069,The Villages of Briar Forest,0713,1x1,817,1260,11/07/2024,False
5070,The Villages of Briar Forest,0713,1x1,817,1260,11/08/2024,False
5071,The Villages of Briar Forest,0713,1x1,817,1260,11/09/2024,False
5072,The Villages of Briar Forest,0713,1x1,817,1260,11/10/2024,False
5073,The Villages of Briar Forest,0713,1x1,817,1260,11/11/2024,False
5074,The Villages of Briar Forest,0713,1x1,817,1260,11/12/2024,False
5075,The Villages of Briar Forest,0713,1x1,817,1260,11/13/2024,False
5076,The Villages of Briar Forest,0713,1x1,817,1260,11/14/2024,False
5077,The Villages of Briar Forest,0713,1x1,817,1260,11/15/2024,False
5078,The Villages of Briar Forest,0713,1x1,817,1260,11/16/2024,False
5079,The Villages of Briar Forest,0713,1x1,817,1260,11/17/2024,False
5080,The Villages of Briar Forest,0713,1x1,817,1260,11/18/2024,False
5081,The Villages of Briar Forest,0713,1x1,817,1260,11/19/2024,False
5082,The Villages of Briar Forest,0713,1x1,817,1260,11/20/2024,False
5083,The Villages of Briar Forest,0713,1x1,817,1260,11/21/2024,False
5084,The Villages of Briar Forest,0713,1x1,817,1310,11/22/2024,False
5085,The Villages of Briar Forest,0713,1x1,817,1235,11/23/2024,False
5086,The Villages of Briar Forest,0713,1x1,817,1235,11/24/2024,False
5087,The Villages of Briar Forest,0713,1x1,817,1235,11/25/2024,False
5088,The Villages of Briar Forest,0713,1x1,817,1310,11/26/2024,False
5089,The Villages of Briar Forest,0713,1x1,817,1235,11/27/2024,False
5090,The Villages of Briar Forest,0713,1x1,817,1235,11/28/2024,False
5091,The Villages of Briar Forest,0713,1x1,817,1235,11/29/2024,False
5092,The Villages of Briar Forest,0713,1x1,817,1235,11/30/2024,False
5093,The Villages of Briar Forest,0713,1x1,817,1235,12/01/2024,False
5094,The Villages of Briar Forest,0713,1x1,817,1235,12/02/2024,False
5095,The Villages of Briar Forest,0713,1x1,817,1235,12/03/2024,False
5096,The Villages of Briar Forest,0713,1x1,817,1235,12/04/2024,False
5097,The Villages of Briar Forest,0713,1x1,817,1235,12/05/2024,False
5098,The Villages of Briar Forest,0713,1x1,817,1235,12/06/2024,False
5099,The Villages of Briar Forest,0713,1x1,817,1235,12/07/2024,False
5100,The Villages of Briar Forest,0713,1x1,817,1235,12/08/2024,False
5101,The Villages of Briar Forest,0713,1x1,817,1235,12/09/2024,False
5102,The Villages of Briar Forest,0713,1x1,817,1235,12/10/2024,False
5103,The Villages of Briar Forest,0713,1x1,817,1235,12/11/2024,False
5104,The Villages of Briar Forest,0713,1x1,817,1235,12/12/2024,False
5105,The Villages of Briar Forest,0713,1x1,817,1235,12/13/2024,False
5106,The Villages of Briar Forest,0713,1x1,817,1235,12/14/2024,False
5107,The Villages of Briar Forest,0713,1x1,817,1235,12/15/2024,False
5108,The Villages of Briar Forest,0713,1x1,817,1235,12/16/2024,False
5109,The Villages of Briar Forest,0713,1x1,817,1248,12/17/2024,False
5110,The Villages of Briar Forest,0713,1x1,817,1289,12/18/2024,False
5111,The Villages of Briar Forest,0713,1x1,817,1289,12/19/2024,False
5112,The Villages of Briar Forest,0713,1x1,817,1248,12/20/2024,False
5113,The Villages of Briar Forest,0713,1x1,817,1248,12/21/2024,False
5114,The Villages of Briar Forest,0713,1x1,817,1248,12/22/2024,False
5115,The Villages of Briar Forest,0713,1x1,817,1248,12/23/2024,False
5116,The Villages of Briar Forest,0713,1x1,817,1248,12/24/2024,False
5117,The Villages of Briar Forest,0713,1x1,817,1248,12/25/2024,False
5118,The Villages of Briar Forest,0713,1x1,817,1248,12/26/2024,False
5119,The Villages of Briar Forest,0713,1x1,817,1242,12/27/2024,False
5120,The Villages of Briar Forest,0713,1x1,817,1242,12/28/2024,False
5121,The Villages of Briar Forest,0713,1x1,817,1242,12/29/2024,False
5122,The Villages of Briar Forest,0713,1x1,817,1242,12/30/2024,False
5123,The Villages of Briar Forest,0713,1x1,817,1242,12/31/2024,False
5124,The Villages of Briar Forest,0713,1x1,817,1310,01/01/2025,False
5125,The Villages of Briar Forest,0713,1x1,817,1235,01/02/2025,False
5126,The Villages of Briar Forest,0713,1x1,817,1235,01/03/2025,False
5127,The Villages of Briar Forest,0713,1x1,817,1215,01/04/2025,False
5128,The Villages of Briar Forest,0713,1x1,817,1215,01/05/2025,False
5129,The Villages of Briar Forest,0713,1x1,817,1215,01/06/2025,False
5130,The Villages of Briar Forest,0713,1x1,817,1185,01/07/2025,False
5131,The Villages of Briar Forest,0713,1x1,817,1185,01/08/2025,False
5132,The Villages of Briar Forest,0713,1x1,817,1185,01/09/2025,False
5133,The Villages of Briar Forest,0713,1x1,817,1175,01/10/2025,False
5134,The Villages of Briar Forest,0713,1x1,817,1175,01/11/2025,False
5135,The Villages of Briar Forest,0713,1x1,817,1175,01/12/2025,False
5136,The Villages of Briar Forest,0713,1x1,817,1175,01/13/2025,False
5137,The Villages of Briar Forest,0713,1x1,817,1175,01/14/2025,False
5138,The Villages of Briar Forest,0713,1x1,817,1175,01/15/2025,False
5139,The Villages of Briar Forest,0713,1x1,817,1175,01/16/2025,False
5140,The Villages of Briar Forest,0713,1x1,817,1175,01/17/2025,False
5141,The Villages of Briar Forest,0713,1x1,817,1175,01/18/2025,False
5142,The Villages of Briar Forest,0713,1x1,817,1175,01/19/2025,False
5143,The Villages of Briar Forest,0713,1x1,817,1175,01/20/2025,False
5144,The Villages of Briar Forest,0713,1x1,817,1175,01/21/2025,False
5145,The Villages of Briar Forest,0713,1x1,817,1175,01/22/2025,False
5146,The Villages of Briar Forest,0713,1x1,817,1175,01/23/2025,False
5147,The Villages of Briar Forest,0713,1x1,817,1175,01/24/2025,False
5148,The Villages of Briar Forest,0713,1x1,817,1175,01/25/2025,False
5149,The Villages of Briar Forest,0713,1x1,817,1175,01/26/2025,False
5150,The Villages of Briar Forest,0713,1x1,817,1175,01/27/2025,False
5151,The Villages of Briar Forest,0713,1x1,817,1175,01/28/2025,False
5152,The Villages of Briar Forest,0713,1x1,817,1175,01/29/2025,False
5153,The Villages of Briar Forest,0713,1x1,817,1190,01/30/2025,False
5154,The Villages of Briar Forest,0713,1x1,817,1190,01/31/2025,False
5155,The Villages of Briar Forest,0713,1x1,817,1190,02/01/2025,True
5156,The Villages of Briar Forest,0714,2x2,1138,1556,11/23/2023,False
5157,The Villages of Briar Forest,0714,2x2,1138,1556,11/24/2023,False
5158,The Villages of Briar Forest,0714,2x2,1138,1556,11/25/2023,False
5159,The Villages of Briar Forest,0714,2x2,1138,1556,11/26/2023,False
5160,The Villages of Briar Forest,0714,2x2,1138,1556,11/27/2023,False
5161,The Villages of Briar Forest,0714,2x2,1138,1556,11/28/2023,False
5162,The Villages of Briar Forest,0714,2x2,1138,1556,11/29/2023,False
5163,The Villages of Briar Forest,0714,2x2,1138,1556,11/30/2023,False
5164,The Villages of Briar Forest,0714,2x2,1138,1556,12/01/2023,False
5165,The Villages of Briar Forest,0714,2x2,1138,1556,12/02/2023,False
5166,The Villages of Briar Forest,0714,2x2,1138,1556,12/03/2023,False
5167,The Villages of Briar Forest,0714,2x2,1138,1556,12/04/2023,False
5168,The Villages of Briar Forest,0714,2x2,1138,1556,12/05/2023,False
5169,The Villages of Briar Forest,0714,2x2,1138,1556,12/06/2023,False
5170,The Villages of Briar Forest,0714,2x2,1138,1556,12/07/2023,False
5171,The Villages of Briar Forest,0714,2x2,1138,1556,12/08/2023,False
5172,The Villages of Briar Forest,0714,2x2,1138,1556,12/09/2023,False
5173,The Villages of Briar Forest,0714,2x2,1138,1556,12/10/2023,False
5174,The Villages of Briar Forest,0714,2x2,1138,1556,12/11/2023,False
5175,The Villages of Briar Forest,0714,2x2,1138,1556,12/12/2023,False
5176,The Villages of Briar Forest,0714,2x2,1138,1556,12/13/2023,False
5177,The Villages of Briar Forest,0714,2x2,1138,1556,12/14/2023,False
5178,The Villages of Briar Forest,0714,2x2,1138,1556,12/15/2023,False
5179,The Villages of Briar Forest,0714,2x2,1138,1556,12/16/2023,False
5180,The Villages of Briar Forest,0714,2x2,1138,1556,12/17/2023,False
5181,The Villages of Briar Forest,0714,2x2,1138,1556,12/18/2023,False
5182,The Villages of Briar Forest,0714,2x2,1138,1556,12/19/2023,False
5183,The Villages of Briar Forest,0714,2x2,1138,1556,12/20/2023,False
5184,The Villages of Briar Forest,0714,2x2,1138,1556,12/21/2023,False
5185,The Villages of Briar Forest,0714,2x2,1138,1556,12/22/2023,False
5186,The Villages of Briar Forest,0714,2x2,1138,1556,12/23/2023,False
5187,The Villages of Briar Forest,0714,2x2,1138,1556,12/24/2023,False
5188,The Villages of Briar Forest,0714,2x2,1138,1556,12/25/2023,False
5189,The Villages of Briar Forest,0714,2x2,1138,1556,12/26/2023,False
5190,The Villages of Briar Forest,0714,2x2,1138,1556,12/27/2023,False
5191,The Villages of Briar Forest,0714,2x2,1138,1556,12/28/2023,False
5192,The Villages of Briar Forest,0714,2x2,1138,1556,12/29/2023,False
5193,The Villages of Briar Forest,0714,2x2,1138,1556,12/30/2023,False
5194,The Villages of Briar Forest,0714,2x2,1138,1556,12/31/2023,False
5195,The Villages of Briar Forest,0714,2x2,1138,1556,01/01/2024,False
5196,The Villages of Briar Forest,0714,2x2,1138,1556,01/02/2024,False
5197,The Villages of Briar Forest,0714,2x2,1138,1556,01/03/2024,False
5198,The Villages of Briar Forest,0714,2x2,1138,1556,01/04/2024,False
5199,The Villages of Briar Forest,0714,2x2,1138,1586,01/05/2024,False
5200,The Villages of Briar Forest,0714,2x2,1138,1541,01/06/2024,False
5201,The Villages of Briar Forest,0714,2x2,1138,1541,01/07/2024,False
5202,The Villages of Briar Forest,0714,2x2,1138,1541,01/08/2024,False
5203,The Villages of Briar Forest,0714,2x2,1138,1541,01/09/2024,False
5204,The Villages of Briar Forest,0714,2x2,1138,1541,01/10/2024,False
5205,The Villages of Briar Forest,0714,2x2,1138,1541,01/11/2024,False
5206,The Villages of Briar Forest,0714,2x2,1138,1541,01/12/2024,False
5207,The Villages of Briar Forest,0714,2x2,1138,1596,01/13/2024,False
5208,The Villages of Briar Forest,0714,2x2,1138,1616,01/14/2024,False
5209,The Villages of Briar Forest,0714,2x2,1138,1616,01/15/2024,False
5210,The Villages of Briar Forest,0714,2x2,1138,1616,01/16/2024,False
5211,The Villages of Briar Forest,0714,2x2,1138,1616,01/17/2024,False
5212,The Villages of Briar Forest,0714,2x2,1138,1616,01/18/2024,False
5213,The Villages of Briar Forest,0714,2x2,1138,1616,01/19/2024,False
5214,The Villages of Briar Forest,0714,2x2,1138,1616,01/20/2024,False
5215,The Villages of Briar Forest,0714,2x2,1138,1616,01/21/2024,False
5216,The Villages of Briar Forest,0714,2x2,1138,1616,01/22/2024,False
5217,The Villages of Briar Forest,0714,2x2,1138,1616,01/23/2024,False
5218,The Villages of Briar Forest,0714,2x2,1138,1616,01/24/2024,False
5219,The Villages of Briar Forest,0714,2x2,1138,1541,01/25/2024,False
5220,The Villages of Briar Forest,0714,2x2,1138,1526,01/26/2024,False
5221,The Villages of Briar Forest,0714,2x2,1138,1526,01/27/2024,False
5222,The Villages of Briar Forest,0714,2x2,1138,1526,01/28/2024,False
5223,The Villages of Briar Forest,0714,2x2,1138,1526,01/29/2024,False
5224,The Villages of Briar Forest,0714,2x2,1138,1526,01/30/2024,False
5225,The Villages of Briar Forest,0714,2x2,1138,1601,01/31/2024,False
5226,The Villages of Briar Forest,0714,2x2,1138,1601,02/01/2024,False
5227,The Villages of Briar Forest,0714,2x2,1138,1601,02/02/2024,False
5228,The Villages of Briar Forest,0714,2x2,1138,1636,02/03/2024,False
5229,The Villages of Briar Forest,0714,2x2,1138,1636,02/04/2024,False
5230,The Villages of Briar Forest,0714,2x2,1138,1636,02/05/2024,False
5231,The Villages of Briar Forest,0714,2x2,1138,1636,02/06/2024,False
5232,The Villages of Briar Forest,0714,2x2,1138,1636,02/07/2024,False
5233,The Villages of Briar Forest,0714,2x2,1138,1636,02/08/2024,False
5234,The Villages of Briar Forest,0714,2x2,1138,1636,02/09/2024,False
5235,The Villages of Briar Forest,0714,2x2,1138,1636,02/10/2024,False
5236,The Villages of Briar Forest,0714,2x2,1138,1636,02/11/2024,False
5237,The Villages of Briar Forest,0714,2x2,1138,1596,02/12/2024,False
5238,The Villages of Briar Forest,0714,2x2,1138,1596,02/13/2024,False
5239,The Villages of Briar Forest,0714,2x2,1138,1616,02/14/2024,False
5240,The Villages of Briar Forest,0714,2x2,1138,1616,02/15/2024,False
5241,The Villages of Briar Forest,0714,2x2,1138,1616,02/16/2024,False
5242,The Villages of Briar Forest,0714,2x2,1138,1596,02/17/2024,False
5243,The Villages of Briar Forest,0714,2x2,1138,1596,02/18/2024,False
5244,The Villages of Briar Forest,0714,2x2,1138,1596,02/19/2024,False
5245,The Villages of Briar Forest,0714,2x2,1138,1596,02/20/2024,False
5246,The Villages of Briar Forest,0714,2x2,1138,1596,02/21/2024,False
5247,The Villages of Briar Forest,0714,2x2,1138,1596,02/22/2024,False
5248,The Villages of Briar Forest,0714,2x2,1138,1596,02/23/2024,False
5249,The Villages of Briar Forest,0714,2x2,1138,1596,02/24/2024,False
5250,The Villages of Briar Forest,0714,2x2,1138,1596,02/25/2024,False
5251,The Villages of Briar Forest,0714,2x2,1138,1524,02/26/2024,False
5252,The Villages of Briar Forest,0714,2x2,1138,1554,02/27/2024,False
5253,The Villages of Briar Forest,0714,2x2,1138,1554,02/28/2024,False
5254,The Villages of Briar Forest,0714,2x2,1138,1566,02/29/2024,False
5255,The Villages of Briar Forest,0714,2x2,1138,1566,03/01/2024,False
5256,The Villages of Briar Forest,0714,2x2,1138,1566,03/02/2024,False
5257,The Villages of Briar Forest,0714,2x2,1138,1566,03/03/2024,False
5258,The Villages of Briar Forest,0714,2x2,1138,1566,03/04/2024,False
5259,The Villages of Briar Forest,0714,2x2,1138,1566,03/05/2024,False
5260,The Villages of Briar Forest,0714,2x2,1138,1566,03/06/2024,False
5261,The Villages of Briar Forest,0714,2x2,1138,1566,03/07/2024,True
5262,The Villages of Briar Forest,0714,2x2,1138,1606,10/12/2024,False
5263,The Villages of Briar Forest,0714,2x2,1138,1606,10/13/2024,False
5264,The Villages of Briar Forest,0714,2x2,1138,1606,10/14/2024,False
5265,The Villages of Briar Forest,0714,2x2,1138,1601,10/15/2024,False
5266,The Villages of Briar Forest,0714,2x2,1138,1601,10/16/2024,False
5267,The Villages of Briar Forest,0714,2x2,1138,1611,10/17/2024,False
5268,The Villages of Briar Forest,0714,2x2,1138,1611,10/18/2024,False
5269,The Villages of Briar Forest,0714,2x2,1138,1611,10/19/2024,False
5270,The Villages of Briar Forest,0714,2x2,1138,1616,10/20/2024,False
5271,The Villages of Briar Forest,0714,2x2,1138,1601,10/21/2024,False
5272,The Villages of Briar Forest,0714,2x2,1138,1601,10/22/2024,False
5273,The Villages of Briar Forest,0714,2x2,1138,1596,10/23/2024,False
5274,The Villages of Briar Forest,0714,2x2,1138,1596,10/24/2024,False
5275,The Villages of Briar Forest,0714,2x2,1138,1596,10/25/2024,False
5276,The Villages of Briar Forest,0714,2x2,1138,1596,10/26/2024,False
5277,The Villages of Briar Forest,0714,2x2,1138,1596,10/27/2024,False
5278,The Villages of Briar Forest,0714,2x2,1138,1596,10/28/2024,False
5279,The Villages of Briar Forest,0714,2x2,1138,1596,10/29/2024,False
5280,The Villages of Briar Forest,0714,2x2,1138,1596,10/30/2024,False
5281,The Villages of Briar Forest,0714,2x2,1138,1596,10/31/2024,False
5282,The Villages of Briar Forest,0714,2x2,1138,1596,11/01/2024,False
5283,The Villages of Briar Forest,0714,2x2,1138,1596,11/02/2024,False
5284,The Villages of Briar Forest,0714,2x2,1138,1596,11/03/2024,False
5285,The Villages of Briar Forest,0714,2x2,1138,1596,11/04/2024,False
5286,The Villages of Briar Forest,0714,2x2,1138,1551,11/05/2024,False
5287,The Villages of Briar Forest,0714,2x2,1138,1551,11/06/2024,False
5288,The Villages of Briar Forest,0714,2x2,1138,1551,11/07/2024,False
5289,The Villages of Briar Forest,0714,2x2,1138,1551,11/08/2024,False
5290,The Villages of Briar Forest,0714,2x2,1138,1551,11/09/2024,False
5291,The Villages of Briar Forest,0714,2x2,1138,1551,11/10/2024,False
5292,The Villages of Briar Forest,0714,2x2,1138,1551,11/11/2024,False
5293,The Villages of Briar Forest,0714,2x2,1138,1551,11/12/2024,False
5294,The Villages of Briar Forest,0714,2x2,1138,1551,11/13/2024,False
5295,The Villages of Briar Forest,0714,2x2,1138,1551,11/14/2024,False
5296,The Villages of Briar Forest,0714,2x2,1138,1551,11/15/2024,False
5297,The Villages of Briar Forest,0714,2x2,1138,1551,11/16/2024,False
5298,The Villages of Briar Forest,0714,2x2,1138,1551,11/17/2024,False
5299,The Villages of Briar Forest,0714,2x2,1138,1551,11/18/2024,False
5300,The Villages of Briar Forest,0714,2x2,1138,1551,11/19/2024,False
5301,The Villages of Briar Forest,0714,2x2,1138,1551,11/20/2024,False
5302,The Villages of Briar Forest,0714,2x2,1138,1546,11/21/2024,False
5303,The Villages of Briar Forest,0714,2x2,1138,1591,11/22/2024,False
5304,The Villages of Briar Forest,0714,2x2,1138,1483,11/23/2024,False
5305,The Villages of Briar Forest,0714,2x2,1138,1483,11/24/2024,False
5306,The Villages of Briar Forest,0714,2x2,1138,1483,11/25/2024,False
5307,The Villages of Briar Forest,0714,2x2,1138,1551,11/26/2024,False
5308,The Villages of Briar Forest,0714,2x2,1138,1483,11/27/2024,True
5309,The Villages of Briar Forest,0715,2x2,1138,1426,08/20/2024,False
5310,The Villages of Briar Forest,0715,2x2,1138,1426,08/21/2024,False
5311,The Villages of Briar Forest,0715,2x2,1138,1426,08/22/2024,True
5312,The Villages of Briar Forest,0716,1x1,817,1400,08/14/2024,False
5313,The Villages of Briar Forest,0716,1x1,817,1400,08/15/2024,False
5314,The Villages of Briar Forest,0716,1x1,817,1385,08/16/2024,False
5315,The Villages of Briar Forest,0716,1x1,817,1385,08/17/2024,False
5316,The Villages of Briar Forest,0716,1x1,817,1385,08/18/2024,False
5317,The Villages of Briar Forest,0716,1x1,817,1385,08/19/2024,False
5318,The Villages of Briar Forest,0716,1x1,817,1385,08/20/2024,False
5319,The Villages of Briar Forest,0716,1x1,817,1385,08/21/2024,False
5320,The Villages of Briar Forest,0716,1x1,817,1385,08/22/2024,False
5321,The Villages of Briar Forest,0716,1x1,817,1385,08/23/2024,False
5322,The Villages of Briar Forest,0716,1x1,817,1385,08/24/2024,False
5323,The Villages of Briar Forest,0716,1x1,817,1385,08/25/2024,False
5324,The Villages of Briar Forest,0716,1x1,817,1385,08/26/2024,False
5325,The Villages of Briar Forest,0716,1x1,817,1385,08/27/2024,False
5326,The Villages of Briar Forest,0716,1x1,817,1385,08/28/2024,False
5327,The Villages of Briar Forest,0716,1x1,817,1360,08/29/2024,False
5328,The Villages of Briar Forest,0716,1x1,817,1375,08/30/2024,False
5329,The Villages of Briar Forest,0716,1x1,817,1375,08/31/2024,False
5330,The Villages of Briar Forest,0716,1x1,817,1375,09/01/2024,False
5331,The Villages of Briar Forest,0716,1x1,817,1375,09/02/2024,False
5332,The Villages of Briar Forest,0716,1x1,817,1375,09/03/2024,False
5333,The Villages of Briar Forest,0716,1x1,817,1375,09/04/2024,False
5334,The Villages of Briar Forest,0716,1x1,817,1375,09/05/2024,False
5335,The Villages of Briar Forest,0716,1x1,817,1375,09/06/2024,False
5336,The Villages of Briar Forest,0716,1x1,817,1375,09/07/2024,False
5337,The Villages of Briar Forest,0716,1x1,817,1375,09/08/2024,False
5338,The Villages of Briar Forest,0716,1x1,817,1375,09/09/2024,False
5339,The Villages of Briar Forest,0716,1x1,817,1375,09/10/2024,False
5340,The Villages of Briar Forest,0716,1x1,817,1375,09/11/2024,False
5341,The Villages of Briar Forest,0716,1x1,817,1375,09/12/2024,False
5342,The Villages of Briar Forest,0716,1x1,817,1455,09/13/2024,False
5343,The Villages of Briar Forest,0716,1x1,817,1455,09/14/2024,False
5344,The Villages of Briar Forest,0716,1x1,817,1455,09/15/2024,False
5345,The Villages of Briar Forest,0716,1x1,817,1440,09/16/2024,False
5346,The Villages of Briar Forest,0716,1x1,817,1440,09/17/2024,False
5347,The Villages of Briar Forest,0716,1x1,817,1440,09/18/2024,False
5348,The Villages of Briar Forest,0716,1x1,817,1435,09/19/2024,False
5349,The Villages of Briar Forest,0716,1x1,817,1450,09/20/2024,False
5350,The Villages of Briar Forest,0716,1x1,817,1450,09/21/2024,False
5351,The Villages of Briar Forest,0716,1x1,817,1450,09/22/2024,False
5352,The Villages of Briar Forest,0716,1x1,817,1440,09/23/2024,False
5353,The Villages of Briar Forest,0716,1x1,817,1435,09/24/2024,False
5354,The Villages of Briar Forest,0716,1x1,817,1435,09/25/2024,False
5355,The Villages of Briar Forest,0716,1x1,817,1435,09/26/2024,False
5356,The Villages of Briar Forest,0716,1x1,817,1405,09/27/2024,False
5357,The Villages of Briar Forest,0716,1x1,817,1405,09/28/2024,False
5358,The Villages of Briar Forest,0716,1x1,817,1405,09/29/2024,False
5359,The Villages of Briar Forest,0716,1x1,817,1384,09/30/2024,False
5360,The Villages of Briar Forest,0716,1x1,817,1384,10/01/2024,False
5361,The Villages of Briar Forest,0716,1x1,817,1384,10/02/2024,False
5362,The Villages of Briar Forest,0716,1x1,817,1384,10/03/2024,False
5363,The Villages of Briar Forest,0716,1x1,817,1349,10/04/2024,False
5364,The Villages of Briar Forest,0716,1x1,817,1349,10/05/2024,False
5365,The Villages of Briar Forest,0716,1x1,817,1349,10/06/2024,False
5366,The Villages of Briar Forest,0716,1x1,817,1349,10/07/2024,False
5367,The Villages of Briar Forest,0716,1x1,817,1349,10/08/2024,False
5368,The Villages of Briar Forest,0716,1x1,817,1349,10/09/2024,False
5369,The Villages of Briar Forest,0716,1x1,817,1308,10/10/2024,False
5370,The Villages of Briar Forest,0716,1x1,817,1308,10/11/2024,False
5371,The Villages of Briar Forest,0716,1x1,817,1308,10/12/2024,False
5372,The Villages of Briar Forest,0716,1x1,817,1308,10/13/2024,False
5373,The Villages of Briar Forest,0716,1x1,817,1308,10/14/2024,False
5374,The Villages of Briar Forest,0716,1x1,817,1258,10/15/2024,False
5375,The Villages of Briar Forest,0716,1x1,817,1258,10/16/2024,False
5376,The Villages of Briar Forest,0716,1x1,817,1258,10/17/2024,False
5377,The Villages of Briar Forest,0716,1x1,817,1258,10/18/2024,False
5378,The Villages of Briar Forest,0716,1x1,817,1258,10/19/2024,False
5379,The Villages of Briar Forest,0716,1x1,817,1258,10/20/2024,False
5380,The Villages of Briar Forest,0716,1x1,817,1258,10/21/2024,False
5381,The Villages of Briar Forest,0716,1x1,817,1258,10/22/2024,False
5382,The Villages of Briar Forest,0716,1x1,817,1258,10/23/2024,False
5383,The Villages of Briar Forest,0716,1x1,817,1258,10/24/2024,False
5384,The Villages of Briar Forest,0716,1x1,817,1258,10/25/2024,False
5385,The Villages of Briar Forest,0716,1x1,817,1258,10/26/2024,False
5386,The Villages of Briar Forest,0716,1x1,817,1258,10/27/2024,False
5387,The Villages of Briar Forest,0716,1x1,817,1320,10/28/2024,False
5388,The Villages of Briar Forest,0716,1x1,817,1320,10/29/2024,False
5389,The Villages of Briar Forest,0716,1x1,817,1320,10/30/2024,False
5390,The Villages of Briar Forest,0716,1x1,817,1320,10/31/2024,False
5391,The Villages of Briar Forest,0716,1x1,817,1320,11/01/2024,False
5392,The Villages of Briar Forest,0716,1x1,817,1320,11/02/2024,False
5393,The Villages of Briar Forest,0716,1x1,817,1320,11/03/2024,False
5394,The Villages of Briar Forest,0716,1x1,817,1320,11/04/2024,False
5395,The Villages of Briar Forest,0716,1x1,817,1278,11/05/2024,False
5396,The Villages of Briar Forest,0716,1x1,817,1278,11/06/2024,False
5397,The Villages of Briar Forest,0716,1x1,817,1298,11/07/2024,False
5398,The Villages of Briar Forest,0716,1x1,817,1298,11/08/2024,False
5399,The Villages of Briar Forest,0716,1x1,817,1298,11/09/2024,False
5400,The Villages of Briar Forest,0716,1x1,817,1298,11/10/2024,False
5401,The Villages of Briar Forest,0716,1x1,817,1298,11/11/2024,False
5402,The Villages of Briar Forest,0716,1x1,817,1298,11/12/2024,False
5403,The Villages of Briar Forest,0716,1x1,817,1298,11/13/2024,False
5404,The Villages of Briar Forest,0716,1x1,817,1298,11/14/2024,False
5405,The Villages of Briar Forest,0716,1x1,817,1298,11/15/2024,False
5406,The Villages of Briar Forest,0716,1x1,817,1298,11/16/2024,False
5407,The Villages of Briar Forest,0716,1x1,817,1298,11/17/2024,False
5408,The Villages of Briar Forest,0716,1x1,817,1298,11/18/2024,False
5409,The Villages of Briar Forest,0716,1x1,817,1298,11/19/2024,False
5410,The Villages of Briar Forest,0716,1x1,817,1298,11/20/2024,False
5411,The Villages of Briar Forest,0716,1x1,817,1298,11/21/2024,False
5412,The Villages of Briar Forest,0716,1x1,817,1350,11/22/2024,False
5413,The Villages of Briar Forest,0716,1x1,817,1272,11/23/2024,False
5414,The Villages of Briar Forest,0716,1x1,817,1272,11/24/2024,False
5415,The Villages of Briar Forest,0716,1x1,817,1272,11/25/2024,False
5416,The Villages of Briar Forest,0716,1x1,817,1335,11/26/2024,False
5417,The Villages of Briar Forest,0716,1x1,817,1272,11/27/2024,False
5418,The Villages of Briar Forest,0716,1x1,817,1272,11/28/2024,False
5419,The Villages of Briar Forest,0716,1x1,817,1268,11/29/2024,False
5420,The Villages of Briar Forest,0716,1x1,817,1268,11/30/2024,False
5421,The Villages of Briar Forest,0716,1x1,817,1262,12/01/2024,False
5422,The Villages of Briar Forest,0716,1x1,817,1262,12/02/2024,False
5423,The Villages of Briar Forest,0716,1x1,817,1312,12/03/2024,False
5424,The Villages of Briar Forest,0716,1x1,817,1312,12/04/2024,False
5425,The Villages of Briar Forest,0716,1x1,817,1312,12/05/2024,False
5426,The Villages of Briar Forest,0716,1x1,817,1312,12/06/2024,False
5427,The Villages of Briar Forest,0716,1x1,817,1282,12/07/2024,False
5428,The Villages of Briar Forest,0716,1x1,817,1282,12/08/2024,False
5429,The Villages of Briar Forest,0716,1x1,817,1282,12/09/2024,False
5430,The Villages of Briar Forest,0716,1x1,817,1282,12/10/2024,False
5431,The Villages of Briar Forest,0716,1x1,817,1282,12/11/2024,False
5432,The Villages of Briar Forest,0716,1x1,817,1282,12/12/2024,False
5433,The Villages of Briar Forest,0716,1x1,817,1328,12/13/2024,False
5434,The Villages of Briar Forest,0716,1x1,817,1328,12/14/2024,False
5435,The Villages of Briar Forest,0716,1x1,817,1328,12/15/2024,False
5436,The Villages of Briar Forest,0716,1x1,817,1328,12/16/2024,False
5437,The Villages of Briar Forest,0716,1x1,817,1328,12/17/2024,False
5438,The Villages of Briar Forest,0716,1x1,817,1369,12/18/2024,False
5439,The Villages of Briar Forest,0716,1x1,817,1369,12/19/2024,False
5440,The Villages of Briar Forest,0716,1x1,817,1328,12/20/2024,False
5441,The Villages of Briar Forest,0716,1x1,817,1328,12/21/2024,False
5442,The Villages of Briar Forest,0716,1x1,817,1328,12/22/2024,False
5443,The Villages of Briar Forest,0716,1x1,817,1328,12/23/2024,False
5444,The Villages of Briar Forest,0716,1x1,817,1328,12/24/2024,False
5445,The Villages of Briar Forest,0716,1x1,817,1328,12/25/2024,False
5446,The Villages of Briar Forest,0716,1x1,817,1328,12/26/2024,False
5447,The Villages of Briar Forest,0716,1x1,817,1322,12/27/2024,False
5448,The Villages of Briar Forest,0716,1x1,817,1322,12/28/2024,False
5449,The Villages of Briar Forest,0716,1x1,817,1322,12/29/2024,False
5450,The Villages of Briar Forest,0716,1x1,817,1322,12/30/2024,False
5451,The Villages of Briar Forest,0716,1x1,817,1322,12/31/2024,False
5452,The Villages of Briar Forest,0716,1x1,817,1390,01/01/2025,False
5453,The Villages of Briar Forest,0716,1x1,817,1315,01/02/2025,False
5454,The Villages of Briar Forest,0716,1x1,817,1315,01/03/2025,False
5455,The Villages of Briar Forest,0716,1x1,817,1295,01/04/2025,False
5456,The Villages of Briar Forest,0716,1x1,817,1295,01/05/2025,False
5457,The Villages of Briar Forest,0716,1x1,817,1295,01/06/2025,False
5458,The Villages of Briar Forest,0716,1x1,817,1265,01/07/2025,False
5459,The Villages of Briar Forest,0716,1x1,817,1265,01/08/2025,False
5460,The Villages of Briar Forest,0716,1x1,817,1265,01/09/2025,False
5461,The Villages of Briar Forest,0716,1x1,817,1255,01/10/2025,False
5462,The Villages of Briar Forest,0716,1x1,817,1255,01/11/2025,False
5463,The Villages of Briar Forest,0716,1x1,817,1255,01/12/2025,False
5464,The Villages of Briar Forest,0716,1x1,817,1255,01/13/2025,False
5465,The Villages of Briar Forest,0716,1x1,817,1255,01/14/2025,False
5466,The Villages of Briar Forest,0716,1x1,817,1255,01/15/2025,False
5467,The Villages of Briar Forest,0716,1x1,817,1255,01/16/2025,False
5468,The Villages of Briar Forest,0716,1x1,817,1255,01/17/2025,False
5469,The Villages of Briar Forest,0716,1x1,817,1255,01/18/2025,False
5470,The Villages of Briar Forest,0716,1x1,817,1255,01/19/2025,False
5471,The Villages of Briar Forest,0716,1x1,817,1255,01/20/2025,False
5472,The Villages of Briar Forest,0716,1x1,817,1255,01/21/2025,False
5473,The Villages of Briar Forest,0716,1x1,817,1255,01/22/2025,False
5474,The Villages of Briar Forest,0716,1x1,817,1255,01/23/2025,False
5475,The Villages of Briar Forest,0716,1x1,817,1270,01/24/2025,False
5476,The Villages of Briar Forest,0716,1x1,817,1270,01/25/2025,False
5477,The Villages of Briar Forest,0716,1x1,817,1270,01/26/2025,False
5478,The Villages of Briar Forest,0716,1x1,817,1270,01/27/2025,False
5479,The Villages of Briar Forest,0716,1x1,817,1270,01/28/2025,False
5480,The Villages of Briar Forest,0716,1x1,817,1270,01/29/2025,False
5481,The Villages of Briar Forest,0716,1x1,817,1270,01/30/2025,False
5482,The Villages of Briar Forest,0716,1x1,817,1270,01/31/2025,False
5483,The Villages of Briar Forest,0716,1x1,817,1282,02/01/2025,False
5484,The Villages of Briar Forest,0716,1x1,817,1282,02/02/2025,False
5485,The Villages of Briar Forest,0716,1x1,817,1282,02/03/2025,False
5486,The Villages of Briar Forest,0716,1x1,817,1282,02/04/2025,False
5487,The Villages of Briar Forest,0716,1x1,817,1282,02/05/2025,False
5488,The Villages of Briar Forest,0716,1x1,817,1282,02/06/2025,False
5489,The Villages of Briar Forest,0716,1x1,817,1248,02/07/2025,False
5490,The Villages of Briar Forest,0716,1x1,817,1248,02/08/2025,False
5491,The Villages of Briar Forest,0716,1x1,817,1248,02/09/2025,False
5492,The Villages of Briar Forest,0716,1x1,817,1248,02/10/2025,False
5493,The Villages of Briar Forest,0716,1x1,817,1248,02/11/2025,False
5494,The Villages of Briar Forest,0716,1x1,817,1248,02/12/2025,False
5495,The Villages of Briar Forest,0716,1x1,817,1248,02/13/2025,False
5496,The Villages of Briar Forest,0716,1x1,817,1262,02/14/2025,False
5497,The Villages of Briar Forest,0716,1x1,817,1262,02/15/2025,False
5498,The Villages of Briar Forest,0716,1x1,817,1262,02/16/2025,False
5499,The Villages of Briar Forest,0716,1x1,817,1262,02/17/2025,False
5500,The Villages of Briar Forest,0716,1x1,817,1262,02/18/2025,False
5501,The Villages of Briar Forest,0716,1x1,817,1262,02/19/2025,False
5502,The Villages of Briar Forest,0716,1x1,817,1325,02/20/2025,False
5503,The Villages of Briar Forest,0716,1x1,817,1250,02/21/2025,False
5504,The Villages of Briar Forest,0716,1x1,817,1250,02/22/2025,False
5505,The Villages of Briar Forest,0716,1x1,817,1250,02/23/2025,False
5506,The Villages of Briar Forest,0716,1x1,817,1262,02/24/2025,False
5507,The Villages of Briar Forest,0716,1x1,817,1250,02/25/2025,False
5508,The Villages of Briar Forest,0716,1x1,817,1250,02/26/2025,False
5509,The Villages of Briar Forest,0716,1x1,817,1250,02/27/2025,False
5510,The Villages of Briar Forest,0716,1x1,817,1225,02/28/2025,False
5511,The Villages of Briar Forest,0716,1x1,817,1238,03/01/2025,False
5512,The Villages of Briar Forest,0716,1x1,817,1238,03/02/2025,False
5513,The Villages of Briar Forest,0716,1x1,817,1238,03/03/2025,False
5514,The Villages of Briar Forest,0716,1x1,817,1238,03/04/2025,False
5515,The Villages of Briar Forest,0716,1x1,817,1238,03/05/2025,False
5516,The Villages of Briar Forest,0716,1x1,817,1300,03/06/2025,False
5517,The Villages of Briar Forest,0716,1x1,817,1315,03/07/2025,False
5518,The Villages of Briar Forest,0716,1x1,817,1315,03/08/2025,False
5519,The Villages of Briar Forest,0716,1x1,817,1315,03/09/2025,False
5520,The Villages of Briar Forest,0716,1x1,817,1315,03/10/2025,False
5521,The Villages of Briar Forest,0716,1x1,817,1315,03/11/2025,False
5522,The Villages of Briar Forest,0716,1x1,817,1315,03/12/2025,False
5523,The Villages of Briar Forest,0716,1x1,817,1315,03/13/2025,False
5524,The Villages of Briar Forest,0716,1x1,817,1315,03/14/2025,False
5525,The Villages of Briar Forest,0716,1x1,817,1315,03/15/2025,False
5526,The Villages of Briar Forest,0716,1x1,817,1315,03/16/2025,False
5527,The Villages of Briar Forest,0716,1x1,817,1315,03/17/2025,False
5528,The Villages of Briar Forest,0716,1x1,817,1315,03/18/2025,False
5529,The Villages of Briar Forest,0716,1x1,817,1315,03/19/2025,False
5530,The Villages of Briar Forest,0716,1x1,817,1315,03/20/2025,False
5531,The Villages of Briar Forest,0716,1x1,817,1315,03/21/2025,False
5532,The Villages of Briar Forest,0716,1x1,817,1315,03/22/2025,False
5533,The Villages of Briar Forest,0716,1x1,817,1315,03/23/2025,False
5534,The Villages of Briar Forest,0716,1x1,817,1315,03/24/2025,False
5535,The Villages of Briar Forest,0716,1x1,817,1425,03/25/2025,False
5536,The Villages of Briar Forest,0716,1x1,817,1425,03/26/2025,False
5537,The Villages of Briar Forest,0716,1x1,817,1425,03/27/2025,False
5538,The Villages of Briar Forest,0716,1x1,817,1425,03/28/2025,False
5539,The Villages of Briar Forest,0716,1x1,817,1425,03/29/2025,False
5540,The Villages of Briar Forest,0716,1x1,817,1425,03/30/2025,False
5541,The Villages of Briar Forest,0716,1x1,817,1425,03/31/2025,False
5542,The Villages of Briar Forest,0716,1x1,817,1425,04/01/2025,True
5543,The Villages of Briar Forest,0718,2x2,1138,1561,09/28/2023,False
5544,The Villages of Briar Forest,0718,2x2,1138,1561,09/29/2023,False
5545,The Villages of Briar Forest,0718,2x2,1138,1561,09/30/2023,False
5546,The Villages of Briar Forest,0718,2x2,1138,1561,10/01/2023,False
5547,The Villages of Briar Forest,0718,2x2,1138,1561,10/02/2023,False
5548,The Villages of Briar Forest,0718,2x2,1138,1561,10/03/2023,False
5549,The Villages of Briar Forest,0718,2x2,1138,1561,10/04/2023,False
5550,The Villages of Briar Forest,0718,2x2,1138,1561,10/05/2023,False
5551,The Villages of Briar Forest,0718,2x2,1138,1587,10/06/2023,False
5552,The Villages of Briar Forest,0718,2x2,1138,1566,10/07/2023,False
5553,The Villages of Briar Forest,0718,2x2,1138,1566,10/08/2023,False
5554,The Villages of Briar Forest,0718,2x2,1138,1566,10/09/2023,True
5555,The Villages of Briar Forest,0718,2x2,1138,1501,09/03/2024,False
5556,The Villages of Briar Forest,0718,2x2,1138,1501,09/04/2024,False
5557,The Villages of Briar Forest,0718,2x2,1138,1501,09/05/2024,False
5558,The Villages of Briar Forest,0718,2x2,1138,1501,09/06/2024,False
5559,The Villages of Briar Forest,0718,2x2,1138,1501,09/07/2024,False
5560,The Villages of Briar Forest,0718,2x2,1138,1501,09/08/2024,False
5561,The Villages of Briar Forest,0718,2x2,1138,1501,09/09/2024,False
5562,The Villages of Briar Forest,0718,2x2,1138,1501,09/10/2024,False
5563,The Villages of Briar Forest,0718,2x2,1138,1501,09/11/2024,False
5564,The Villages of Briar Forest,0718,2x2,1138,1501,09/12/2024,False
5565,The Villages of Briar Forest,0718,2x2,1138,1541,09/13/2024,False
5566,The Villages of Briar Forest,0718,2x2,1138,1541,09/14/2024,False
5567,The Villages of Briar Forest,0718,2x2,1138,1541,09/15/2024,False
5568,The Villages of Briar Forest,0718,2x2,1138,1541,09/16/2024,False
5569,The Villages of Briar Forest,0718,2x2,1138,1541,09/17/2024,False
5570,The Villages of Briar Forest,0718,2x2,1138,1541,09/18/2024,True
5571,The Villages of Briar Forest,0721,2x2,1138,1431,07/17/2024,False
5572,The Villages of Briar Forest,0721,2x2,1138,1431,07/18/2024,False
5573,The Villages of Briar Forest,0721,2x2,1138,1431,07/19/2024,False
5574,The Villages of Briar Forest,0721,2x2,1138,1431,07/20/2024,False
5575,The Villages of Briar Forest,0721,2x2,1138,1431,07/21/2024,False
5576,The Villages of Briar Forest,0721,2x2,1138,1431,07/22/2024,False
5577,The Villages of Briar Forest,0721,2x2,1138,1431,07/23/2024,False
5578,The Villages of Briar Forest,0721,2x2,1138,1431,07/24/2024,False
5579,The Villages of Briar Forest,0721,2x2,1138,1431,07/25/2024,False
5580,The Villages of Briar Forest,0721,2x2,1138,1431,07/26/2024,False
5581,The Villages of Briar Forest,0721,2x2,1138,1431,07/27/2024,False
5582,The Villages of Briar Forest,0721,2x2,1138,1431,07/28/2024,False
5583,The Villages of Briar Forest,0721,2x2,1138,1431,07/29/2024,False
5584,The Villages of Briar Forest,0721,2x2,1138,1431,07/30/2024,False
5585,The Villages of Briar Forest,0721,2x2,1138,1431,07/31/2024,False
5586,The Villages of Briar Forest,0721,2x2,1138,1431,08/01/2024,False
5587,The Villages of Briar Forest,0721,2x2,1138,1431,08/02/2024,False
5588,The Villages of Briar Forest,0721,2x2,1138,1441,08/03/2024,False
5589,The Villages of Briar Forest,0721,2x2,1138,1441,08/04/2024,False
5590,The Villages of Briar Forest,0721,2x2,1138,1441,08/05/2024,True
5591,The Villages of Briar Forest,0726,1x1,817,1280,07/01/2023,False
5592,The Villages of Briar Forest,0726,1x1,817,1252,07/02/2023,False
5593,The Villages of Briar Forest,0726,1x1,817,1257,07/03/2023,False
5594,The Villages of Briar Forest,0726,1x1,817,1257,07/04/2023,False
5595,The Villages of Briar Forest,0726,1x1,817,1247,07/05/2023,False
5596,The Villages of Briar Forest,0726,1x1,817,1247,07/06/2023,False
5597,The Villages of Briar Forest,0726,1x1,817,1262,07/07/2023,False
5598,The Villages of Briar Forest,0726,1x1,817,1257,07/08/2023,False
5599,The Villages of Briar Forest,0726,1x1,817,1252,07/09/2023,False
5600,The Villages of Briar Forest,0726,1x1,817,1252,07/10/2023,False
5601,The Villages of Briar Forest,0726,1x1,817,1242,07/11/2023,False
5602,The Villages of Briar Forest,0726,1x1,817,1242,07/12/2023,True
5603,The Villages of Briar Forest,0726,1x1,817,1032,10/12/2023,False
5604,The Villages of Briar Forest,0726,1x1,817,1032,10/13/2023,False
5605,The Villages of Briar Forest,0726,1x1,817,1028,10/14/2023,False
5606,The Villages of Briar Forest,0726,1x1,817,1028,10/15/2023,False
5607,The Villages of Briar Forest,0726,1x1,817,1028,10/16/2023,False
5608,The Villages of Briar Forest,0726,1x1,817,1028,10/17/2023,False
5609,The Villages of Briar Forest,0726,1x1,817,1028,10/18/2023,False
5610,The Villages of Briar Forest,0726,1x1,817,1028,10/19/2023,False
5611,The Villages of Briar Forest,0726,1x1,817,1028,10/20/2023,False
5612,The Villages of Briar Forest,0726,1x1,817,1028,10/21/2023,False
5613,The Villages of Briar Forest,0726,1x1,817,1028,10/22/2023,False
5614,The Villages of Briar Forest,0726,1x1,817,1028,10/23/2023,False
5615,The Villages of Briar Forest,0726,1x1,817,1028,10/24/2023,False
5616,The Villages of Briar Forest,0726,1x1,817,1028,10/25/2023,False
5617,The Villages of Briar Forest,0726,1x1,817,1028,10/26/2023,False
5618,The Villages of Briar Forest,0726,1x1,817,1028,10/27/2023,False
5619,The Villages of Briar Forest,0726,1x1,817,1028,10/28/2023,False
5620,The Villages of Briar Forest,0726,1x1,817,1028,10/29/2023,False
5621,The Villages of Briar Forest,0726,1x1,817,1028,10/30/2023,False
5622,The Villages of Briar Forest,0726,1x1,817,1028,10/31/2023,False
5623,The Villages of Briar Forest,0726,1x1,817,1090,11/01/2023,False
5624,The Villages of Briar Forest,0726,1x1,817,1090,11/02/2023,False
5625,The Villages of Briar Forest,0726,1x1,817,1090,11/03/2023,False
5626,The Villages of Briar Forest,0726,1x1,817,1090,11/04/2023,False
5627,The Villages of Briar Forest,0726,1x1,817,1090,11/05/2023,False
5628,The Villages of Briar Forest,0726,1x1,817,1090,11/06/2023,True
5629,The Villages of Briar Forest,0727,1x1,817,1305,04/03/2024,False
5630,The Villages of Briar Forest,0727,1x1,817,1305,04/04/2024,False
5631,The Villages of Briar Forest,0727,1x1,817,1305,04/05/2024,False
5632,The Villages of Briar Forest,0727,1x1,817,1325,04/06/2024,False
5633,The Villages of Briar Forest,0727,1x1,817,1325,04/07/2024,False
5634,The Villages of Briar Forest,0727,1x1,817,1325,04/08/2024,False
5635,The Villages of Briar Forest,0727,1x1,817,1320,04/09/2024,False
5636,The Villages of Briar Forest,0727,1x1,817,1320,04/10/2024,False
5637,The Villages of Briar Forest,0727,1x1,817,1325,04/11/2024,False
5638,The Villages of Briar Forest,0727,1x1,817,1325,04/12/2024,False
5639,The Villages of Briar Forest,0727,1x1,817,1325,04/13/2024,False
5640,The Villages of Briar Forest,0727,1x1,817,1320,04/14/2024,False
5641,The Villages of Briar Forest,0727,1x1,817,1320,04/15/2024,False
5642,The Villages of Briar Forest,0727,1x1,817,1310,04/16/2024,False
5643,The Villages of Briar Forest,0727,1x1,817,1310,04/17/2024,False
5644,The Villages of Briar Forest,0727,1x1,817,1320,04/18/2024,False
5645,The Villages of Briar Forest,0727,1x1,817,1315,04/19/2024,False
5646,The Villages of Briar Forest,0727,1x1,817,1315,04/20/2024,False
5647,The Villages of Briar Forest,0727,1x1,817,1320,04/21/2024,False
5648,The Villages of Briar Forest,0727,1x1,817,1310,04/22/2024,False
5649,The Villages of Briar Forest,0727,1x1,817,1310,04/23/2024,False
5650,The Villages of Briar Forest,0727,1x1,817,1305,04/24/2024,False
5651,The Villages of Briar Forest,0727,1x1,817,1300,04/25/2024,False
5652,The Villages of Briar Forest,0727,1x1,817,1275,04/26/2024,False
5653,The Villages of Briar Forest,0727,1x1,817,1275,04/27/2024,False
5654,The Villages of Briar Forest,0727,1x1,817,1270,04/28/2024,False
5655,The Villages of Briar Forest,0727,1x1,817,1270,04/29/2024,False
5656,The Villages of Briar Forest,0727,1x1,817,1255,04/30/2024,False
5657,The Villages of Briar Forest,0727,1x1,817,1265,05/01/2024,False
5658,The Villages of Briar Forest,0727,1x1,817,1270,05/02/2024,False
5659,The Villages of Briar Forest,0727,1x1,817,1325,05/03/2024,False
5660,The Villages of Briar Forest,0727,1x1,817,1325,05/04/2024,False
5661,The Villages of Briar Forest,0727,1x1,817,1320,05/05/2024,False
5662,The Villages of Briar Forest,0727,1x1,817,1305,05/06/2024,False
5663,The Villages of Briar Forest,0727,1x1,817,1305,05/07/2024,False
5664,The Villages of Briar Forest,0727,1x1,817,1305,05/08/2024,False
5665,The Villages of Briar Forest,0727,1x1,817,1305,05/09/2024,False
5666,The Villages of Briar Forest,0727,1x1,817,1288,05/10/2024,False
5667,The Villages of Briar Forest,0727,1x1,817,1303,05/11/2024,False
5668,The Villages of Briar Forest,0727,1x1,817,1303,05/12/2024,False
5669,The Villages of Briar Forest,0727,1x1,817,1288,05/13/2024,False
5670,The Villages of Briar Forest,0727,1x1,817,1288,05/14/2024,False
5671,The Villages of Briar Forest,0727,1x1,817,1288,05/15/2024,False
5672,The Villages of Briar Forest,0727,1x1,817,1283,05/16/2024,False
5673,The Villages of Briar Forest,0727,1x1,817,1293,05/17/2024,False
5674,The Villages of Briar Forest,0727,1x1,817,1278,05/18/2024,False
5675,The Villages of Briar Forest,0727,1x1,817,1278,05/19/2024,False
5676,The Villages of Briar Forest,0727,1x1,817,1278,05/20/2024,False
5677,The Villages of Briar Forest,0727,1x1,817,1278,05/21/2024,False
5678,The Villages of Briar Forest,0727,1x1,817,1278,05/22/2024,False
5679,The Villages of Briar Forest,0727,1x1,817,1278,05/23/2024,False
5680,The Villages of Briar Forest,0727,1x1,817,1310,05/24/2024,False
5681,The Villages of Briar Forest,0727,1x1,817,1310,05/25/2024,True
5682,The Villages of Briar Forest,0728,2x2,1138,1498,07/22/2023,False
5683,The Villages of Briar Forest,0728,2x2,1138,1498,07/23/2023,False
5684,The Villages of Briar Forest,0728,2x2,1138,1498,07/24/2023,False
5685,The Villages of Briar Forest,0728,2x2,1138,1498,07/25/2023,False
5686,The Villages of Briar Forest,0728,2x2,1138,1438,07/26/2023,False
5687,The Villages of Briar Forest,0728,2x2,1138,1438,07/27/2023,False
5688,The Villages of Briar Forest,0728,2x2,1138,1438,07/28/2023,False
5689,The Villages of Briar Forest,0728,2x2,1138,1498,07/29/2023,False
5690,The Villages of Briar Forest,0728,2x2,1138,1498,07/30/2023,False
5691,The Villages of Briar Forest,0728,2x2,1138,1498,07/31/2023,False
5692,The Villages of Briar Forest,0728,2x2,1138,1498,08/01/2023,False
5693,The Villages of Briar Forest,0728,2x2,1138,1488,08/02/2023,False
5694,The Villages of Briar Forest,0728,2x2,1138,1564,08/03/2023,False
5695,The Villages of Briar Forest,0728,2x2,1138,1554,08/04/2023,False
5696,The Villages of Briar Forest,0728,2x2,1138,1548,08/05/2023,False
5697,The Villages of Briar Forest,0728,2x2,1138,1554,08/06/2023,False
5698,The Villages of Briar Forest,0728,2x2,1138,1554,08/07/2023,False
5699,The Villages of Briar Forest,0728,2x2,1138,1544,08/08/2023,False
5700,The Villages of Briar Forest,0728,2x2,1138,1560,08/09/2023,False
5701,The Villages of Briar Forest,0728,2x2,1138,1508,08/10/2023,False
5702,The Villages of Briar Forest,0728,2x2,1138,1514,08/11/2023,False
5703,The Villages of Briar Forest,0728,2x2,1138,1526,08/12/2023,False
5704,The Villages of Briar Forest,0728,2x2,1138,1526,08/13/2023,False
5705,The Villages of Briar Forest,0728,2x2,1138,1520,08/14/2023,False
5706,The Villages of Briar Forest,0728,2x2,1138,1516,08/15/2023,False
5707,The Villages of Briar Forest,0728,2x2,1138,1568,08/16/2023,False
5708,The Villages of Briar Forest,0728,2x2,1138,1568,08/17/2023,False
5709,The Villages of Briar Forest,0728,2x2,1138,1567,08/18/2023,False
5710,The Villages of Briar Forest,0728,2x2,1138,1572,08/19/2023,False
5711,The Villages of Briar Forest,0728,2x2,1138,1572,08/20/2023,False
5712,The Villages of Briar Forest,0728,2x2,1138,1572,08/21/2023,False
5713,The Villages of Briar Forest,0728,2x2,1138,1572,08/22/2023,False
5714,The Villages of Briar Forest,0728,2x2,1138,1572,08/23/2023,False
5715,The Villages of Briar Forest,0728,2x2,1138,1651,08/24/2023,False
5716,The Villages of Briar Forest,0728,2x2,1138,1651,08/25/2023,False
5717,The Villages of Briar Forest,0728,2x2,1138,1656,08/26/2023,False
5718,The Villages of Briar Forest,0728,2x2,1138,1656,08/27/2023,True
5719,The Villages of Briar Forest,0728,2x2,1138,1426,07/26/2024,False
5720,The Villages of Briar Forest,0728,2x2,1138,1426,07/27/2024,False
5721,The Villages of Briar Forest,0728,2x2,1138,1426,07/28/2024,False
5722,The Villages of Briar Forest,0728,2x2,1138,1426,07/29/2024,False
5723,The Villages of Briar Forest,0728,2x2,1138,1426,07/30/2024,False
5724,The Villages of Briar Forest,0728,2x2,1138,1426,07/31/2024,False
5725,The Villages of Briar Forest,0728,2x2,1138,1426,08/01/2024,False
5726,The Villages of Briar Forest,0728,2x2,1138,1426,08/02/2024,False
5727,The Villages of Briar Forest,0728,2x2,1138,1426,08/03/2024,False
5728,The Villages of Briar Forest,0728,2x2,1138,1426,08/04/2024,False
5729,The Villages of Briar Forest,0728,2x2,1138,1426,08/05/2024,False
5730,The Villages of Briar Forest,0728,2x2,1138,1426,08/06/2024,False
5731,The Villages of Briar Forest,0728,2x2,1138,1426,08/07/2024,False
5732,The Villages of Briar Forest,0728,2x2,1138,1426,08/08/2024,False
5733,The Villages of Briar Forest,0728,2x2,1138,1426,08/09/2024,False
5734,The Villages of Briar Forest,0728,2x2,1138,1491,08/10/2024,False
5735,The Villages of Briar Forest,0728,2x2,1138,1491,08/11/2024,False
5736,The Villages of Briar Forest,0728,2x2,1138,1491,08/12/2024,False
5737,The Villages of Briar Forest,0728,2x2,1138,1491,08/13/2024,False
5738,The Villages of Briar Forest,0728,2x2,1138,1491,08/14/2024,False
5739,The Villages of Briar Forest,0728,2x2,1138,1491,08/15/2024,False
5740,The Villages of Briar Forest,0728,2x2,1138,1491,08/16/2024,False
5741,The Villages of Briar Forest,0728,2x2,1138,1491,08/17/2024,False
5742,The Villages of Briar Forest,0728,2x2,1138,1491,08/18/2024,False
5743,The Villages of Briar Forest,0728,2x2,1138,1491,08/19/2024,False
5744,The Villages of Briar Forest,0728,2x2,1138,1491,08/20/2024,False
5745,The Villages of Briar Forest,0728,2x2,1138,1491,08/21/2024,False
5746,The Villages of Briar Forest,0728,2x2,1138,1491,08/22/2024,False
5747,The Villages of Briar Forest,0728,2x2,1138,1491,08/23/2024,False
5748,The Villages of Briar Forest,0728,2x2,1138,1441,08/24/2024,False
5749,The Villages of Briar Forest,0728,2x2,1138,1441,08/25/2024,False
5750,The Villages of Briar Forest,0728,2x2,1138,1441,08/26/2024,False
5751,The Villages of Briar Forest,0728,2x2,1138,1491,08/27/2024,False
5752,The Villages of Briar Forest,0728,2x2,1138,1456,08/28/2024,True
5753,The Villages of Briar Forest,0811,2x1,924,1487,01/08/2025,False
5754,The Villages of Briar Forest,0811,2x1,924,1482,01/09/2025,False
5755,The Villages of Briar Forest,0811,2x1,924,1487,01/10/2025,False
5756,The Villages of Briar Forest,0811,2x1,924,1477,01/11/2025,False
5757,The Villages of Briar Forest,0811,2x1,924,1472,01/12/2025,False
5758,The Villages of Briar Forest,0811,2x1,924,1457,01/13/2025,False
5759,The Villages of Briar Forest,0811,2x1,924,1457,01/14/2025,False
5760,The Villages of Briar Forest,0811,2x1,924,1452,01/15/2025,False
5761,The Villages of Briar Forest,0811,2x1,924,1452,01/16/2025,False
5762,The Villages of Briar Forest,0811,2x1,924,1457,01/17/2025,False
5763,The Villages of Briar Forest,0811,2x1,924,1452,01/18/2025,False
5764,The Villages of Briar Forest,0811,2x1,924,1452,01/19/2025,False
5765,The Villages of Briar Forest,0811,2x1,924,1452,01/20/2025,False
5766,The Villages of Briar Forest,0811,2x1,924,1390,01/21/2025,False
5767,The Villages of Briar Forest,0811,2x1,924,1390,01/22/2025,False
5768,The Villages of Briar Forest,0811,2x1,924,1390,01/23/2025,False
5769,The Villages of Briar Forest,0811,2x1,924,1350,01/24/2025,False
5770,The Villages of Briar Forest,0811,2x1,924,1350,01/25/2025,False
5771,The Villages of Briar Forest,0811,2x1,924,1350,01/26/2025,False
5772,The Villages of Briar Forest,0811,2x1,924,1350,01/27/2025,False
5773,The Villages of Briar Forest,0811,2x1,924,1350,01/28/2025,True
5774,The Villages of Briar Forest,0815,2x1,924,1327,01/14/2025,False
5775,The Villages of Briar Forest,0815,2x1,924,1327,01/15/2025,False
5776,The Villages of Briar Forest,0815,2x1,924,1252,01/16/2025,False
5777,The Villages of Briar Forest,0815,2x1,924,1252,01/17/2025,False
5778,The Villages of Briar Forest,0815,2x1,924,1252,01/18/2025,False
5779,The Villages of Briar Forest,0815,2x1,924,1252,01/19/2025,False
5780,The Villages of Briar Forest,0815,2x1,924,1252,01/20/2025,False
5781,The Villages of Briar Forest,0815,2x1,924,1252,01/21/2025,False
5782,The Villages of Briar Forest,0815,2x1,924,1252,01/22/2025,False
5783,The Villages of Briar Forest,0815,2x1,924,1252,01/23/2025,False
5784,The Villages of Briar Forest,0815,2x1,924,1212,01/24/2025,False
5785,The Villages of Briar Forest,0815,2x1,924,1212,01/25/2025,False
5786,The Villages of Briar Forest,0815,2x1,924,1212,01/26/2025,False
5787,The Villages of Briar Forest,0815,2x1,924,1212,01/27/2025,False
5788,The Villages of Briar Forest,0815,2x1,924,1212,01/28/2025,False
5789,The Villages of Briar Forest,0815,2x1,924,1212,01/29/2025,False
5790,The Villages of Briar Forest,0815,2x1,924,1212,01/30/2025,False
5791,The Villages of Briar Forest,0815,2x1,924,1222,01/31/2025,False
5792,The Villages of Briar Forest,0815,2x1,924,1234,02/01/2025,False
5793,The Villages of Briar Forest,0815,2x1,924,1234,02/02/2025,False
5794,The Villages of Briar Forest,0815,2x1,924,1234,02/03/2025,False
5795,The Villages of Briar Forest,0815,2x1,924,1234,02/04/2025,False
5796,The Villages of Briar Forest,0815,2x1,924,1234,02/05/2025,False
5797,The Villages of Briar Forest,0815,2x1,924,1234,02/06/2025,False
5798,The Villages of Briar Forest,0815,2x1,924,1229,02/07/2025,False
5799,The Villages of Briar Forest,0815,2x1,924,1229,02/08/2025,False
5800,The Villages of Briar Forest,0815,2x1,924,1229,02/09/2025,False
5801,The Villages of Briar Forest,0815,2x1,924,1229,02/10/2025,True
5802,The Villages of Briar Forest,0817,1x1,690,1064,07/23/2023,False
5803,The Villages of Briar Forest,0817,1x1,690,1064,07/24/2023,False
5804,The Villages of Briar Forest,0817,1x1,690,1064,07/25/2023,False
5805,The Villages of Briar Forest,0817,1x1,690,1064,07/26/2023,False
5806,The Villages of Briar Forest,0817,1x1,690,1064,07/27/2023,False
5807,The Villages of Briar Forest,0817,1x1,690,1064,07/28/2023,False
5808,The Villages of Briar Forest,0817,1x1,690,1064,07/29/2023,False
5809,The Villages of Briar Forest,0817,1x1,690,1064,07/30/2023,False
5810,The Villages of Briar Forest,0817,1x1,690,1064,07/31/2023,False
5811,The Villages of Briar Forest,0817,1x1,690,1064,08/01/2023,False
5812,The Villages of Briar Forest,0817,1x1,690,1064,08/02/2023,False
5813,The Villages of Briar Forest,0817,1x1,690,1064,08/03/2023,False
5814,The Villages of Briar Forest,0817,1x1,690,1064,08/04/2023,False
5815,The Villages of Briar Forest,0817,1x1,690,1064,08/05/2023,False
5816,The Villages of Briar Forest,0817,1x1,690,1064,08/06/2023,False
5817,The Villages of Briar Forest,0817,1x1,690,1064,08/07/2023,False
5818,The Villages of Briar Forest,0817,1x1,690,1064,08/08/2023,False
5819,The Villages of Briar Forest,0817,1x1,690,1064,08/09/2023,False
5820,The Villages of Briar Forest,0817,1x1,690,1064,08/10/2023,False
5821,The Villages of Briar Forest,0817,1x1,690,1064,08/11/2023,False
5822,The Villages of Briar Forest,0817,1x1,690,1064,08/12/2023,False
5823,The Villages of Briar Forest,0817,1x1,690,1064,08/13/2023,False
5824,The Villages of Briar Forest,0817,1x1,690,1064,08/14/2023,False
5825,The Villages of Briar Forest,0817,1x1,690,1064,08/15/2023,False
5826,The Villages of Briar Forest,0817,1x1,690,1049,08/16/2023,False
5827,The Villages of Briar Forest,0817,1x1,690,1052,08/17/2023,False
5828,The Villages of Briar Forest,0817,1x1,690,1098,08/18/2023,False
5829,The Villages of Briar Forest,0817,1x1,690,1102,08/19/2023,False
5830,The Villages of Briar Forest,0817,1x1,690,1105,08/20/2023,False
5831,The Villages of Briar Forest,0817,1x1,690,1108,08/21/2023,False
5832,The Villages of Briar Forest,0817,1x1,690,1111,08/22/2023,False
5833,The Villages of Briar Forest,0817,1x1,690,1114,08/23/2023,False
5834,The Villages of Briar Forest,0817,1x1,690,1117,08/24/2023,False
5835,The Villages of Briar Forest,0817,1x1,690,1139,08/25/2023,False
5836,The Villages of Briar Forest,0817,1x1,690,1099,08/26/2023,False
5837,The Villages of Briar Forest,0817,1x1,690,1099,08/27/2023,False
5838,The Villages of Briar Forest,0817,1x1,690,1099,08/28/2023,False
5839,The Villages of Briar Forest,0817,1x1,690,1099,08/29/2023,False
5840,The Villages of Briar Forest,0817,1x1,690,1099,08/30/2023,False
5841,The Villages of Briar Forest,0817,1x1,690,1099,08/31/2023,False
5842,The Villages of Briar Forest,0817,1x1,690,1089,09/01/2023,False
5843,The Villages of Briar Forest,0817,1x1,690,1124,09/02/2023,False
5844,The Villages of Briar Forest,0817,1x1,690,1129,09/03/2023,False
5845,The Villages of Briar Forest,0817,1x1,690,1129,09/04/2023,False
5846,The Villages of Briar Forest,0817,1x1,690,1129,09/05/2023,False
5847,The Villages of Briar Forest,0817,1x1,690,1129,09/06/2023,False
5848,The Villages of Briar Forest,0817,1x1,690,1129,09/07/2023,False
5849,The Villages of Briar Forest,0817,1x1,690,1129,09/08/2023,False
5850,The Villages of Briar Forest,0817,1x1,690,1114,09/09/2023,False
5851,The Villages of Briar Forest,0817,1x1,690,1084,09/10/2023,False
5852,The Villages of Briar Forest,0817,1x1,690,1084,09/11/2023,False
5853,The Villages of Briar Forest,0817,1x1,690,1084,09/12/2023,False
5854,The Villages of Briar Forest,0817,1x1,690,1084,09/13/2023,False
5855,The Villages of Briar Forest,0817,1x1,690,1084,09/14/2023,False
5856,The Villages of Briar Forest,0817,1x1,690,1084,09/15/2023,False
5857,The Villages of Briar Forest,0817,1x1,690,1084,09/16/2023,False
5858,The Villages of Briar Forest,0817,1x1,690,1084,09/17/2023,False
5859,The Villages of Briar Forest,0817,1x1,690,1084,09/18/2023,False
5860,The Villages of Briar Forest,0817,1x1,690,1084,09/19/2023,False
5861,The Villages of Briar Forest,0817,1x1,690,1084,09/20/2023,False
5862,The Villages of Briar Forest,0817,1x1,690,1084,09/21/2023,False
5863,The Villages of Briar Forest,0817,1x1,690,1084,09/22/2023,False
5864,The Villages of Briar Forest,0817,1x1,690,1084,09/23/2023,False
5865,The Villages of Briar Forest,0817,1x1,690,1104,09/24/2023,False
5866,The Villages of Briar Forest,0817,1x1,690,1104,09/25/2023,False
5867,The Villages of Briar Forest,0817,1x1,690,1104,09/26/2023,False
5868,The Villages of Briar Forest,0817,1x1,690,1104,09/27/2023,False
5869,The Villages of Briar Forest,0817,1x1,690,1104,09/28/2023,False
5870,The Villages of Briar Forest,0817,1x1,690,1104,09/29/2023,False
5871,The Villages of Briar Forest,0817,1x1,690,1054,09/30/2023,False
5872,The Villages of Briar Forest,0817,1x1,690,1044,10/01/2023,False
5873,The Villages of Briar Forest,0817,1x1,690,1038,10/02/2023,False
5874,The Villages of Briar Forest,0817,1x1,690,1038,10/03/2023,False
5875,The Villages of Briar Forest,0817,1x1,690,1038,10/04/2023,False
5876,The Villages of Briar Forest,0817,1x1,690,976,10/05/2023,True
5877,The Villages of Briar Forest,0817,1x1,690,1087,01/30/2025,False
5878,The Villages of Briar Forest,0817,1x1,690,1087,01/31/2025,False
5879,The Villages of Briar Forest,0817,1x1,690,1087,02/01/2025,False
5880,The Villages of Briar Forest,0817,1x1,690,1087,02/02/2025,False
5881,The Villages of Briar Forest,0817,1x1,690,1087,02/03/2025,False
5882,The Villages of Briar Forest,0817,1x1,690,1087,02/04/2025,False
5883,The Villages of Briar Forest,0817,1x1,690,1087,02/05/2025,False
5884,The Villages of Briar Forest,0817,1x1,690,1087,02/06/2025,False
5885,The Villages of Briar Forest,0817,1x1,690,1052,02/07/2025,False
5886,The Villages of Briar Forest,0817,1x1,690,1052,02/08/2025,False
5887,The Villages of Briar Forest,0817,1x1,690,1052,02/09/2025,False
5888,The Villages of Briar Forest,0817,1x1,690,1052,02/10/2025,False
5889,The Villages of Briar Forest,0817,1x1,690,1052,02/11/2025,False
5890,The Villages of Briar Forest,0817,1x1,690,1052,02/12/2025,False
5891,The Villages of Briar Forest,0817,1x1,690,1052,02/13/2025,False
5892,The Villages of Briar Forest,0817,1x1,690,1067,02/14/2025,False
5893,The Villages of Briar Forest,0817,1x1,690,1067,02/15/2025,False
5894,The Villages of Briar Forest,0817,1x1,690,1067,02/16/2025,False
5895,The Villages of Briar Forest,0817,1x1,690,1067,02/17/2025,False
5896,The Villages of Briar Forest,0817,1x1,690,1067,02/18/2025,False
5897,The Villages of Briar Forest,0817,1x1,690,1067,02/19/2025,False
5898,The Villages of Briar Forest,0817,1x1,690,1067,02/20/2025,False
5899,The Villages of Briar Forest,0817,1x1,690,1067,02/21/2025,False
5900,The Villages of Briar Forest,0817,1x1,690,1067,02/22/2025,False
5901,The Villages of Briar Forest,0817,1x1,690,1067,02/23/2025,False
5902,The Villages of Briar Forest,0817,1x1,690,1067,02/24/2025,False
5903,The Villages of Briar Forest,0817,1x1,690,1067,02/25/2025,False
5904,The Villages of Briar Forest,0817,1x1,690,1067,02/26/2025,False
5905,The Villages of Briar Forest,0817,1x1,690,1067,02/27/2025,False
5906,The Villages of Briar Forest,0817,1x1,690,1042,02/28/2025,False
5907,The Villages of Briar Forest,0817,1x1,690,1042,03/01/2025,False
5908,The Villages of Briar Forest,0817,1x1,690,1042,03/02/2025,False
5909,The Villages of Briar Forest,0817,1x1,690,1042,03/03/2025,False
5910,The Villages of Briar Forest,0817,1x1,690,1042,03/04/2025,False
5911,The Villages of Briar Forest,0817,1x1,690,1042,03/05/2025,False
5912,The Villages of Briar Forest,0817,1x1,690,1042,03/06/2025,False
5913,The Villages of Briar Forest,0817,1x1,690,1057,03/07/2025,False
5914,The Villages of Briar Forest,0817,1x1,690,1057,03/08/2025,False
5915,The Villages of Briar Forest,0817,1x1,690,1057,03/09/2025,False
5916,The Villages of Briar Forest,0817,1x1,690,1057,03/10/2025,False
5917,The Villages of Briar Forest,0817,1x1,690,1057,03/11/2025,False
5918,The Villages of Briar Forest,0817,1x1,690,1057,03/12/2025,False
5919,The Villages of Briar Forest,0817,1x1,690,1057,03/13/2025,False
5920,The Villages of Briar Forest,0817,1x1,690,1057,03/14/2025,False
5921,The Villages of Briar Forest,0817,1x1,690,1057,03/15/2025,False
5922,The Villages of Briar Forest,0817,1x1,690,1057,03/16/2025,False
5923,The Villages of Briar Forest,0817,1x1,690,1057,03/17/2025,False
5924,The Villages of Briar Forest,0817,1x1,690,1057,03/18/2025,False
5925,The Villages of Briar Forest,0817,1x1,690,1057,03/19/2025,False
5926,The Villages of Briar Forest,0817,1x1,690,1057,03/20/2025,False
5927,The Villages of Briar Forest,0817,1x1,690,1057,03/21/2025,False
5928,The Villages of Briar Forest,0817,1x1,690,1057,03/22/2025,False
5929,The Villages of Briar Forest,0817,1x1,690,1057,03/23/2025,False
5930,The Villages of Briar Forest,0817,1x1,690,1057,03/24/2025,False
5931,The Villages of Briar Forest,0817,1x1,690,1275,03/25/2025,False
5932,The Villages of Briar Forest,0817,1x1,690,1275,03/26/2025,True
5933,The Villages of Briar Forest,0818,1x1,924,1187,12/23/2024,False
5934,The Villages of Briar Forest,0818,1x1,924,1187,12/24/2024,False
5935,The Villages of Briar Forest,0818,1x1,924,1254,12/25/2024,False
5936,The Villages of Briar Forest,0818,1x1,924,1254,12/26/2024,False
5937,The Villages of Briar Forest,0818,1x1,924,1274,12/27/2024,False
5938,The Villages of Briar Forest,0818,1x1,924,1274,12/28/2024,False
5939,The Villages of Briar Forest,0818,1x1,924,1274,12/29/2024,False
5940,The Villages of Briar Forest,0818,1x1,924,1274,12/30/2024,False
5941,The Villages of Briar Forest,0818,1x1,924,1270,12/31/2024,False
5942,The Villages of Briar Forest,0818,1x1,924,1332,01/01/2025,False
5943,The Villages of Briar Forest,0818,1x1,924,1270,01/02/2025,False
5944,The Villages of Briar Forest,0818,1x1,924,1264,01/03/2025,False
5945,The Villages of Briar Forest,0818,1x1,924,1264,01/04/2025,False
5946,The Villages of Briar Forest,0818,1x1,924,1264,01/05/2025,False
5947,The Villages of Briar Forest,0818,1x1,924,1264,01/06/2025,False
5948,The Villages of Briar Forest,0818,1x1,924,1300,01/07/2025,False
5949,The Villages of Briar Forest,0818,1x1,924,1310,01/08/2025,False
5950,The Villages of Briar Forest,0818,1x1,924,1310,01/09/2025,False
5951,The Villages of Briar Forest,0818,1x1,924,1314,01/10/2025,False
5952,The Villages of Briar Forest,0818,1x1,924,1310,01/11/2025,False
5953,The Villages of Briar Forest,0818,1x1,924,1304,01/12/2025,False
5954,The Villages of Briar Forest,0818,1x1,924,1304,01/13/2025,False
5955,The Villages of Briar Forest,0818,1x1,924,1300,01/14/2025,False
5956,The Villages of Briar Forest,0818,1x1,924,1300,01/15/2025,False
5957,The Villages of Briar Forest,0818,1x1,924,1300,01/16/2025,False
5958,The Villages of Briar Forest,0818,1x1,924,1304,01/17/2025,False
5959,The Villages of Briar Forest,0818,1x1,924,1304,01/18/2025,False
5960,The Villages of Briar Forest,0818,1x1,924,1304,01/19/2025,False
5961,The Villages of Briar Forest,0818,1x1,924,1310,01/20/2025,False
5962,The Villages of Briar Forest,0818,1x1,924,1304,01/21/2025,False
5963,The Villages of Briar Forest,0818,1x1,924,1304,01/22/2025,False
5964,The Villages of Briar Forest,0818,1x1,924,1304,01/23/2025,False
5965,The Villages of Briar Forest,0818,1x1,924,1250,01/24/2025,False
5966,The Villages of Briar Forest,0818,1x1,924,1250,01/25/2025,False
5967,The Villages of Briar Forest,0818,1x1,924,1250,01/26/2025,False
5968,The Villages of Briar Forest,0818,1x1,924,1244,01/27/2025,False
5969,The Villages of Briar Forest,0818,1x1,924,1250,01/28/2025,False
5970,The Villages of Briar Forest,0818,1x1,924,1250,01/29/2025,False
5971,The Villages of Briar Forest,0818,1x1,924,1254,01/30/2025,False
5972,The Villages of Briar Forest,0818,1x1,924,1270,01/31/2025,False
5973,The Villages of Briar Forest,0818,1x1,924,1270,02/01/2025,False
5974,The Villages of Briar Forest,0818,1x1,924,1270,02/02/2025,False
5975,The Villages of Briar Forest,0818,1x1,924,1264,02/03/2025,False
5976,The Villages of Briar Forest,0818,1x1,924,1264,02/04/2025,False
5977,The Villages of Briar Forest,0818,1x1,924,1260,02/05/2025,False
5978,The Villages of Briar Forest,0818,1x1,924,1260,02/06/2025,False
5979,The Villages of Briar Forest,0818,1x1,924,1250,02/07/2025,False
5980,The Villages of Briar Forest,0818,1x1,924,1244,02/08/2025,False
5981,The Villages of Briar Forest,0818,1x1,924,1244,02/09/2025,False
5982,The Villages of Briar Forest,0818,1x1,924,1234,02/10/2025,False
5983,The Villages of Briar Forest,0818,1x1,924,1234,02/11/2025,False
5984,The Villages of Briar Forest,0818,1x1,924,1234,02/12/2025,False
5985,The Villages of Briar Forest,0818,1x1,924,1234,02/13/2025,False
5986,The Villages of Briar Forest,0818,1x1,924,1280,02/14/2025,False
5987,The Villages of Briar Forest,0818,1x1,924,1280,02/15/2025,False
5988,The Villages of Briar Forest,0818,1x1,924,1280,02/16/2025,False
5989,The Villages of Briar Forest,0818,1x1,924,1280,02/17/2025,False
5990,The Villages of Briar Forest,0818,1x1,924,1280,02/18/2025,False
5991,The Villages of Briar Forest,0818,1x1,924,1280,02/19/2025,False
5992,The Villages of Briar Forest,0818,1x1,924,1342,02/20/2025,False
5993,The Villages of Briar Forest,0818,1x1,924,1280,02/21/2025,False
5994,The Villages of Briar Forest,0818,1x1,924,1280,02/22/2025,False
5995,The Villages of Briar Forest,0818,1x1,924,1280,02/23/2025,False
5996,The Villages of Briar Forest,0818,1x1,924,1280,02/24/2025,False
5997,The Villages of Briar Forest,0818,1x1,924,1280,02/25/2025,False
5998,The Villages of Briar Forest,0818,1x1,924,1280,02/26/2025,False
5999,The Villages of Briar Forest,0818,1x1,924,1280,02/27/2025,False
6000,The Villages of Briar Forest,0818,1x1,924,1280,02/28/2025,False
6001,The Villages of Briar Forest,0818,1x1,924,1280,03/01/2025,False
6002,The Villages of Briar Forest,0818,1x1,924,1280,03/02/2025,False
6003,The Villages of Briar Forest,0818,1x1,924,1280,03/03/2025,False
6004,The Villages of Briar Forest,0818,1x1,924,1280,03/04/2025,False
6005,The Villages of Briar Forest,0818,1x1,924,1280,03/05/2025,False
6006,The Villages of Briar Forest,0818,1x1,924,1342,03/06/2025,False
6007,The Villages of Briar Forest,0818,1x1,924,1342,03/07/2025,False
6008,The Villages of Briar Forest,0818,1x1,924,1342,03/08/2025,False
6009,The Villages of Briar Forest,0818,1x1,924,1342,03/09/2025,False
6010,The Villages of Briar Forest,0818,1x1,924,1342,03/10/2025,False
6011,The Villages of Briar Forest,0818,1x1,924,1342,03/11/2025,False
6012,The Villages of Briar Forest,0818,1x1,924,1342,03/12/2025,False
6013,The Villages of Briar Forest,0818,1x1,924,1342,03/13/2025,False
6014,The Villages of Briar Forest,0818,1x1,924,1342,03/14/2025,False
6015,The Villages of Briar Forest,0818,1x1,924,1342,03/15/2025,False
6016,The Villages of Briar Forest,0818,1x1,924,1342,03/16/2025,False
6017,The Villages of Briar Forest,0818,1x1,924,1342,03/17/2025,False
6018,The Villages of Briar Forest,0818,1x1,924,1342,03/18/2025,False
6019,The Villages of Briar Forest,0818,1x1,924,1337,03/19/2025,False
6020,The Villages of Briar Forest,0818,1x1,924,1337,03/20/2025,True
6021,The Villages of Briar Forest,0823,1x1,690,1107,04/05/2024,False
6022,The Villages of Briar Forest,0823,1x1,690,1132,04/06/2024,False
6023,The Villages of Briar Forest,0823,1x1,690,1132,04/07/2024,False
6024,The Villages of Briar Forest,0823,1x1,690,1132,04/08/2024,False
6025,The Villages of Briar Forest,0823,1x1,690,1132,04/09/2024,False
6026,The Villages of Briar Forest,0823,1x1,690,1132,04/10/2024,False
6027,The Villages of Briar Forest,0823,1x1,690,1132,04/11/2024,False
6028,The Villages of Briar Forest,0823,1x1,690,1132,04/12/2024,False
6029,The Villages of Briar Forest,0823,1x1,690,1132,04/13/2024,False
6030,The Villages of Briar Forest,0823,1x1,690,1132,04/14/2024,False
6031,The Villages of Briar Forest,0823,1x1,690,1132,04/15/2024,False
6032,The Villages of Briar Forest,0823,1x1,690,1132,04/16/2024,False
6033,The Villages of Briar Forest,0823,1x1,690,1132,04/17/2024,False
6034,The Villages of Briar Forest,0823,1x1,690,1132,04/18/2024,False
6035,The Villages of Briar Forest,0823,1x1,690,1127,04/19/2024,False
6036,The Villages of Briar Forest,0823,1x1,690,1127,04/20/2024,False
6037,The Villages of Briar Forest,0823,1x1,690,1127,04/21/2024,False
6038,The Villages of Briar Forest,0823,1x1,690,1127,04/22/2024,False
6039,The Villages of Briar Forest,0823,1x1,690,1127,04/23/2024,False
6040,The Villages of Briar Forest,0823,1x1,690,1127,04/24/2024,False
6041,The Villages of Briar Forest,0823,1x1,690,1127,04/25/2024,False
6042,The Villages of Briar Forest,0823,1x1,690,1102,04/26/2024,False
6043,The Villages of Briar Forest,0823,1x1,690,1102,04/27/2024,False
6044,The Villages of Briar Forest,0823,1x1,690,1097,04/28/2024,False
6045,The Villages of Briar Forest,0823,1x1,690,1097,04/29/2024,False
6046,The Villages of Briar Forest,0823,1x1,690,1097,04/30/2024,False
6047,The Villages of Briar Forest,0823,1x1,690,1097,05/01/2024,False
6048,The Villages of Briar Forest,0823,1x1,690,1097,05/02/2024,False
6049,The Villages of Briar Forest,0823,1x1,690,1097,05/03/2024,False
6050,The Villages of Briar Forest,0823,1x1,690,1097,05/04/2024,False
6051,The Villages of Briar Forest,0823,1x1,690,1097,05/05/2024,False
6052,The Villages of Briar Forest,0823,1x1,690,1092,05/06/2024,False
6053,The Villages of Briar Forest,0823,1x1,690,1092,05/07/2024,False
6054,The Villages of Briar Forest,0823,1x1,690,1092,05/08/2024,False
6055,The Villages of Briar Forest,0823,1x1,690,1092,05/09/2024,False
6056,The Villages of Briar Forest,0823,1x1,690,1072,05/10/2024,False
6057,The Villages of Briar Forest,0823,1x1,690,1072,05/11/2024,False
6058,The Villages of Briar Forest,0823,1x1,690,1072,05/12/2024,False
6059,The Villages of Briar Forest,0823,1x1,690,1072,05/13/2024,False
6060,The Villages of Briar Forest,0823,1x1,690,1072,05/14/2024,False
6061,The Villages of Briar Forest,0823,1x1,690,1072,05/15/2024,False
6062,The Villages of Briar Forest,0823,1x1,690,1072,05/16/2024,False
6063,The Villages of Briar Forest,0823,1x1,690,1072,05/17/2024,False
6064,The Villages of Briar Forest,0823,1x1,690,1072,05/18/2024,False
6065,The Villages of Briar Forest,0823,1x1,690,1072,05/19/2024,False
6066,The Villages of Briar Forest,0823,1x1,690,1072,05/20/2024,False
6067,The Villages of Briar Forest,0823,1x1,690,1072,05/21/2024,False
6068,The Villages of Briar Forest,0823,1x1,690,1145,05/22/2024,False
6069,The Villages of Briar Forest,0823,1x1,690,1145,05/23/2024,False
6070,The Villages of Briar Forest,0823,1x1,690,1177,05/24/2024,False
6071,The Villages of Briar Forest,0823,1x1,690,1177,05/25/2024,False
6072,The Villages of Briar Forest,0823,1x1,690,1187,05/26/2024,False
6073,The Villages of Briar Forest,0823,1x1,690,1112,05/27/2024,False
6074,The Villages of Briar Forest,0823,1x1,690,1112,05/28/2024,False
6075,The Villages of Briar Forest,0823,1x1,690,1202,05/29/2024,False
6076,The Villages of Briar Forest,0823,1x1,690,1137,05/30/2024,False
6077,The Villages of Briar Forest,0823,1x1,690,1202,05/31/2024,False
6078,The Villages of Briar Forest,0823,1x1,690,1202,06/01/2024,False
6079,The Villages of Briar Forest,0823,1x1,690,1202,06/02/2024,False
6080,The Villages of Briar Forest,0823,1x1,690,1202,06/03/2024,False
6081,The Villages of Briar Forest,0823,1x1,690,1202,06/04/2024,False
6082,The Villages of Briar Forest,0823,1x1,690,1202,06/05/2024,False
6083,The Villages of Briar Forest,0823,1x1,690,1202,06/06/2024,False
6084,The Villages of Briar Forest,0823,1x1,690,1227,06/07/2024,False
6085,The Villages of Briar Forest,0823,1x1,690,1227,06/08/2024,False
6086,The Villages of Briar Forest,0823,1x1,690,1227,06/09/2024,False
6087,The Villages of Briar Forest,0823,1x1,690,1227,06/10/2024,False
6088,The Villages of Briar Forest,0823,1x1,690,1227,06/11/2024,False
6089,The Villages of Briar Forest,0823,1x1,690,1227,06/12/2024,False
6090,The Villages of Briar Forest,0823,1x1,690,1227,06/13/2024,False
6091,The Villages of Briar Forest,0823,1x1,690,1227,06/14/2024,False
6092,The Villages of Briar Forest,0823,1x1,690,1227,06/15/2024,False
6093,The Villages of Briar Forest,0823,1x1,690,1227,06/16/2024,False
6094,The Villages of Briar Forest,0823,1x1,690,1227,06/17/2024,False
6095,The Villages of Briar Forest,0823,1x1,690,1227,06/18/2024,False
6096,The Villages of Briar Forest,0823,1x1,690,1227,06/19/2024,False
6097,The Villages of Briar Forest,0823,1x1,690,1227,06/20/2024,False
6098,The Villages of Briar Forest,0823,1x1,690,1212,06/21/2024,False
6099,The Villages of Briar Forest,0823,1x1,690,1212,06/22/2024,False
6100,The Villages of Briar Forest,0823,1x1,690,1212,06/23/2024,False
6101,The Villages of Briar Forest,0823,1x1,690,1197,06/24/2024,False
6102,The Villages of Briar Forest,0823,1x1,690,1197,06/25/2024,True
6103,The Villages of Briar Forest,0824,2x1,924,1412,06/17/2023,False
6104,The Villages of Briar Forest,0824,2x1,924,1412,06/18/2023,False
6105,The Villages of Briar Forest,0824,2x1,924,1412,06/19/2023,False
6106,The Villages of Briar Forest,0824,2x1,924,1412,06/20/2023,False
6107,The Villages of Briar Forest,0824,2x1,924,1412,06/21/2023,False
6108,The Villages of Briar Forest,0824,2x1,924,1417,06/22/2023,False
6109,The Villages of Briar Forest,0824,2x1,924,1427,06/23/2023,False
6110,The Villages of Briar Forest,0824,2x1,924,1422,06/24/2023,False
6111,The Villages of Briar Forest,0824,2x1,924,1412,06/25/2023,False
6112,The Villages of Briar Forest,0824,2x1,924,1412,06/26/2023,False
6113,The Villages of Briar Forest,0824,2x1,924,1602,06/27/2023,False
6114,The Villages of Briar Forest,0824,2x1,924,1539,06/28/2023,False
6115,The Villages of Briar Forest,0824,2x1,924,1539,06/29/2023,False
6116,The Villages of Briar Forest,0824,2x1,924,1539,06/30/2023,False
6117,The Villages of Briar Forest,0824,2x1,924,1544,07/01/2023,False
6118,The Villages of Briar Forest,0824,2x1,924,1539,07/02/2023,False
6119,The Villages of Briar Forest,0824,2x1,924,1539,07/03/2023,False
6120,The Villages of Briar Forest,0824,2x1,924,1544,07/04/2023,False
6121,The Villages of Briar Forest,0824,2x1,924,1539,07/05/2023,False
6122,The Villages of Briar Forest,0824,2x1,924,1539,07/06/2023,False
6123,The Villages of Briar Forest,0824,2x1,924,1539,07/07/2023,False
6124,The Villages of Briar Forest,0824,2x1,924,1519,07/08/2023,False
6125,The Villages of Briar Forest,0824,2x1,924,1519,07/09/2023,False
6126,The Villages of Briar Forest,0824,2x1,924,1519,07/10/2023,False
6127,The Villages of Briar Forest,0824,2x1,924,1429,07/11/2023,False
6128,The Villages of Briar Forest,0824,2x1,924,1429,07/12/2023,False
6129,The Villages of Briar Forest,0824,2x1,924,1429,07/13/2023,False
6130,The Villages of Briar Forest,0824,2x1,924,1429,07/14/2023,False
6131,The Villages of Briar Forest,0824,2x1,924,1439,07/15/2023,False
6132,The Villages of Briar Forest,0824,2x1,924,1439,07/16/2023,False
6133,The Villages of Briar Forest,0824,2x1,924,1433,07/17/2023,False
6134,The Villages of Briar Forest,0824,2x1,924,1408,07/18/2023,False
6135,The Villages of Briar Forest,0824,2x1,924,1408,07/19/2023,False
6136,The Villages of Briar Forest,0824,2x1,924,1352,07/20/2023,False
6137,The Villages of Briar Forest,0824,2x1,924,1352,07/21/2023,False
6138,The Villages of Briar Forest,0824,2x1,924,1392,07/22/2023,False
6139,The Villages of Briar Forest,0824,2x1,924,1386,07/23/2023,False
6140,The Villages of Briar Forest,0824,2x1,924,1386,07/24/2023,False
6141,The Villages of Briar Forest,0824,2x1,924,1386,07/25/2023,False
6142,The Villages of Briar Forest,0824,2x1,924,1410,07/26/2023,False
6143,The Villages of Briar Forest,0824,2x1,924,1410,07/27/2023,False
6144,The Villages of Briar Forest,0824,2x1,924,1410,07/28/2023,False
6145,The Villages of Briar Forest,0824,2x1,924,1410,07/29/2023,False
6146,The Villages of Briar Forest,0824,2x1,924,1406,07/30/2023,False
6147,The Villages of Briar Forest,0824,2x1,924,1496,07/31/2023,False
6148,The Villages of Briar Forest,0824,2x1,924,1430,08/01/2023,False
6149,The Villages of Briar Forest,0824,2x1,924,1510,08/02/2023,False
6150,The Villages of Briar Forest,0824,2x1,924,1584,08/03/2023,False
6151,The Villages of Briar Forest,0824,2x1,924,1620,08/04/2023,False
6152,The Villages of Briar Forest,0824,2x1,924,1634,08/05/2023,False
6153,The Villages of Briar Forest,0824,2x1,924,1634,08/06/2023,False
6154,The Villages of Briar Forest,0824,2x1,924,1634,08/07/2023,False
6155,The Villages of Briar Forest,0824,2x1,924,1634,08/08/2023,False
6156,The Villages of Briar Forest,0824,2x1,924,1510,08/09/2023,False
6157,The Villages of Briar Forest,0824,2x1,924,1510,08/10/2023,False
6158,The Villages of Briar Forest,0824,2x1,924,1444,08/11/2023,False
6159,The Villages of Briar Forest,0824,2x1,924,1510,08/12/2023,False
6160,The Villages of Briar Forest,0824,2x1,924,1510,08/13/2023,False
6161,The Villages of Briar Forest,0824,2x1,924,1510,08/14/2023,False
6162,The Villages of Briar Forest,0824,2x1,924,1510,08/15/2023,False
6163,The Villages of Briar Forest,0824,2x1,924,1508,08/16/2023,False
6164,The Villages of Briar Forest,0824,2x1,924,1513,08/17/2023,False
6165,The Villages of Briar Forest,0824,2x1,924,1526,08/18/2023,False
6166,The Villages of Briar Forest,0824,2x1,924,1535,08/19/2023,False
6167,The Villages of Briar Forest,0824,2x1,924,1539,08/20/2023,False
6168,The Villages of Briar Forest,0824,2x1,924,1544,08/21/2023,False
6169,The Villages of Briar Forest,0824,2x1,924,1548,08/22/2023,False
6170,The Villages of Briar Forest,0824,2x1,924,1552,08/23/2023,False
6171,The Villages of Briar Forest,0824,2x1,924,1557,08/24/2023,False
6172,The Villages of Briar Forest,0824,2x1,924,1587,08/25/2023,False
6173,The Villages of Briar Forest,0824,2x1,924,1592,08/26/2023,False
6174,The Villages of Briar Forest,0824,2x1,924,1592,08/27/2023,False
6175,The Villages of Briar Forest,0824,2x1,924,1648,08/28/2023,False
6176,The Villages of Briar Forest,0824,2x1,924,1648,08/29/2023,False
6177,The Villages of Briar Forest,0824,2x1,924,1648,08/30/2023,False
6178,The Villages of Briar Forest,0824,2x1,924,1584,08/31/2023,False
6179,The Villages of Briar Forest,0824,2x1,924,1567,09/01/2023,False
6180,The Villages of Briar Forest,0824,2x1,924,1504,09/02/2023,False
6181,The Villages of Briar Forest,0824,2x1,924,1504,09/03/2023,False
6182,The Villages of Briar Forest,0824,2x1,924,1504,09/04/2023,False
6183,The Villages of Briar Forest,0824,2x1,924,1504,09/05/2023,False
6184,The Villages of Briar Forest,0824,2x1,924,1504,09/06/2023,False
6185,The Villages of Briar Forest,0824,2x1,924,1504,09/07/2023,True
6186,The Villages of Briar Forest,0824,2x1,924,1417,12/21/2024,False
6187,The Villages of Briar Forest,0824,2x1,924,1422,12/22/2024,False
6188,The Villages of Briar Forest,0824,2x1,924,1407,12/23/2024,False
6189,The Villages of Briar Forest,0824,2x1,924,1397,12/24/2024,False
6190,The Villages of Briar Forest,0824,2x1,924,1397,12/25/2024,False
6191,The Villages of Briar Forest,0824,2x1,924,1397,12/26/2024,False
6192,The Villages of Briar Forest,0824,2x1,924,1427,12/27/2024,False
6193,The Villages of Briar Forest,0824,2x1,924,1417,12/28/2024,False
6194,The Villages of Briar Forest,0824,2x1,924,1417,12/29/2024,False
6195,The Villages of Briar Forest,0824,2x1,924,1397,12/30/2024,False
6196,The Villages of Briar Forest,0824,2x1,924,1397,12/31/2024,False
6197,The Villages of Briar Forest,0824,2x1,924,1397,01/01/2025,False
6198,The Villages of Briar Forest,0824,2x1,924,1322,01/02/2025,False
6199,The Villages of Briar Forest,0824,2x1,924,1312,01/03/2025,False
6200,The Villages of Briar Forest,0824,2x1,924,1312,01/04/2025,False
6201,The Villages of Briar Forest,0824,2x1,924,1312,01/05/2025,False
6202,The Villages of Briar Forest,0824,2x1,924,1312,01/06/2025,False
6203,The Villages of Briar Forest,0824,2x1,924,1352,01/07/2025,False
6204,The Villages of Briar Forest,0824,2x1,924,1352,01/08/2025,False
6205,The Villages of Briar Forest,0824,2x1,924,1352,01/09/2025,False
6206,The Villages of Briar Forest,0824,2x1,924,1362,01/10/2025,False
6207,The Villages of Briar Forest,0824,2x1,924,1362,01/11/2025,False
6208,The Villages of Briar Forest,0824,2x1,924,1362,01/12/2025,False
6209,The Villages of Briar Forest,0824,2x1,924,1362,01/13/2025,False
6210,The Villages of Briar Forest,0824,2x1,924,1362,01/14/2025,False
6211,The Villages of Briar Forest,0824,2x1,924,1362,01/15/2025,False
6212,The Villages of Briar Forest,0824,2x1,924,1362,01/16/2025,False
6213,The Villages of Briar Forest,0824,2x1,924,1362,01/17/2025,False
6214,The Villages of Briar Forest,0824,2x1,924,1362,01/18/2025,True
6215,The Villages of Briar Forest,0825,2x1,924,1244,06/23/2023,False
6216,The Villages of Briar Forest,0825,2x1,924,1244,06/24/2023,True
6217,The Villages of Briar Forest,0825,2x1,924,1357,05/06/2024,False
6218,The Villages of Briar Forest,0825,2x1,924,1357,05/07/2024,False
6219,The Villages of Briar Forest,0825,2x1,924,1357,05/08/2024,False
6220,The Villages of Briar Forest,0825,2x1,924,1357,05/09/2024,False
6221,The Villages of Briar Forest,0825,2x1,924,1337,05/10/2024,False
6222,The Villages of Briar Forest,0825,2x1,924,1307,05/11/2024,False
6223,The Villages of Briar Forest,0825,2x1,924,1307,05/12/2024,False
6224,The Villages of Briar Forest,0825,2x1,924,1307,05/13/2024,False
6225,The Villages of Briar Forest,0825,2x1,924,1307,05/14/2024,False
6226,The Villages of Briar Forest,0825,2x1,924,1307,05/15/2024,False
6227,The Villages of Briar Forest,0825,2x1,924,1307,05/16/2024,False
6228,The Villages of Briar Forest,0825,2x1,924,1307,05/17/2024,False
6229,The Villages of Briar Forest,0825,2x1,924,1307,05/18/2024,False
6230,The Villages of Briar Forest,0825,2x1,924,1307,05/19/2024,False
6231,The Villages of Briar Forest,0825,2x1,924,1307,05/20/2024,False
6232,The Villages of Briar Forest,0825,2x1,924,1307,05/21/2024,False
6233,The Villages of Briar Forest,0825,2x1,924,1307,05/22/2024,False
6234,The Villages of Briar Forest,0825,2x1,924,1307,05/23/2024,False
6235,The Villages of Briar Forest,0825,2x1,924,1317,05/24/2024,False
6236,The Villages of Briar Forest,0825,2x1,924,1358,05/25/2024,False
6237,The Villages of Briar Forest,0825,2x1,924,1358,05/26/2024,False
6238,The Villages of Briar Forest,0825,2x1,924,1358,05/27/2024,False
6239,The Villages of Briar Forest,0825,2x1,924,1358,05/28/2024,False
6240,The Villages of Briar Forest,0825,2x1,924,1312,05/29/2024,False
6241,The Villages of Briar Forest,0825,2x1,924,1353,05/30/2024,False
6242,The Villages of Briar Forest,0825,2x1,924,1312,05/31/2024,False
6243,The Villages of Briar Forest,0825,2x1,924,1312,06/01/2024,False
6244,The Villages of Briar Forest,0825,2x1,924,1312,06/02/2024,False
6245,The Villages of Briar Forest,0825,2x1,924,1312,06/03/2024,False
6246,The Villages of Briar Forest,0825,2x1,924,1320,06/04/2024,False
6247,The Villages of Briar Forest,0825,2x1,924,1312,06/05/2024,False
6248,The Villages of Briar Forest,0825,2x1,924,1312,06/06/2024,False
6249,The Villages of Briar Forest,0825,2x1,924,1312,06/07/2024,False
6250,The Villages of Briar Forest,0825,2x1,924,1353,06/08/2024,False
6251,The Villages of Briar Forest,0825,2x1,924,1353,06/09/2024,False
6252,The Villages of Briar Forest,0825,2x1,924,1353,06/10/2024,False
6253,The Villages of Briar Forest,0825,2x1,924,1353,06/11/2024,False
6254,The Villages of Briar Forest,0825,2x1,924,1353,06/12/2024,False
6255,The Villages of Briar Forest,0825,2x1,924,1353,06/13/2024,False
6256,The Villages of Briar Forest,0825,2x1,924,1353,06/14/2024,False
6257,The Villages of Briar Forest,0825,2x1,924,1353,06/15/2024,False
6258,The Villages of Briar Forest,0825,2x1,924,1353,06/16/2024,False
6259,The Villages of Briar Forest,0825,2x1,924,1353,06/17/2024,False
6260,The Villages of Briar Forest,0825,2x1,924,1353,06/18/2024,False
6261,The Villages of Briar Forest,0825,2x1,924,1353,06/19/2024,False
6262,The Villages of Briar Forest,0825,2x1,924,1353,06/20/2024,False
6263,The Villages of Briar Forest,0825,2x1,924,1353,06/21/2024,False
6264,The Villages of Briar Forest,0825,2x1,924,1353,06/22/2024,False
6265,The Villages of Briar Forest,0825,2x1,924,1353,06/23/2024,False
6266,The Villages of Briar Forest,0825,2x1,924,1333,06/24/2024,False
6267,The Villages of Briar Forest,0825,2x1,924,1333,06/25/2024,False
6268,The Villages of Briar Forest,0825,2x1,924,1333,06/26/2024,False
6269,The Villages of Briar Forest,0825,2x1,924,1333,06/27/2024,False
6270,The Villages of Briar Forest,0825,2x1,924,1280,06/28/2024,False
6271,The Villages of Briar Forest,0825,2x1,924,1280,06/29/2024,False
6272,The Villages of Briar Forest,0825,2x1,924,1280,06/30/2024,False
6273,The Villages of Briar Forest,0825,2x1,924,1280,07/01/2024,False
6274,The Villages of Briar Forest,0825,2x1,924,1234,07/02/2024,False
6275,The Villages of Briar Forest,0825,2x1,924,1234,07/03/2024,False
6276,The Villages of Briar Forest,0825,2x1,924,1234,07/04/2024,False
6277,The Villages of Briar Forest,0825,2x1,924,1229,07/05/2024,False
6278,The Villages of Briar Forest,0825,2x1,924,1229,07/06/2024,False
6279,The Villages of Briar Forest,0825,2x1,924,1229,07/07/2024,False
6280,The Villages of Briar Forest,0825,2x1,924,1229,07/08/2024,False
6281,The Villages of Briar Forest,0825,2x1,924,1229,07/09/2024,False
6282,The Villages of Briar Forest,0825,2x1,924,1253,07/10/2024,False
6283,The Villages of Briar Forest,0825,2x1,924,1174,07/11/2024,False
6284,The Villages of Briar Forest,0825,2x1,924,1174,07/12/2024,False
6285,The Villages of Briar Forest,0825,2x1,924,1169,07/13/2024,False
6286,The Villages of Briar Forest,0825,2x1,924,1174,07/14/2024,False
6287,The Villages of Briar Forest,0825,2x1,924,1174,07/15/2024,False
6288,The Villages of Briar Forest,0825,2x1,924,1174,07/16/2024,False
6289,The Villages of Briar Forest,0825,2x1,924,1174,07/17/2024,False
6290,The Villages of Briar Forest,0825,2x1,924,1174,07/18/2024,False
6291,The Villages of Briar Forest,0825,2x1,924,1174,07/19/2024,False
6292,The Villages of Briar Forest,0825,2x1,924,1174,07/20/2024,False
6293,The Villages of Briar Forest,0825,2x1,924,1174,07/21/2024,False
6294,The Villages of Briar Forest,0825,2x1,924,1258,07/22/2024,False
6295,The Villages of Briar Forest,0825,2x1,924,1258,07/23/2024,False
6296,The Villages of Briar Forest,0825,2x1,924,1258,07/24/2024,False
6297,The Villages of Briar Forest,0825,2x1,924,1174,07/25/2024,False
6298,The Villages of Briar Forest,0825,2x1,924,1229,07/26/2024,False
6299,The Villages of Briar Forest,0825,2x1,924,1157,07/27/2024,False
6300,The Villages of Briar Forest,0825,2x1,924,1157,07/28/2024,False
6301,The Villages of Briar Forest,0825,2x1,924,1157,07/29/2024,False
6302,The Villages of Briar Forest,0825,2x1,924,1157,07/30/2024,False
6303,The Villages of Briar Forest,0825,2x1,924,1157,07/31/2024,False
6304,The Villages of Briar Forest,0825,2x1,924,1157,08/01/2024,False
6305,The Villages of Briar Forest,0825,2x1,924,1157,08/02/2024,False
6306,The Villages of Briar Forest,0825,2x1,924,1164,08/03/2024,False
6307,The Villages of Briar Forest,0825,2x1,924,1164,08/04/2024,False
6308,The Villages of Briar Forest,0825,2x1,924,1164,08/05/2024,False
6309,The Villages of Briar Forest,0825,2x1,924,1164,08/06/2024,False
6310,The Villages of Briar Forest,0825,2x1,924,1164,08/07/2024,False
6311,The Villages of Briar Forest,0825,2x1,924,1164,08/08/2024,False
6312,The Villages of Briar Forest,0825,2x1,924,1164,08/09/2024,False
6313,The Villages of Briar Forest,0825,2x1,924,1164,08/10/2024,False
6314,The Villages of Briar Forest,0825,2x1,924,1164,08/11/2024,False
6315,The Villages of Briar Forest,0825,2x1,924,1164,08/12/2024,False
6316,The Villages of Briar Forest,0825,2x1,924,1164,08/13/2024,False
6317,The Villages of Briar Forest,0825,2x1,924,1164,08/14/2024,False
6318,The Villages of Briar Forest,0825,2x1,924,1164,08/15/2024,False
6319,The Villages of Briar Forest,0825,2x1,924,1232,08/16/2024,False
6320,The Villages of Briar Forest,0825,2x1,924,1232,08/17/2024,False
6321,The Villages of Briar Forest,0825,2x1,924,1232,08/18/2024,False
6322,The Villages of Briar Forest,0825,2x1,924,1232,08/19/2024,False
6323,The Villages of Briar Forest,0825,2x1,924,1232,08/20/2024,False
6324,The Villages of Briar Forest,0825,2x1,924,1232,08/21/2024,False
6325,The Villages of Briar Forest,0825,2x1,924,1232,08/22/2024,True
6326,The Villages of Briar Forest,0826,1x1,690,1062,10/25/2024,False
6327,The Villages of Briar Forest,0826,1x1,690,1062,10/26/2024,False
6328,The Villages of Briar Forest,0826,1x1,690,1062,10/27/2024,False
6329,The Villages of Briar Forest,0826,1x1,690,1062,10/28/2024,False
6330,The Villages of Briar Forest,0826,1x1,690,1062,10/29/2024,False
6331,The Villages of Briar Forest,0826,1x1,690,1062,10/30/2024,False
6332,The Villages of Briar Forest,0826,1x1,690,1062,10/31/2024,False
6333,The Villages of Briar Forest,0826,1x1,690,1062,11/01/2024,False
6334,The Villages of Briar Forest,0826,1x1,690,1062,11/02/2024,False
6335,The Villages of Briar Forest,0826,1x1,690,1062,11/03/2024,False
6336,The Villages of Briar Forest,0826,1x1,690,1062,11/04/2024,False
6337,The Villages of Briar Forest,0826,1x1,690,1017,11/05/2024,False
6338,The Villages of Briar Forest,0826,1x1,690,1017,11/06/2024,False
6339,The Villages of Briar Forest,0826,1x1,690,1017,11/07/2024,False
6340,The Villages of Briar Forest,0826,1x1,690,1017,11/08/2024,False
6341,The Villages of Briar Forest,0826,1x1,690,1017,11/09/2024,False
6342,The Villages of Briar Forest,0826,1x1,690,1017,11/10/2024,False
6343,The Villages of Briar Forest,0826,1x1,690,1017,11/11/2024,False
6344,The Villages of Briar Forest,0826,1x1,690,1017,11/12/2024,True
6345,The Villages of Briar Forest,0827,1x1,690,1183,06/22/2023,False
6346,The Villages of Briar Forest,0827,1x1,690,1219,06/23/2023,False
6347,The Villages of Briar Forest,0827,1x1,690,1219,06/24/2023,False
6348,The Villages of Briar Forest,0827,1x1,690,1214,06/25/2023,False
6349,The Villages of Briar Forest,0827,1x1,690,1214,06/26/2023,False
6350,The Villages of Briar Forest,0827,1x1,690,1214,06/27/2023,False
6351,The Villages of Briar Forest,0827,1x1,690,1214,06/28/2023,False
6352,The Villages of Briar Forest,0827,1x1,690,1214,06/29/2023,False
6353,The Villages of Briar Forest,0827,1x1,690,1214,06/30/2023,False
6354,The Villages of Briar Forest,0827,1x1,690,1214,07/01/2023,False
6355,The Villages of Briar Forest,0827,1x1,690,1214,07/02/2023,False
6356,The Villages of Briar Forest,0827,1x1,690,1214,07/03/2023,False
6357,The Villages of Briar Forest,0827,1x1,690,1214,07/04/2023,False
6358,The Villages of Briar Forest,0827,1x1,690,1214,07/05/2023,False
6359,The Villages of Briar Forest,0827,1x1,690,1309,07/06/2023,False
6360,The Villages of Briar Forest,0827,1x1,690,1298,07/07/2023,False
6361,The Villages of Briar Forest,0827,1x1,690,1388,07/08/2023,False
6362,The Villages of Briar Forest,0827,1x1,690,1393,07/09/2023,False
6363,The Villages of Briar Forest,0827,1x1,690,1393,07/10/2023,False
6364,The Villages of Briar Forest,0827,1x1,690,1288,07/11/2023,False
6365,The Villages of Briar Forest,0827,1x1,690,1283,07/12/2023,False
6366,The Villages of Briar Forest,0827,1x1,690,1217,07/13/2023,False
6367,The Villages of Briar Forest,0827,1x1,690,1217,07/14/2023,False
6368,The Villages of Briar Forest,0827,1x1,690,1217,07/15/2023,False
6369,The Villages of Briar Forest,0827,1x1,690,1288,07/16/2023,False
6370,The Villages of Briar Forest,0827,1x1,690,1288,07/17/2023,False
6371,The Villages of Briar Forest,0827,1x1,690,1258,07/18/2023,False
6372,The Villages of Briar Forest,0827,1x1,690,1258,07/19/2023,False
6373,The Villages of Briar Forest,0827,1x1,690,1196,07/20/2023,False
6374,The Villages of Briar Forest,0827,1x1,690,1196,07/21/2023,False
6375,The Villages of Briar Forest,0827,1x1,690,1256,07/22/2023,False
6376,The Villages of Briar Forest,0827,1x1,690,1256,07/23/2023,False
6377,The Villages of Briar Forest,0827,1x1,690,1256,07/24/2023,False
6378,The Villages of Briar Forest,0827,1x1,690,1256,07/25/2023,False
6379,The Villages of Briar Forest,0827,1x1,690,1256,07/26/2023,False
6380,The Villages of Briar Forest,0827,1x1,690,1256,07/27/2023,False
6381,The Villages of Briar Forest,0827,1x1,690,1256,07/28/2023,False
6382,The Villages of Briar Forest,0827,1x1,690,1256,07/29/2023,False
6383,The Villages of Briar Forest,0827,1x1,690,1256,07/30/2023,False
6384,The Villages of Briar Forest,0827,1x1,690,1256,07/31/2023,False
6385,The Villages of Briar Forest,0827,1x1,690,1256,08/01/2023,False
6386,The Villages of Briar Forest,0827,1x1,690,1172,08/02/2023,False
6387,The Villages of Briar Forest,0827,1x1,690,1210,08/03/2023,False
6388,The Villages of Briar Forest,0827,1x1,690,1210,08/04/2023,False
6389,The Villages of Briar Forest,0827,1x1,690,1232,08/05/2023,False
6390,The Villages of Briar Forest,0827,1x1,690,1232,08/06/2023,False
6391,The Villages of Briar Forest,0827,1x1,690,1232,08/07/2023,False
6392,The Villages of Briar Forest,0827,1x1,690,1232,08/08/2023,False
6393,The Villages of Briar Forest,0827,1x1,690,1232,08/09/2023,False
6394,The Villages of Briar Forest,0827,1x1,690,1232,08/10/2023,False
6395,The Villages of Briar Forest,0827,1x1,690,1206,08/11/2023,False
6396,The Villages of Briar Forest,0827,1x1,690,1196,08/12/2023,False
6397,The Villages of Briar Forest,0827,1x1,690,1264,08/13/2023,False
6398,The Villages of Briar Forest,0827,1x1,690,1264,08/14/2023,False
6399,The Villages of Briar Forest,0827,1x1,690,1264,08/15/2023,False
6400,The Villages of Briar Forest,0827,1x1,690,1272,08/16/2023,False
6401,The Villages of Briar Forest,0827,1x1,690,1276,08/17/2023,False
6402,The Villages of Briar Forest,0827,1x1,690,1280,08/18/2023,False
6403,The Villages of Briar Forest,0827,1x1,690,1250,08/19/2023,False
6404,The Villages of Briar Forest,0827,1x1,690,1253,08/20/2023,False
6405,The Villages of Briar Forest,0827,1x1,690,1257,08/21/2023,False
6406,The Villages of Briar Forest,0827,1x1,690,1260,08/22/2023,False
6407,The Villages of Briar Forest,0827,1x1,690,1264,08/23/2023,False
6408,The Villages of Briar Forest,0827,1x1,690,1267,08/24/2023,False
6409,The Villages of Briar Forest,0827,1x1,690,1292,08/25/2023,False
6410,The Villages of Briar Forest,0827,1x1,690,1247,08/26/2023,False
6411,The Villages of Briar Forest,0827,1x1,690,1247,08/27/2023,False
6412,The Villages of Briar Forest,0827,1x1,690,1247,08/28/2023,False
6413,The Villages of Briar Forest,0827,1x1,690,1247,08/29/2023,False
6414,The Villages of Briar Forest,0827,1x1,690,1247,08/30/2023,False
6415,The Villages of Briar Forest,0827,1x1,690,1247,08/31/2023,False
6416,The Villages of Briar Forest,0827,1x1,690,1247,09/01/2023,False
6417,The Villages of Briar Forest,0827,1x1,690,1229,09/02/2023,False
6418,The Villages of Briar Forest,0827,1x1,690,1234,09/03/2023,False
6419,The Villages of Briar Forest,0827,1x1,690,1234,09/04/2023,False
6420,The Villages of Briar Forest,0827,1x1,690,1234,09/05/2023,False
6421,The Villages of Briar Forest,0827,1x1,690,1234,09/06/2023,False
6422,The Villages of Briar Forest,0827,1x1,690,1234,09/07/2023,False
6423,The Villages of Briar Forest,0827,1x1,690,1234,09/08/2023,False
6424,The Villages of Briar Forest,0827,1x1,690,1219,09/09/2023,False
6425,The Villages of Briar Forest,0827,1x1,690,1189,09/10/2023,False
6426,The Villages of Briar Forest,0827,1x1,690,1189,09/11/2023,False
6427,The Villages of Briar Forest,0827,1x1,690,1189,09/12/2023,False
6428,The Villages of Briar Forest,0827,1x1,690,1189,09/13/2023,False
6429,The Villages of Briar Forest,0827,1x1,690,1189,09/14/2023,False
6430,The Villages of Briar Forest,0827,1x1,690,1189,09/15/2023,False
6431,The Villages of Briar Forest,0827,1x1,690,1189,09/16/2023,True
6432,The Villages of Briar Forest,0827,1x1,690,1307,07/10/2024,False
6433,The Villages of Briar Forest,0827,1x1,690,1307,07/11/2024,False
6434,The Villages of Briar Forest,0827,1x1,690,1327,07/12/2024,False
6435,The Villages of Briar Forest,0827,1x1,690,1327,07/13/2024,False
6436,The Villages of Briar Forest,0827,1x1,690,1327,07/14/2024,False
6437,The Villages of Briar Forest,0827,1x1,690,1327,07/15/2024,False
6438,The Villages of Briar Forest,0827,1x1,690,1327,07/16/2024,False
6439,The Villages of Briar Forest,0827,1x1,690,1327,07/17/2024,False
6440,The Villages of Briar Forest,0827,1x1,690,1327,07/18/2024,False
6441,The Villages of Briar Forest,0827,1x1,690,1327,07/19/2024,False
6442,The Villages of Briar Forest,0827,1x1,690,1322,07/20/2024,False
6443,The Villages of Briar Forest,0827,1x1,690,1322,07/21/2024,False
6444,The Villages of Briar Forest,0827,1x1,690,1322,07/22/2024,False
6445,The Villages of Briar Forest,0827,1x1,690,1322,07/23/2024,False
6446,The Villages of Briar Forest,0827,1x1,690,1322,07/24/2024,False
6447,The Villages of Briar Forest,0827,1x1,690,1322,07/25/2024,False
6448,The Villages of Briar Forest,0827,1x1,690,1302,07/26/2024,False
6449,The Villages of Briar Forest,0827,1x1,690,1302,07/27/2024,False
6450,The Villages of Briar Forest,0827,1x1,690,1302,07/28/2024,False
6451,The Villages of Briar Forest,0827,1x1,690,1302,07/29/2024,False
6452,The Villages of Briar Forest,0827,1x1,690,1302,07/30/2024,False
6453,The Villages of Briar Forest,0827,1x1,690,1302,07/31/2024,False
6454,The Villages of Briar Forest,0827,1x1,690,1302,08/01/2024,False
6455,The Villages of Briar Forest,0827,1x1,690,1307,08/02/2024,False
6456,The Villages of Briar Forest,0827,1x1,690,1307,08/03/2024,False
6457,The Villages of Briar Forest,0827,1x1,690,1307,08/04/2024,False
6458,The Villages of Briar Forest,0827,1x1,690,1307,08/05/2024,False
6459,The Villages of Briar Forest,0827,1x1,690,1307,08/06/2024,False
6460,The Villages of Briar Forest,0827,1x1,690,1307,08/07/2024,False
6461,The Villages of Briar Forest,0827,1x1,690,1307,08/08/2024,False
6462,The Villages of Briar Forest,0827,1x1,690,1267,08/09/2024,False
6463,The Villages of Briar Forest,0827,1x1,690,1267,08/10/2024,False
6464,The Villages of Briar Forest,0827,1x1,690,1267,08/11/2024,False
6465,The Villages of Briar Forest,0827,1x1,690,1267,08/12/2024,False
6466,The Villages of Briar Forest,0827,1x1,690,1282,08/13/2024,False
6467,The Villages of Briar Forest,0827,1x1,690,1282,08/14/2024,False
6468,The Villages of Briar Forest,0827,1x1,690,1282,08/15/2024,False
6469,The Villages of Briar Forest,0827,1x1,690,1282,08/16/2024,False
6470,The Villages of Briar Forest,0827,1x1,690,1282,08/17/2024,False
6471,The Villages of Briar Forest,0827,1x1,690,1282,08/18/2024,False
6472,The Villages of Briar Forest,0827,1x1,690,1282,08/19/2024,False
6473,The Villages of Briar Forest,0827,1x1,690,1282,08/20/2024,False
6474,The Villages of Briar Forest,0827,1x1,690,1262,08/21/2024,False
6475,The Villages of Briar Forest,0827,1x1,690,1262,08/22/2024,False
6476,The Villages of Briar Forest,0827,1x1,690,1262,08/23/2024,False
6477,The Villages of Briar Forest,0827,1x1,690,1262,08/24/2024,False
6478,The Villages of Briar Forest,0827,1x1,690,1262,08/25/2024,False
6479,The Villages of Briar Forest,0827,1x1,690,1262,08/26/2024,False
6480,The Villages of Briar Forest,0827,1x1,690,1312,08/27/2024,False
6481,The Villages of Briar Forest,0827,1x1,690,1277,08/28/2024,False
6482,The Villages of Briar Forest,0827,1x1,690,1252,08/29/2024,False
6483,The Villages of Briar Forest,0827,1x1,690,1223,08/30/2024,False
6484,The Villages of Briar Forest,0827,1x1,690,1233,08/31/2024,False
6485,The Villages of Briar Forest,0827,1x1,690,1233,09/01/2024,False
6486,The Villages of Briar Forest,0827,1x1,690,1233,09/02/2024,False
6487,The Villages of Briar Forest,0827,1x1,690,1233,09/03/2024,False
6488,The Villages of Briar Forest,0827,1x1,690,1233,09/04/2024,False
6489,The Villages of Briar Forest,0827,1x1,690,1233,09/05/2024,False
6490,The Villages of Briar Forest,0827,1x1,690,1233,09/06/2024,False
6491,The Villages of Briar Forest,0827,1x1,690,1233,09/07/2024,False
6492,The Villages of Briar Forest,0827,1x1,690,1233,09/08/2024,False
6493,The Villages of Briar Forest,0827,1x1,690,1233,09/09/2024,False
6494,The Villages of Briar Forest,0827,1x1,690,1233,09/10/2024,False
6495,The Villages of Briar Forest,0827,1x1,690,1233,09/11/2024,False
6496,The Villages of Briar Forest,0827,1x1,690,1233,09/12/2024,False
6497,The Villages of Briar Forest,0827,1x1,690,1233,09/13/2024,False
6498,The Villages of Briar Forest,0827,1x1,690,1233,09/14/2024,False
6499,The Villages of Briar Forest,0827,1x1,690,1233,09/15/2024,False
6500,The Villages of Briar Forest,0827,1x1,690,1233,09/16/2024,False
6501,The Villages of Briar Forest,0827,1x1,690,1282,09/17/2024,False
6502,The Villages of Briar Forest,0827,1x1,690,1317,09/18/2024,False
6503,The Villages of Briar Forest,0827,1x1,690,1317,09/19/2024,False
6504,The Villages of Briar Forest,0827,1x1,690,1327,09/20/2024,False
6505,The Villages of Briar Forest,0827,1x1,690,1327,09/21/2024,False
6506,The Villages of Briar Forest,0827,1x1,690,1327,09/22/2024,False
6507,The Villages of Briar Forest,0827,1x1,690,1327,09/23/2024,False
6508,The Villages of Briar Forest,0827,1x1,690,1322,09/24/2024,False
6509,The Villages of Briar Forest,0827,1x1,690,1322,09/25/2024,False
6510,The Villages of Briar Forest,0827,1x1,690,1322,09/26/2024,False
6511,The Villages of Briar Forest,0827,1x1,690,1262,09/27/2024,False
6512,The Villages of Briar Forest,0827,1x1,690,1250,09/28/2024,False
6513,The Villages of Briar Forest,0827,1x1,690,1282,09/29/2024,False
6514,The Villages of Briar Forest,0827,1x1,690,1259,09/30/2024,False
6515,The Villages of Briar Forest,0827,1x1,690,1259,10/01/2024,False
6516,The Villages of Briar Forest,0827,1x1,690,1254,10/02/2024,False
6517,The Villages of Briar Forest,0827,1x1,690,1254,10/03/2024,False
6518,The Villages of Briar Forest,0827,1x1,690,1214,10/04/2024,False
6519,The Villages of Briar Forest,0827,1x1,690,1217,10/05/2024,False
6520,The Villages of Briar Forest,0827,1x1,690,1217,10/06/2024,False
6521,The Villages of Briar Forest,0827,1x1,690,1219,10/07/2024,False
6522,The Villages of Briar Forest,0827,1x1,690,1227,10/08/2024,False
6523,The Villages of Briar Forest,0827,1x1,690,1224,10/09/2024,False
6524,The Villages of Briar Forest,0827,1x1,690,1179,10/10/2024,False
6525,The Villages of Briar Forest,0827,1x1,690,1172,10/11/2024,False
6526,The Villages of Briar Forest,0827,1x1,690,1177,10/12/2024,False
6527,The Villages of Briar Forest,0827,1x1,690,1177,10/13/2024,False
6528,The Villages of Briar Forest,0827,1x1,690,1179,10/14/2024,False
6529,The Villages of Briar Forest,0827,1x1,690,1139,10/15/2024,False
6530,The Villages of Briar Forest,0827,1x1,690,1134,10/16/2024,False
6531,The Villages of Briar Forest,0827,1x1,690,1119,10/17/2024,False
6532,The Villages of Briar Forest,0827,1x1,690,1119,10/18/2024,False
6533,The Villages of Briar Forest,0827,1x1,690,1124,10/19/2024,False
6534,The Villages of Briar Forest,0827,1x1,690,1124,10/20/2024,False
6535,The Villages of Briar Forest,0827,1x1,690,1122,10/21/2024,False
6536,The Villages of Briar Forest,0827,1x1,690,1134,10/22/2024,False
6537,The Villages of Briar Forest,0827,1x1,690,1129,10/23/2024,False
6538,The Villages of Briar Forest,0827,1x1,690,1124,10/24/2024,False
6539,The Villages of Briar Forest,0827,1x1,690,1124,10/25/2024,False
6540,The Villages of Briar Forest,0827,1x1,690,1119,10/26/2024,False
6541,The Villages of Briar Forest,0827,1x1,690,1119,10/27/2024,False
6542,The Villages of Briar Forest,0827,1x1,690,1187,10/28/2024,False
6543,The Villages of Briar Forest,0827,1x1,690,1187,10/29/2024,False
6544,The Villages of Briar Forest,0827,1x1,690,1187,10/30/2024,False
6545,The Villages of Briar Forest,0827,1x1,690,1187,10/31/2024,False
6546,The Villages of Briar Forest,0827,1x1,690,1187,11/01/2024,False
6547,The Villages of Briar Forest,0827,1x1,690,1187,11/02/2024,False
6548,The Villages of Briar Forest,0827,1x1,690,1187,11/03/2024,False
6549,The Villages of Briar Forest,0827,1x1,690,1187,11/04/2024,False
6550,The Villages of Briar Forest,0827,1x1,690,1142,11/05/2024,False
6551,The Villages of Briar Forest,0827,1x1,690,1142,11/06/2024,False
6552,The Villages of Briar Forest,0827,1x1,690,1142,11/07/2024,False
6553,The Villages of Briar Forest,0827,1x1,690,1142,11/08/2024,False
6554,The Villages of Briar Forest,0827,1x1,690,1142,11/09/2024,False
6555,The Villages of Briar Forest,0827,1x1,690,1142,11/10/2024,False
6556,The Villages of Briar Forest,0827,1x1,690,1142,11/11/2024,False
6557,The Villages of Briar Forest,0827,1x1,690,1142,11/12/2024,False
6558,The Villages of Briar Forest,0827,1x1,690,1142,11/13/2024,False
6559,The Villages of Briar Forest,0827,1x1,690,1142,11/14/2024,False
6560,The Villages of Briar Forest,0827,1x1,690,1142,11/15/2024,False
6561,The Villages of Briar Forest,0827,1x1,690,1142,11/16/2024,False
6562,The Villages of Briar Forest,0827,1x1,690,1142,11/17/2024,False
6563,The Villages of Briar Forest,0827,1x1,690,1142,11/18/2024,False
6564,The Villages of Briar Forest,0827,1x1,690,1142,11/19/2024,False
6565,The Villages of Briar Forest,0827,1x1,690,1145,11/20/2024,False
6566,The Villages of Briar Forest,0827,1x1,690,1145,11/21/2024,False
6567,The Villages of Briar Forest,0827,1x1,690,1197,11/22/2024,False
6568,The Villages of Briar Forest,0827,1x1,690,1120,11/23/2024,False
6569,The Villages of Briar Forest,0827,1x1,690,1120,11/24/2024,False
6570,The Villages of Briar Forest,0827,1x1,690,1120,11/25/2024,False
6571,The Villages of Briar Forest,0827,1x1,690,1182,11/26/2024,False
6572,The Villages of Briar Forest,0827,1x1,690,1107,11/27/2024,False
6573,The Villages of Briar Forest,0827,1x1,690,1107,11/28/2024,False
6574,The Villages of Briar Forest,0827,1x1,690,1102,11/29/2024,False
6575,The Villages of Briar Forest,0827,1x1,690,1102,11/30/2024,False
6576,The Villages of Briar Forest,0827,1x1,690,1102,12/01/2024,False
6577,The Villages of Briar Forest,0827,1x1,690,1102,12/02/2024,False
6578,The Villages of Briar Forest,0827,1x1,690,1152,12/03/2024,False
6579,The Villages of Briar Forest,0827,1x1,690,1152,12/04/2024,False
6580,The Villages of Briar Forest,0827,1x1,690,1152,12/05/2024,False
6581,The Villages of Briar Forest,0827,1x1,690,1152,12/06/2024,False
6582,The Villages of Briar Forest,0827,1x1,690,1122,12/07/2024,False
6583,The Villages of Briar Forest,0827,1x1,690,1122,12/08/2024,False
6584,The Villages of Briar Forest,0827,1x1,690,1122,12/09/2024,False
6585,The Villages of Briar Forest,0827,1x1,690,1122,12/10/2024,False
6586,The Villages of Briar Forest,0827,1x1,690,1122,12/11/2024,False
6587,The Villages of Briar Forest,0827,1x1,690,1122,12/12/2024,False
6588,The Villages of Briar Forest,0827,1x1,690,1169,12/13/2024,False
6589,The Villages of Briar Forest,0827,1x1,690,1169,12/14/2024,False
6590,The Villages of Briar Forest,0827,1x1,690,1169,12/15/2024,False
6591,The Villages of Briar Forest,0827,1x1,690,1169,12/16/2024,False
6592,The Villages of Briar Forest,0827,1x1,690,1169,12/17/2024,False
6593,The Villages of Briar Forest,0827,1x1,690,1214,12/18/2024,False
6594,The Villages of Briar Forest,0827,1x1,690,1214,12/19/2024,False
6595,The Villages of Briar Forest,0827,1x1,690,1169,12/20/2024,False
6596,The Villages of Briar Forest,0827,1x1,690,1169,12/21/2024,False
6597,The Villages of Briar Forest,0827,1x1,690,1169,12/22/2024,False
6598,The Villages of Briar Forest,0827,1x1,690,1174,12/23/2024,False
6599,The Villages of Briar Forest,0827,1x1,690,1169,12/24/2024,False
6600,The Villages of Briar Forest,0827,1x1,690,1169,12/25/2024,False
6601,The Villages of Briar Forest,0827,1x1,690,1169,12/26/2024,False
6602,The Villages of Briar Forest,0827,1x1,690,1162,12/27/2024,False
6603,The Villages of Briar Forest,0827,1x1,690,1162,12/28/2024,False
6604,The Villages of Briar Forest,0827,1x1,690,1162,12/29/2024,False
6605,The Villages of Briar Forest,0827,1x1,690,1162,12/30/2024,False
6606,The Villages of Briar Forest,0827,1x1,690,1162,12/31/2024,False
6607,The Villages of Briar Forest,0827,1x1,690,1237,01/01/2025,False
6608,The Villages of Briar Forest,0827,1x1,690,1162,01/02/2025,False
6609,The Villages of Briar Forest,0827,1x1,690,1162,01/03/2025,False
6610,The Villages of Briar Forest,0827,1x1,690,1142,01/04/2025,False
6611,The Villages of Briar Forest,0827,1x1,690,1142,01/05/2025,False
6612,The Villages of Briar Forest,0827,1x1,690,1142,01/06/2025,False
6613,The Villages of Briar Forest,0827,1x1,690,1112,01/07/2025,False
6614,The Villages of Briar Forest,0827,1x1,690,1112,01/08/2025,False
6615,The Villages of Briar Forest,0827,1x1,690,1112,01/09/2025,False
6616,The Villages of Briar Forest,0827,1x1,690,1102,01/10/2025,False
6617,The Villages of Briar Forest,0827,1x1,690,1102,01/11/2025,False
6618,The Villages of Briar Forest,0827,1x1,690,1102,01/12/2025,False
6619,The Villages of Briar Forest,0827,1x1,690,1102,01/13/2025,False
6620,The Villages of Briar Forest,0827,1x1,690,1102,01/14/2025,False
6621,The Villages of Briar Forest,0827,1x1,690,1102,01/15/2025,False
6622,The Villages of Briar Forest,0827,1x1,690,1102,01/16/2025,False
6623,The Villages of Briar Forest,0827,1x1,690,1109,01/17/2025,False
6624,The Villages of Briar Forest,0827,1x1,690,1109,01/18/2025,False
6625,The Villages of Briar Forest,0827,1x1,690,1109,01/19/2025,False
6626,The Villages of Briar Forest,0827,1x1,690,1109,01/20/2025,False
6627,The Villages of Briar Forest,0827,1x1,690,1109,01/21/2025,False
6628,The Villages of Briar Forest,0827,1x1,690,1109,01/22/2025,False
6629,The Villages of Briar Forest,0827,1x1,690,1109,01/23/2025,False
6630,The Villages of Briar Forest,0827,1x1,690,1130,01/24/2025,False
6631,The Villages of Briar Forest,0827,1x1,690,1130,01/25/2025,False
6632,The Villages of Briar Forest,0827,1x1,690,1130,01/26/2025,False
6633,The Villages of Briar Forest,0827,1x1,690,1130,01/27/2025,False
6634,The Villages of Briar Forest,0827,1x1,690,1130,01/28/2025,False
6635,The Villages of Briar Forest,0827,1x1,690,1130,01/29/2025,False
6636,The Villages of Briar Forest,0827,1x1,690,1130,01/30/2025,False
6637,The Villages of Briar Forest,0827,1x1,690,1130,01/31/2025,False
6638,The Villages of Briar Forest,0827,1x1,690,1124,02/01/2025,False
6639,The Villages of Briar Forest,0827,1x1,690,1124,02/02/2025,False
6640,The Villages of Briar Forest,0827,1x1,690,1124,02/03/2025,False
6641,The Villages of Briar Forest,0827,1x1,690,1130,02/04/2025,False
6642,The Villages of Briar Forest,0827,1x1,690,1130,02/05/2025,False
6643,The Villages of Briar Forest,0827,1x1,690,1130,02/06/2025,False
6644,The Villages of Briar Forest,0827,1x1,690,1094,02/07/2025,False
6645,The Villages of Briar Forest,0827,1x1,690,1094,02/08/2025,False
6646,The Villages of Briar Forest,0827,1x1,690,1094,02/09/2025,False
6647,The Villages of Briar Forest,0827,1x1,690,1094,02/10/2025,False
6648,The Villages of Briar Forest,0827,1x1,690,1094,02/11/2025,False
6649,The Villages of Briar Forest,0827,1x1,690,1094,02/12/2025,False
6650,The Villages of Briar Forest,0827,1x1,690,1094,02/13/2025,False
6651,The Villages of Briar Forest,0827,1x1,690,1110,02/14/2025,False
6652,The Villages of Briar Forest,0827,1x1,690,1110,02/15/2025,False
6653,The Villages of Briar Forest,0827,1x1,690,1110,02/16/2025,False
6654,The Villages of Briar Forest,0827,1x1,690,1110,02/17/2025,False
6655,The Villages of Briar Forest,0827,1x1,690,1110,02/18/2025,False
6656,The Villages of Briar Forest,0827,1x1,690,1110,02/19/2025,False
6657,The Villages of Briar Forest,0827,1x1,690,1172,02/20/2025,False
6658,The Villages of Briar Forest,0827,1x1,690,1097,02/21/2025,False
6659,The Villages of Briar Forest,0827,1x1,690,1097,02/22/2025,True
6660,The Villages of Briar Forest,0828,2x1,924,1209,02/07/2025,False
6661,The Villages of Briar Forest,0828,2x1,924,1209,02/08/2025,False
6662,The Villages of Briar Forest,0828,2x1,924,1209,02/09/2025,False
6663,The Villages of Briar Forest,0828,2x1,924,1209,02/10/2025,False
6664,The Villages of Briar Forest,0828,2x1,924,1209,02/11/2025,False
6665,The Villages of Briar Forest,0828,2x1,924,1209,02/12/2025,False
6666,The Villages of Briar Forest,0828,2x1,924,1209,02/13/2025,False
6667,The Villages of Briar Forest,0828,2x1,924,1260,02/14/2025,False
6668,The Villages of Briar Forest,0828,2x1,924,1260,02/15/2025,False
6669,The Villages of Briar Forest,0828,2x1,924,1260,02/16/2025,False
6670,The Villages of Briar Forest,0828,2x1,924,1260,02/17/2025,False
6671,The Villages of Briar Forest,0828,2x1,924,1260,02/18/2025,False
6672,The Villages of Briar Forest,0828,2x1,924,1260,02/19/2025,False
6673,The Villages of Briar Forest,0828,2x1,924,1322,02/20/2025,False
6674,The Villages of Briar Forest,0828,2x1,924,1254,02/21/2025,False
6675,The Villages of Briar Forest,0828,2x1,924,1254,02/22/2025,False
6676,The Villages of Briar Forest,0828,2x1,924,1254,02/23/2025,False
6677,The Villages of Briar Forest,0828,2x1,924,1254,02/24/2025,True
6678,The Villages of Briar Forest,0911,2x2,1138,1471,11/01/2023,False
6679,The Villages of Briar Forest,0911,2x2,1138,1471,11/02/2023,False
6680,The Villages of Briar Forest,0911,2x2,1138,1406,11/03/2023,False
6681,The Villages of Briar Forest,0911,2x2,1138,1406,11/04/2023,False
6682,The Villages of Briar Forest,0911,2x2,1138,1406,11/05/2023,False
6683,The Villages of Briar Forest,0911,2x2,1138,1406,11/06/2023,False
6684,The Villages of Briar Forest,0911,2x2,1138,1406,11/07/2023,False
6685,The Villages of Briar Forest,0911,2x2,1138,1406,11/08/2023,False
6686,The Villages of Briar Forest,0911,2x2,1138,1406,11/09/2023,False
6687,The Villages of Briar Forest,0911,2x2,1138,1406,11/10/2023,True
6688,The Villages of Briar Forest,0911,2x2,1138,1561,11/18/2024,False
6689,The Villages of Briar Forest,0911,2x2,1138,1561,11/19/2024,False
6690,The Villages of Briar Forest,0911,2x2,1138,1551,11/20/2024,False
6691,The Villages of Briar Forest,0911,2x2,1138,1541,11/21/2024,False
6692,The Villages of Briar Forest,0911,2x2,1138,1531,11/22/2024,False
6693,The Villages of Briar Forest,0911,2x2,1138,1411,11/23/2024,False
6694,The Villages of Briar Forest,0911,2x2,1138,1416,11/24/2024,False
6695,The Villages of Briar Forest,0911,2x2,1138,1421,11/25/2024,False
6696,The Villages of Briar Forest,0911,2x2,1138,1491,11/26/2024,False
6697,The Villages of Briar Forest,0911,2x2,1138,1421,11/27/2024,False
6698,The Villages of Briar Forest,0911,2x2,1138,1421,11/28/2024,False
6699,The Villages of Briar Forest,0911,2x2,1138,1421,11/29/2024,False
6700,The Villages of Briar Forest,0911,2x2,1138,1416,11/30/2024,False
6701,The Villages of Briar Forest,0911,2x2,1138,1426,12/01/2024,False
6702,The Villages of Briar Forest,0911,2x2,1138,1426,12/02/2024,False
6703,The Villages of Briar Forest,0911,2x2,1138,1441,12/03/2024,False
6704,The Villages of Briar Forest,0911,2x2,1138,1431,12/04/2024,False
6705,The Villages of Briar Forest,0911,2x2,1138,1441,12/05/2024,False
6706,The Villages of Briar Forest,0911,2x2,1138,1421,12/06/2024,False
6707,The Villages of Briar Forest,0911,2x2,1138,1406,12/07/2024,False
6708,The Villages of Briar Forest,0911,2x2,1138,1406,12/08/2024,False
6709,The Villages of Briar Forest,0911,2x2,1138,1401,12/09/2024,False
6710,The Villages of Briar Forest,0911,2x2,1138,1401,12/10/2024,False
6711,The Villages of Briar Forest,0911,2x2,1138,1401,12/11/2024,False
6712,The Villages of Briar Forest,0911,2x2,1138,1431,12/12/2024,False
6713,The Villages of Briar Forest,0911,2x2,1138,1471,12/13/2024,False
6714,The Villages of Briar Forest,0911,2x2,1138,1481,12/14/2024,False
6715,The Villages of Briar Forest,0911,2x2,1138,1491,12/15/2024,False
6716,The Villages of Briar Forest,0911,2x2,1138,1476,12/16/2024,False
6717,The Villages of Briar Forest,0911,2x2,1138,1486,12/17/2024,False
6718,The Villages of Briar Forest,0911,2x2,1138,1556,12/18/2024,False
6719,The Villages of Briar Forest,0911,2x2,1138,1566,12/19/2024,False
6720,The Villages of Briar Forest,0911,2x2,1138,1541,12/20/2024,False
6721,The Villages of Briar Forest,0911,2x2,1138,1541,12/21/2024,True
6722,The Villages of Briar Forest,0913,1x1,817,1164,08/12/2023,False
6723,The Villages of Briar Forest,0913,1x1,817,1164,08/13/2023,False
6724,The Villages of Briar Forest,0913,1x1,817,1164,08/14/2023,False
6725,The Villages of Briar Forest,0913,1x1,817,1164,08/15/2023,False
6726,The Villages of Briar Forest,0913,1x1,817,1227,08/16/2023,False
6727,The Villages of Briar Forest,0913,1x1,817,1227,08/17/2023,False
6728,The Villages of Briar Forest,0913,1x1,817,1272,08/18/2023,False
6729,The Villages of Briar Forest,0913,1x1,817,1272,08/19/2023,False
6730,The Villages of Briar Forest,0913,1x1,817,1272,08/20/2023,False
6731,The Villages of Briar Forest,0913,1x1,817,1272,08/21/2023,False
6732,The Villages of Briar Forest,0913,1x1,817,1272,08/22/2023,False
6733,The Villages of Briar Forest,0913,1x1,817,1272,08/23/2023,False
6734,The Villages of Briar Forest,0913,1x1,817,1272,08/24/2023,False
6735,The Villages of Briar Forest,0913,1x1,817,1272,08/25/2023,False
6736,The Villages of Briar Forest,0913,1x1,817,1272,08/26/2023,False
6737,The Villages of Briar Forest,0913,1x1,817,1272,08/27/2023,False
6738,The Villages of Briar Forest,0913,1x1,817,1272,08/28/2023,False
6739,The Villages of Briar Forest,0913,1x1,817,1272,08/29/2023,False
6740,The Villages of Briar Forest,0913,1x1,817,1272,08/30/2023,False
6741,The Villages of Briar Forest,0913,1x1,817,1272,08/31/2023,False
6742,The Villages of Briar Forest,0913,1x1,817,1272,09/01/2023,False
6743,The Villages of Briar Forest,0913,1x1,817,1272,09/02/2023,False
6744,The Villages of Briar Forest,0913,1x1,817,1272,09/03/2023,False
6745,The Villages of Briar Forest,0913,1x1,817,1272,09/04/2023,False
6746,The Villages of Briar Forest,0913,1x1,817,1272,09/05/2023,False
6747,The Villages of Briar Forest,0913,1x1,817,1272,09/06/2023,False
6748,The Villages of Briar Forest,0913,1x1,817,1272,09/07/2023,False
6749,The Villages of Briar Forest,0913,1x1,817,1272,09/08/2023,False
6750,The Villages of Briar Forest,0913,1x1,817,1272,09/09/2023,False
6751,The Villages of Briar Forest,0913,1x1,817,1272,09/10/2023,False
6752,The Villages of Briar Forest,0913,1x1,817,1272,09/11/2023,False
6753,The Villages of Briar Forest,0913,1x1,817,1272,09/12/2023,False
6754,The Villages of Briar Forest,0913,1x1,817,1272,09/13/2023,False
6755,The Villages of Briar Forest,0913,1x1,817,1272,09/14/2023,False
6756,The Villages of Briar Forest,0913,1x1,817,1217,09/15/2023,False
6757,The Villages of Briar Forest,0913,1x1,817,1247,09/16/2023,False
6758,The Villages of Briar Forest,0913,1x1,817,1247,09/17/2023,False
6759,The Villages of Briar Forest,0913,1x1,817,1247,09/18/2023,False
6760,The Villages of Briar Forest,0913,1x1,817,1247,09/19/2023,False
6761,The Villages of Briar Forest,0913,1x1,817,1247,09/20/2023,False
6762,The Villages of Briar Forest,0913,1x1,817,1247,09/21/2023,False
6763,The Villages of Briar Forest,0913,1x1,817,1237,09/22/2023,False
6764,The Villages of Briar Forest,0913,1x1,817,1237,09/23/2023,False
6765,The Villages of Briar Forest,0913,1x1,817,1237,09/24/2023,False
6766,The Villages of Briar Forest,0913,1x1,817,1237,09/25/2023,False
6767,The Villages of Briar Forest,0913,1x1,817,1237,09/26/2023,False
6768,The Villages of Briar Forest,0913,1x1,817,1237,09/27/2023,False
6769,The Villages of Briar Forest,0913,1x1,817,1237,09/28/2023,False
6770,The Villages of Briar Forest,0913,1x1,817,1237,09/29/2023,False
6771,The Villages of Briar Forest,0913,1x1,817,1187,09/30/2023,False
6772,The Villages of Briar Forest,0913,1x1,817,1177,10/01/2023,False
6773,The Villages of Briar Forest,0913,1x1,817,1171,10/02/2023,False
6774,The Villages of Briar Forest,0913,1x1,817,1171,10/03/2023,False
6775,The Villages of Briar Forest,0913,1x1,817,1171,10/04/2023,False
6776,The Villages of Briar Forest,0913,1x1,817,1108,10/05/2023,False
6777,The Villages of Briar Forest,0913,1x1,817,1134,10/06/2023,False
6778,The Villages of Briar Forest,0913,1x1,817,1052,10/07/2023,False
6779,The Villages of Briar Forest,0913,1x1,817,1052,10/08/2023,False
6780,The Villages of Briar Forest,0913,1x1,817,1052,10/09/2023,False
6781,The Villages of Briar Forest,0913,1x1,817,1052,10/10/2023,False
6782,The Villages of Briar Forest,0913,1x1,817,1052,10/11/2023,False
6783,The Villages of Briar Forest,0913,1x1,817,1052,10/12/2023,False
6784,The Villages of Briar Forest,0913,1x1,817,1052,10/13/2023,False
6785,The Villages of Briar Forest,0913,1x1,817,1102,10/14/2023,False
6786,The Villages of Briar Forest,0913,1x1,817,1102,10/15/2023,False
6787,The Villages of Briar Forest,0913,1x1,817,1102,10/16/2023,False
6788,The Villages of Briar Forest,0913,1x1,817,1102,10/17/2023,False
6789,The Villages of Briar Forest,0913,1x1,817,1102,10/18/2023,False
6790,The Villages of Briar Forest,0913,1x1,817,1102,10/19/2023,False
6791,The Villages of Briar Forest,0913,1x1,817,1102,10/20/2023,False
6792,The Villages of Briar Forest,0913,1x1,817,1102,10/21/2023,False
6793,The Villages of Briar Forest,0913,1x1,817,1102,10/22/2023,False
6794,The Villages of Briar Forest,0913,1x1,817,1102,10/23/2023,False
6795,The Villages of Briar Forest,0913,1x1,817,1102,10/24/2023,False
6796,The Villages of Briar Forest,0913,1x1,817,1102,10/25/2023,False
6797,The Villages of Briar Forest,0913,1x1,817,1102,10/26/2023,False
6798,The Villages of Briar Forest,0913,1x1,817,1102,10/27/2023,False
6799,The Villages of Briar Forest,0913,1x1,817,1102,10/28/2023,False
6800,The Villages of Briar Forest,0913,1x1,817,1102,10/29/2023,False
6801,The Villages of Briar Forest,0913,1x1,817,1102,10/30/2023,False
6802,The Villages of Briar Forest,0913,1x1,817,1102,10/31/2023,False
6803,The Villages of Briar Forest,0913,1x1,817,1165,11/01/2023,False
6804,The Villages of Briar Forest,0913,1x1,817,1165,11/02/2023,False
6805,The Villages of Briar Forest,0913,1x1,817,1165,11/03/2023,False
6806,The Villages of Briar Forest,0913,1x1,817,1165,11/04/2023,False
6807,The Villages of Briar Forest,0913,1x1,817,1165,11/05/2023,False
6808,The Villages of Briar Forest,0913,1x1,817,1165,11/06/2023,False
6809,The Villages of Briar Forest,0913,1x1,817,1165,11/07/2023,False
6810,The Villages of Briar Forest,0913,1x1,817,1205,11/08/2023,False
6811,The Villages of Briar Forest,0913,1x1,817,1205,11/09/2023,True
6812,The Villages of Briar Forest,0914,2x2,1138,1691,09/27/2023,False
6813,The Villages of Briar Forest,0914,2x2,1138,1691,09/28/2023,False
6814,The Villages of Briar Forest,0914,2x2,1138,1691,09/29/2023,False
6815,The Villages of Briar Forest,0914,2x2,1138,1691,09/30/2023,False
6816,The Villages of Briar Forest,0914,2x2,1138,1691,10/01/2023,False
6817,The Villages of Briar Forest,0914,2x2,1138,1691,10/02/2023,False
6818,The Villages of Briar Forest,0914,2x2,1138,1691,10/03/2023,True
6819,The Villages of Briar Forest,0915,2x2,1138,1601,03/23/2024,False
6820,The Villages of Briar Forest,0915,2x2,1138,1601,03/24/2024,False
6821,The Villages of Briar Forest,0915,2x2,1138,1601,03/25/2024,False
6822,The Villages of Briar Forest,0915,2x2,1138,1601,03/26/2024,False
6823,The Villages of Briar Forest,0915,2x2,1138,1601,03/27/2024,False
6824,The Villages of Briar Forest,0915,2x2,1138,1601,03/28/2024,False
6825,The Villages of Briar Forest,0915,2x2,1138,1601,03/29/2024,False
6826,The Villages of Briar Forest,0915,2x2,1138,1601,03/30/2024,False
6827,The Villages of Briar Forest,0915,2x2,1138,1596,03/31/2024,False
6828,The Villages of Briar Forest,0915,2x2,1138,1596,04/01/2024,False
6829,The Villages of Briar Forest,0915,2x2,1138,1596,04/02/2024,False
6830,The Villages of Briar Forest,0915,2x2,1138,1596,04/03/2024,False
6831,The Villages of Briar Forest,0915,2x2,1138,1596,04/04/2024,False
6832,The Villages of Briar Forest,0915,2x2,1138,1596,04/05/2024,False
6833,The Villages of Briar Forest,0915,2x2,1138,1651,04/06/2024,False
6834,The Villages of Briar Forest,0915,2x2,1138,1651,04/07/2024,False
6835,The Villages of Briar Forest,0915,2x2,1138,1651,04/08/2024,False
6836,The Villages of Briar Forest,0915,2x2,1138,1656,04/09/2024,False
6837,The Villages of Briar Forest,0915,2x2,1138,1656,04/10/2024,False
6838,The Villages of Briar Forest,0915,2x2,1138,1656,04/11/2024,False
6839,The Villages of Briar Forest,0915,2x2,1138,1656,04/12/2024,False
6840,The Villages of Briar Forest,0915,2x2,1138,1606,04/13/2024,False
6841,The Villages of Briar Forest,0915,2x2,1138,1606,04/14/2024,False
6842,The Villages of Briar Forest,0915,2x2,1138,1606,04/15/2024,False
6843,The Villages of Briar Forest,0915,2x2,1138,1606,04/16/2024,False
6844,The Villages of Briar Forest,0915,2x2,1138,1606,04/17/2024,False
6845,The Villages of Briar Forest,0915,2x2,1138,1606,04/18/2024,False
6846,The Villages of Briar Forest,0915,2x2,1138,1606,04/19/2024,False
6847,The Villages of Briar Forest,0915,2x2,1138,1606,04/20/2024,False
6848,The Villages of Briar Forest,0915,2x2,1138,1606,04/21/2024,False
6849,The Villages of Briar Forest,0915,2x2,1138,1606,04/22/2024,False
6850,The Villages of Briar Forest,0915,2x2,1138,1606,04/23/2024,False
6851,The Villages of Briar Forest,0915,2x2,1138,1606,04/24/2024,False
6852,The Villages of Briar Forest,0915,2x2,1138,1606,04/25/2024,False
6853,The Villages of Briar Forest,0915,2x2,1138,1576,04/26/2024,False
6854,The Villages of Briar Forest,0915,2x2,1138,1576,04/27/2024,False
6855,The Villages of Briar Forest,0915,2x2,1138,1576,04/28/2024,False
6856,The Villages of Briar Forest,0915,2x2,1138,1576,04/29/2024,False
6857,The Villages of Briar Forest,0915,2x2,1138,1576,04/30/2024,False
6858,The Villages of Briar Forest,0915,2x2,1138,1576,05/01/2024,False
6859,The Villages of Briar Forest,0915,2x2,1138,1576,05/02/2024,False
6860,The Villages of Briar Forest,0915,2x2,1138,1576,05/03/2024,False
6861,The Villages of Briar Forest,0915,2x2,1138,1541,05/04/2024,False
6862,The Villages of Briar Forest,0915,2x2,1138,1541,05/05/2024,False
6863,The Villages of Briar Forest,0915,2x2,1138,1539,05/06/2024,False
6864,The Villages of Briar Forest,0915,2x2,1138,1539,05/07/2024,False
6865,The Villages of Briar Forest,0915,2x2,1138,1539,05/08/2024,False
6866,The Villages of Briar Forest,0915,2x2,1138,1539,05/09/2024,False
6867,The Villages of Briar Forest,0915,2x2,1138,1521,05/10/2024,False
6868,The Villages of Briar Forest,0915,2x2,1138,1491,05/11/2024,False
6869,The Villages of Briar Forest,0915,2x2,1138,1491,05/12/2024,False
6870,The Villages of Briar Forest,0915,2x2,1138,1491,05/13/2024,False
6871,The Villages of Briar Forest,0915,2x2,1138,1491,05/14/2024,False
6872,The Villages of Briar Forest,0915,2x2,1138,1491,05/15/2024,False
6873,The Villages of Briar Forest,0915,2x2,1138,1491,05/16/2024,False
6874,The Villages of Briar Forest,0915,2x2,1138,1491,05/17/2024,False
6875,The Villages of Briar Forest,0915,2x2,1138,1491,05/18/2024,False
6876,The Villages of Briar Forest,0915,2x2,1138,1491,05/19/2024,False
6877,The Villages of Briar Forest,0915,2x2,1138,1491,05/20/2024,False
6878,The Villages of Briar Forest,0915,2x2,1138,1491,05/21/2024,False
6879,The Villages of Briar Forest,0915,2x2,1138,1491,05/22/2024,False
6880,The Villages of Briar Forest,0915,2x2,1138,1491,05/23/2024,False
6881,The Villages of Briar Forest,0915,2x2,1138,1502,05/24/2024,False
6882,The Villages of Briar Forest,0915,2x2,1138,1501,05/25/2024,False
6883,The Villages of Briar Forest,0915,2x2,1138,1501,05/26/2024,False
6884,The Villages of Briar Forest,0915,2x2,1138,1501,05/27/2024,False
6885,The Villages of Briar Forest,0915,2x2,1138,1501,05/28/2024,False
6886,The Villages of Briar Forest,0915,2x2,1138,1501,05/29/2024,False
6887,The Villages of Briar Forest,0915,2x2,1138,1501,05/30/2024,False
6888,The Villages of Briar Forest,0915,2x2,1138,1501,05/31/2024,False
6889,The Villages of Briar Forest,0915,2x2,1138,1501,06/01/2024,False
6890,The Villages of Briar Forest,0915,2x2,1138,1501,06/02/2024,False
6891,The Villages of Briar Forest,0915,2x2,1138,1501,06/03/2024,False
6892,The Villages of Briar Forest,0915,2x2,1138,1501,06/04/2024,False
6893,The Villages of Briar Forest,0915,2x2,1138,1501,06/05/2024,False
6894,The Villages of Briar Forest,0915,2x2,1138,1501,06/06/2024,False
6895,The Villages of Briar Forest,0915,2x2,1138,1501,06/07/2024,False
6896,The Villages of Briar Forest,0915,2x2,1138,1501,06/08/2024,False
6897,The Villages of Briar Forest,0915,2x2,1138,1501,06/09/2024,False
6898,The Villages of Briar Forest,0915,2x2,1138,1501,06/10/2024,False
6899,The Villages of Briar Forest,0915,2x2,1138,1501,06/11/2024,False
6900,The Villages of Briar Forest,0915,2x2,1138,1501,06/12/2024,False
6901,The Villages of Briar Forest,0915,2x2,1138,1501,06/13/2024,False
6902,The Villages of Briar Forest,0915,2x2,1138,1501,06/14/2024,False
6903,The Villages of Briar Forest,0915,2x2,1138,1501,06/15/2024,False
6904,The Villages of Briar Forest,0915,2x2,1138,1501,06/16/2024,False
6905,The Villages of Briar Forest,0915,2x2,1138,1501,06/17/2024,False
6906,The Villages of Briar Forest,0915,2x2,1138,1501,06/18/2024,False
6907,The Villages of Briar Forest,0915,2x2,1138,1501,06/19/2024,False
6908,The Villages of Briar Forest,0915,2x2,1138,1501,06/20/2024,False
6909,The Villages of Briar Forest,0915,2x2,1138,1501,06/21/2024,False
6910,The Villages of Briar Forest,0915,2x2,1138,1501,06/22/2024,False
6911,The Villages of Briar Forest,0915,2x2,1138,1546,06/23/2024,False
6912,The Villages of Briar Forest,0915,2x2,1138,1526,06/24/2024,False
6913,The Villages of Briar Forest,0915,2x2,1138,1526,06/25/2024,False
6914,The Villages of Briar Forest,0915,2x2,1138,1526,06/26/2024,False
6915,The Villages of Briar Forest,0915,2x2,1138,1526,06/27/2024,False
6916,The Villages of Briar Forest,0915,2x2,1138,1506,06/28/2024,False
6917,The Villages of Briar Forest,0915,2x2,1138,1506,06/29/2024,False
6918,The Villages of Briar Forest,0915,2x2,1138,1506,06/30/2024,False
6919,The Villages of Briar Forest,0915,2x2,1138,1506,07/01/2024,False
6920,The Villages of Briar Forest,0915,2x2,1138,1428,07/02/2024,False
6921,The Villages of Briar Forest,0915,2x2,1138,1428,07/03/2024,False
6922,The Villages of Briar Forest,0915,2x2,1138,1428,07/04/2024,False
6923,The Villages of Briar Forest,0915,2x2,1138,1423,07/05/2024,False
6924,The Villages of Briar Forest,0915,2x2,1138,1423,07/06/2024,False
6925,The Villages of Briar Forest,0915,2x2,1138,1423,07/07/2024,False
6926,The Villages of Briar Forest,0915,2x2,1138,1423,07/08/2024,False
6927,The Villages of Briar Forest,0915,2x2,1138,1423,07/09/2024,False
6928,The Villages of Briar Forest,0915,2x2,1138,1423,07/10/2024,False
6929,The Villages of Briar Forest,0915,2x2,1138,1423,07/11/2024,False
6930,The Villages of Briar Forest,0915,2x2,1138,1423,07/12/2024,False
6931,The Villages of Briar Forest,0915,2x2,1138,1423,07/13/2024,False
6932,The Villages of Briar Forest,0915,2x2,1138,1423,07/14/2024,False
6933,The Villages of Briar Forest,0915,2x2,1138,1423,07/15/2024,False
6934,The Villages of Briar Forest,0915,2x2,1138,1423,07/16/2024,False
6935,The Villages of Briar Forest,0915,2x2,1138,1423,07/17/2024,False
6936,The Villages of Briar Forest,0915,2x2,1138,1423,07/18/2024,False
6937,The Villages of Briar Forest,0915,2x2,1138,1423,07/19/2024,False
6938,The Villages of Briar Forest,0915,2x2,1138,1423,07/20/2024,False
6939,The Villages of Briar Forest,0915,2x2,1138,1423,07/21/2024,False
6940,The Villages of Briar Forest,0915,2x2,1138,1423,07/22/2024,False
6941,The Villages of Briar Forest,0915,2x2,1138,1423,07/23/2024,False
6942,The Villages of Briar Forest,0915,2x2,1138,1423,07/24/2024,False
6943,The Villages of Briar Forest,0915,2x2,1138,1423,07/25/2024,False
6944,The Villages of Briar Forest,0915,2x2,1138,1423,07/26/2024,False
6945,The Villages of Briar Forest,0915,2x2,1138,1423,07/27/2024,False
6946,The Villages of Briar Forest,0915,2x2,1138,1423,07/28/2024,False
6947,The Villages of Briar Forest,0915,2x2,1138,1423,07/29/2024,False
6948,The Villages of Briar Forest,0915,2x2,1138,1423,07/30/2024,False
6949,The Villages of Briar Forest,0915,2x2,1138,1423,07/31/2024,False
6950,The Villages of Briar Forest,0915,2x2,1138,1368,08/01/2024,False
6951,The Villages of Briar Forest,0915,2x2,1138,1368,08/02/2024,True
6952,The Villages of Briar Forest,0916,1x1,817,1242,07/03/2024,False
6953,The Villages of Briar Forest,0916,1x1,817,1242,07/04/2024,False
6954,The Villages of Briar Forest,0916,1x1,817,1242,07/05/2024,False
6955,The Villages of Briar Forest,0916,1x1,817,1242,07/06/2024,False
6956,The Villages of Briar Forest,0916,1x1,817,1242,07/07/2024,False
6957,The Villages of Briar Forest,0916,1x1,817,1185,07/08/2024,False
6958,The Villages of Briar Forest,0916,1x1,817,1185,07/09/2024,False
6959,The Villages of Briar Forest,0916,1x1,817,1250,07/10/2024,False
6960,The Villages of Briar Forest,0916,1x1,817,1250,07/11/2024,False
6961,The Villages of Briar Forest,0916,1x1,817,1270,07/12/2024,False
6962,The Villages of Briar Forest,0916,1x1,817,1270,07/13/2024,False
6963,The Villages of Briar Forest,0916,1x1,817,1270,07/14/2024,False
6964,The Villages of Briar Forest,0916,1x1,817,1270,07/15/2024,False
6965,The Villages of Briar Forest,0916,1x1,817,1270,07/16/2024,False
6966,The Villages of Briar Forest,0916,1x1,817,1270,07/17/2024,False
6967,The Villages of Briar Forest,0916,1x1,817,1270,07/18/2024,False
6968,The Villages of Briar Forest,0916,1x1,817,1270,07/19/2024,False
6969,The Villages of Briar Forest,0916,1x1,817,1265,07/20/2024,False
6970,The Villages of Briar Forest,0916,1x1,817,1265,07/21/2024,False
6971,The Villages of Briar Forest,0916,1x1,817,1265,07/22/2024,False
6972,The Villages of Briar Forest,0916,1x1,817,1265,07/23/2024,False
6973,The Villages of Briar Forest,0916,1x1,817,1327,07/24/2024,False
6974,The Villages of Briar Forest,0916,1x1,817,1265,07/25/2024,False
6975,The Villages of Briar Forest,0916,1x1,817,1245,07/26/2024,False
6976,The Villages of Briar Forest,0916,1x1,817,1245,07/27/2024,False
6977,The Villages of Briar Forest,0916,1x1,817,1245,07/28/2024,False
6978,The Villages of Briar Forest,0916,1x1,817,1245,07/29/2024,False
6979,The Villages of Briar Forest,0916,1x1,817,1245,07/30/2024,False
6980,The Villages of Briar Forest,0916,1x1,817,1245,07/31/2024,False
6981,The Villages of Briar Forest,0916,1x1,817,1245,08/01/2024,False
6982,The Villages of Briar Forest,0916,1x1,817,1245,08/02/2024,False
6983,The Villages of Briar Forest,0916,1x1,817,1245,08/03/2024,False
6984,The Villages of Briar Forest,0916,1x1,817,1245,08/04/2024,False
6985,The Villages of Briar Forest,0916,1x1,817,1245,08/05/2024,False
6986,The Villages of Briar Forest,0916,1x1,817,1245,08/06/2024,False
6987,The Villages of Briar Forest,0916,1x1,817,1245,08/07/2024,False
6988,The Villages of Briar Forest,0916,1x1,817,1245,08/08/2024,False
6989,The Villages of Briar Forest,0916,1x1,817,1245,08/09/2024,False
6990,The Villages of Briar Forest,0916,1x1,817,1245,08/10/2024,False
6991,The Villages of Briar Forest,0916,1x1,817,1245,08/11/2024,False
6992,The Villages of Briar Forest,0916,1x1,817,1245,08/12/2024,False
6993,The Villages of Briar Forest,0916,1x1,817,1245,08/13/2024,False
6994,The Villages of Briar Forest,0916,1x1,817,1245,08/14/2024,False
6995,The Villages of Briar Forest,0916,1x1,817,1245,08/15/2024,False
6996,The Villages of Briar Forest,0916,1x1,817,1320,08/16/2024,False
6997,The Villages of Briar Forest,0916,1x1,817,1320,08/17/2024,False
6998,The Villages of Briar Forest,0916,1x1,817,1320,08/18/2024,False
6999,The Villages of Briar Forest,0916,1x1,817,1320,08/19/2024,False
7000,The Villages of Briar Forest,0916,1x1,817,1320,08/20/2024,False
7001,The Villages of Briar Forest,0916,1x1,817,1320,08/21/2024,False
7002,The Villages of Briar Forest,0916,1x1,817,1320,08/22/2024,False
7003,The Villages of Briar Forest,0916,1x1,817,1320,08/23/2024,False
7004,The Villages of Briar Forest,0916,1x1,817,1320,08/24/2024,False
7005,The Villages of Briar Forest,0916,1x1,817,1320,08/25/2024,False
7006,The Villages of Briar Forest,0916,1x1,817,1320,08/26/2024,False
7007,The Villages of Briar Forest,0916,1x1,817,1320,08/27/2024,False
7008,The Villages of Briar Forest,0916,1x1,817,1285,08/28/2024,False
7009,The Villages of Briar Forest,0916,1x1,817,1216,08/29/2024,False
7010,The Villages of Briar Forest,0916,1x1,817,1231,08/30/2024,False
7011,The Villages of Briar Forest,0916,1x1,817,1241,08/31/2024,False
7012,The Villages of Briar Forest,0916,1x1,817,1241,09/01/2024,False
7013,The Villages of Briar Forest,0916,1x1,817,1241,09/02/2024,False
7014,The Villages of Briar Forest,0916,1x1,817,1241,09/03/2024,False
7015,The Villages of Briar Forest,0916,1x1,817,1241,09/04/2024,False
7016,The Villages of Briar Forest,0916,1x1,817,1241,09/05/2024,False
7017,The Villages of Briar Forest,0916,1x1,817,1241,09/06/2024,True
7018,The Villages of Briar Forest,0916,1x1,817,1420,03/25/2025,False
7019,The Villages of Briar Forest,0916,1x1,817,1420,03/26/2025,False
7020,The Villages of Briar Forest,0916,1x1,817,1420,03/27/2025,False
7021,The Villages of Briar Forest,0916,1x1,817,1420,03/28/2025,False
7022,The Villages of Briar Forest,0916,1x1,817,1420,03/29/2025,False
7023,The Villages of Briar Forest,0916,1x1,817,1420,03/30/2025,False
7024,The Villages of Briar Forest,0916,1x1,817,1420,03/31/2025,False
7025,The Villages of Briar Forest,0916,1x1,817,1420,04/01/2025,True
7026,The Villages of Briar Forest,0917,1x1,817,1270,08/18/2023,False
7027,The Villages of Briar Forest,0917,1x1,817,1272,08/19/2023,False
7028,The Villages of Briar Forest,0917,1x1,817,1272,08/20/2023,False
7029,The Villages of Briar Forest,0917,1x1,817,1272,08/21/2023,False
7030,The Villages of Briar Forest,0917,1x1,817,1272,08/22/2023,False
7031,The Villages of Briar Forest,0917,1x1,817,1272,08/23/2023,False
7032,The Villages of Briar Forest,0917,1x1,817,1272,08/24/2023,False
7033,The Villages of Briar Forest,0917,1x1,817,1272,08/25/2023,False
7034,The Villages of Briar Forest,0917,1x1,817,1272,08/26/2023,False
7035,The Villages of Briar Forest,0917,1x1,817,1272,08/27/2023,False
7036,The Villages of Briar Forest,0917,1x1,817,1272,08/28/2023,False
7037,The Villages of Briar Forest,0917,1x1,817,1272,08/29/2023,False
7038,The Villages of Briar Forest,0917,1x1,817,1272,08/30/2023,False
7039,The Villages of Briar Forest,0917,1x1,817,1272,08/31/2023,False
7040,The Villages of Briar Forest,0917,1x1,817,1272,09/01/2023,False
7041,The Villages of Briar Forest,0917,1x1,817,1272,09/02/2023,False
7042,The Villages of Briar Forest,0917,1x1,817,1272,09/03/2023,False
7043,The Villages of Briar Forest,0917,1x1,817,1272,09/04/2023,False
7044,The Villages of Briar Forest,0917,1x1,817,1272,09/05/2023,False
7045,The Villages of Briar Forest,0917,1x1,817,1272,09/06/2023,False
7046,The Villages of Briar Forest,0917,1x1,817,1272,09/07/2023,False
7047,The Villages of Briar Forest,0917,1x1,817,1272,09/08/2023,False
7048,The Villages of Briar Forest,0917,1x1,817,1272,09/09/2023,False
7049,The Villages of Briar Forest,0917,1x1,817,1272,09/10/2023,False
7050,The Villages of Briar Forest,0917,1x1,817,1272,09/11/2023,False
7051,The Villages of Briar Forest,0917,1x1,817,1272,09/12/2023,False
7052,The Villages of Briar Forest,0917,1x1,817,1272,09/13/2023,False
7053,The Villages of Briar Forest,0917,1x1,817,1272,09/14/2023,False
7054,The Villages of Briar Forest,0917,1x1,817,1272,09/15/2023,False
7055,The Villages of Briar Forest,0917,1x1,817,1272,09/16/2023,False
7056,The Villages of Briar Forest,0917,1x1,817,1272,09/17/2023,False
7057,The Villages of Briar Forest,0917,1x1,817,1272,09/18/2023,False
7058,The Villages of Briar Forest,0917,1x1,817,1272,09/19/2023,False
7059,The Villages of Briar Forest,0917,1x1,817,1272,09/20/2023,False
7060,The Villages of Briar Forest,0917,1x1,817,1247,09/21/2023,False
7061,The Villages of Briar Forest,0917,1x1,817,1237,09/22/2023,False
7062,The Villages of Briar Forest,0917,1x1,817,1237,09/23/2023,False
7063,The Villages of Briar Forest,0917,1x1,817,1237,09/24/2023,False
7064,The Villages of Briar Forest,0917,1x1,817,1237,09/25/2023,False
7065,The Villages of Briar Forest,0917,1x1,817,1237,09/26/2023,False
7066,The Villages of Briar Forest,0917,1x1,817,1237,09/27/2023,False
7067,The Villages of Briar Forest,0917,1x1,817,1237,09/28/2023,False
7068,The Villages of Briar Forest,0917,1x1,817,1237,09/29/2023,False
7069,The Villages of Briar Forest,0917,1x1,817,1187,09/30/2023,False
7070,The Villages of Briar Forest,0917,1x1,817,1177,10/01/2023,False
7071,The Villages of Briar Forest,0917,1x1,817,1171,10/02/2023,False
7072,The Villages of Briar Forest,0917,1x1,817,1171,10/03/2023,False
7073,The Villages of Briar Forest,0917,1x1,817,1171,10/04/2023,False
7074,The Villages of Briar Forest,0917,1x1,817,1108,10/05/2023,False
7075,The Villages of Briar Forest,0917,1x1,817,1134,10/06/2023,False
7076,The Villages of Briar Forest,0917,1x1,817,1052,10/07/2023,False
7077,The Villages of Briar Forest,0917,1x1,817,1052,10/08/2023,False
7078,The Villages of Briar Forest,0917,1x1,817,1052,10/09/2023,False
7079,The Villages of Briar Forest,0917,1x1,817,1052,10/10/2023,False
7080,The Villages of Briar Forest,0917,1x1,817,1052,10/11/2023,False
7081,The Villages of Briar Forest,0917,1x1,817,1052,10/12/2023,False
7082,The Villages of Briar Forest,0917,1x1,817,1052,10/13/2023,False
7083,The Villages of Briar Forest,0917,1x1,817,1048,10/14/2023,False
7084,The Villages of Briar Forest,0917,1x1,817,1048,10/15/2023,False
7085,The Villages of Briar Forest,0917,1x1,817,1048,10/16/2023,False
7086,The Villages of Briar Forest,0917,1x1,817,1048,10/17/2023,False
7087,The Villages of Briar Forest,0917,1x1,817,1048,10/18/2023,False
7088,The Villages of Briar Forest,0917,1x1,817,1048,10/19/2023,False
7089,The Villages of Briar Forest,0917,1x1,817,1048,10/20/2023,False
7090,The Villages of Briar Forest,0917,1x1,817,1048,10/21/2023,False
7091,The Villages of Briar Forest,0917,1x1,817,1048,10/22/2023,False
7092,The Villages of Briar Forest,0917,1x1,817,1048,10/23/2023,False
7093,The Villages of Briar Forest,0917,1x1,817,1048,10/24/2023,False
7094,The Villages of Briar Forest,0917,1x1,817,1048,10/25/2023,False
7095,The Villages of Briar Forest,0917,1x1,817,1048,10/26/2023,False
7096,The Villages of Briar Forest,0917,1x1,817,1048,10/27/2023,False
7097,The Villages of Briar Forest,0917,1x1,817,1048,10/28/2023,False
7098,The Villages of Briar Forest,0917,1x1,817,1048,10/29/2023,False
7099,The Villages of Briar Forest,0917,1x1,817,1048,10/30/2023,False
7100,The Villages of Briar Forest,0917,1x1,817,1048,10/31/2023,False
7101,The Villages of Briar Forest,0917,1x1,817,1110,11/01/2023,False
7102,The Villages of Briar Forest,0917,1x1,817,1110,11/02/2023,False
7103,The Villages of Briar Forest,0917,1x1,817,1110,11/03/2023,False
7104,The Villages of Briar Forest,0917,1x1,817,1110,11/04/2023,False
7105,The Villages of Briar Forest,0917,1x1,817,1110,11/05/2023,False
7106,The Villages of Briar Forest,0917,1x1,817,1110,11/06/2023,False
7107,The Villages of Briar Forest,0917,1x1,817,1110,11/07/2023,False
7108,The Villages of Briar Forest,0917,1x1,817,1150,11/08/2023,False
7109,The Villages of Briar Forest,0917,1x1,817,1150,11/09/2023,False
7110,The Villages of Briar Forest,0917,1x1,817,1150,11/10/2023,False
7111,The Villages of Briar Forest,0917,1x1,817,1150,11/11/2023,False
7112,The Villages of Briar Forest,0917,1x1,817,1150,11/12/2023,False
7113,The Villages of Briar Forest,0917,1x1,817,1150,11/13/2023,False
7114,The Villages of Briar Forest,0917,1x1,817,1150,11/14/2023,False
7115,The Villages of Briar Forest,0917,1x1,817,1150,11/15/2023,False
7116,The Villages of Briar Forest,0917,1x1,817,1150,11/16/2023,False
7117,The Villages of Briar Forest,0917,1x1,817,1130,11/17/2023,False
7118,The Villages of Briar Forest,0917,1x1,817,1130,11/18/2023,False
7119,The Villages of Briar Forest,0917,1x1,817,1130,11/19/2023,False
7120,The Villages of Briar Forest,0917,1x1,817,1130,11/20/2023,False
7121,The Villages of Briar Forest,0917,1x1,817,1130,11/21/2023,False
7122,The Villages of Briar Forest,0917,1x1,817,1130,11/22/2023,False
7123,The Villages of Briar Forest,0917,1x1,817,1185,11/23/2023,False
7124,The Villages of Briar Forest,0917,1x1,817,1170,11/24/2023,False
7125,The Villages of Briar Forest,0917,1x1,817,1170,11/25/2023,False
7126,The Villages of Briar Forest,0917,1x1,817,1170,11/26/2023,False
7127,The Villages of Briar Forest,0917,1x1,817,1170,11/27/2023,False
7128,The Villages of Briar Forest,0917,1x1,817,1170,11/28/2023,False
7129,The Villages of Briar Forest,0917,1x1,817,1170,11/29/2023,False
7130,The Villages of Briar Forest,0917,1x1,817,1170,11/30/2023,False
7131,The Villages of Briar Forest,0917,1x1,817,1250,12/01/2023,False
7132,The Villages of Briar Forest,0917,1x1,817,1250,12/02/2023,False
7133,The Villages of Briar Forest,0917,1x1,817,1250,12/03/2023,False
7134,The Villages of Briar Forest,0917,1x1,817,1250,12/04/2023,False
7135,The Villages of Briar Forest,0917,1x1,817,1250,12/05/2023,False
7136,The Villages of Briar Forest,0917,1x1,817,1250,12/06/2023,False
7137,The Villages of Briar Forest,0917,1x1,817,1250,12/07/2023,False
7138,The Villages of Briar Forest,0917,1x1,817,1300,12/08/2023,False
7139,The Villages of Briar Forest,0917,1x1,817,1300,12/09/2023,False
7140,The Villages of Briar Forest,0917,1x1,817,1300,12/10/2023,False
7141,The Villages of Briar Forest,0917,1x1,817,1300,12/11/2023,False
7142,The Villages of Briar Forest,0917,1x1,817,1300,12/12/2023,False
7143,The Villages of Briar Forest,0917,1x1,817,1300,12/13/2023,False
7144,The Villages of Briar Forest,0917,1x1,817,1300,12/14/2023,False
7145,The Villages of Briar Forest,0917,1x1,817,1300,12/15/2023,False
7146,The Villages of Briar Forest,0917,1x1,817,1300,12/16/2023,False
7147,The Villages of Briar Forest,0917,1x1,817,1300,12/17/2023,False
7148,The Villages of Briar Forest,0917,1x1,817,1300,12/18/2023,False
7149,The Villages of Briar Forest,0917,1x1,817,1300,12/19/2023,False
7150,The Villages of Briar Forest,0917,1x1,817,1300,12/20/2023,False
7151,The Villages of Briar Forest,0917,1x1,817,1300,12/21/2023,False
7152,The Villages of Briar Forest,0917,1x1,817,1300,12/22/2023,False
7153,The Villages of Briar Forest,0917,1x1,817,1300,12/23/2023,False
7154,The Villages of Briar Forest,0917,1x1,817,1300,12/24/2023,False
7155,The Villages of Briar Forest,0917,1x1,817,1300,12/25/2023,False
7156,The Villages of Briar Forest,0917,1x1,817,1300,12/26/2023,False
7157,The Villages of Briar Forest,0917,1x1,817,1300,12/27/2023,False
7158,The Villages of Briar Forest,0917,1x1,817,1300,12/28/2023,False
7159,The Villages of Briar Forest,0917,1x1,817,1300,12/29/2023,False
7160,The Villages of Briar Forest,0917,1x1,817,1240,12/30/2023,False
7161,The Villages of Briar Forest,0917,1x1,817,1240,12/31/2023,False
7162,The Villages of Briar Forest,0917,1x1,817,1240,01/01/2024,False
7163,The Villages of Briar Forest,0917,1x1,817,1240,01/02/2024,False
7164,The Villages of Briar Forest,0917,1x1,817,1240,01/03/2024,False
7165,The Villages of Briar Forest,0917,1x1,817,1240,01/04/2024,False
7166,The Villages of Briar Forest,0917,1x1,817,1240,01/05/2024,False
7167,The Villages of Briar Forest,0917,1x1,817,1245,01/06/2024,False
7168,The Villages of Briar Forest,0917,1x1,817,1245,01/07/2024,False
7169,The Villages of Briar Forest,0917,1x1,817,1245,01/08/2024,False
7170,The Villages of Briar Forest,0917,1x1,817,1245,01/09/2024,False
7171,The Villages of Briar Forest,0917,1x1,817,1245,01/10/2024,False
7172,The Villages of Briar Forest,0917,1x1,817,1245,01/11/2024,False
7173,The Villages of Briar Forest,0917,1x1,817,1245,01/12/2024,False
7174,The Villages of Briar Forest,0917,1x1,817,1275,01/13/2024,False
7175,The Villages of Briar Forest,0917,1x1,817,1295,01/14/2024,False
7176,The Villages of Briar Forest,0917,1x1,817,1295,01/15/2024,False
7177,The Villages of Briar Forest,0917,1x1,817,1295,01/16/2024,False
7178,The Villages of Briar Forest,0917,1x1,817,1295,01/17/2024,False
7179,The Villages of Briar Forest,0917,1x1,817,1295,01/18/2024,False
7180,The Villages of Briar Forest,0917,1x1,817,1295,01/19/2024,False
7181,The Villages of Briar Forest,0917,1x1,817,1245,01/20/2024,False
7182,The Villages of Briar Forest,0917,1x1,817,1245,01/21/2024,False
7183,The Villages of Briar Forest,0917,1x1,817,1245,01/22/2024,False
7184,The Villages of Briar Forest,0917,1x1,817,1245,01/23/2024,False
7185,The Villages of Briar Forest,0917,1x1,817,1245,01/24/2024,False
7186,The Villages of Briar Forest,0917,1x1,817,1245,01/25/2024,False
7187,The Villages of Briar Forest,0917,1x1,817,1220,01/26/2024,False
7188,The Villages of Briar Forest,0917,1x1,817,1220,01/27/2024,False
7189,The Villages of Briar Forest,0917,1x1,817,1220,01/28/2024,False
7190,The Villages of Briar Forest,0917,1x1,817,1220,01/29/2024,False
7191,The Villages of Briar Forest,0917,1x1,817,1220,01/30/2024,False
7192,The Villages of Briar Forest,0917,1x1,817,1325,01/31/2024,False
7193,The Villages of Briar Forest,0917,1x1,817,1325,02/01/2024,False
7194,The Villages of Briar Forest,0917,1x1,817,1325,02/02/2024,False
7195,The Villages of Briar Forest,0917,1x1,817,1300,02/03/2024,False
7196,The Villages of Briar Forest,0917,1x1,817,1300,02/04/2024,False
7197,The Villages of Briar Forest,0917,1x1,817,1300,02/05/2024,False
7198,The Villages of Briar Forest,0917,1x1,817,1300,02/06/2024,False
7199,The Villages of Briar Forest,0917,1x1,817,1300,02/07/2024,False
7200,The Villages of Briar Forest,0917,1x1,817,1300,02/08/2024,False
7201,The Villages of Briar Forest,0917,1x1,817,1300,02/09/2024,False
7202,The Villages of Briar Forest,0917,1x1,817,1240,02/10/2024,False
7203,The Villages of Briar Forest,0917,1x1,817,1240,02/11/2024,False
7204,The Villages of Briar Forest,0917,1x1,817,1240,02/12/2024,False
7205,The Villages of Briar Forest,0917,1x1,817,1240,02/13/2024,False
7206,The Villages of Briar Forest,0917,1x1,817,1260,02/14/2024,False
7207,The Villages of Briar Forest,0917,1x1,817,1260,02/15/2024,False
7208,The Villages of Briar Forest,0917,1x1,817,1260,02/16/2024,False
7209,The Villages of Briar Forest,0917,1x1,817,1255,02/17/2024,False
7210,The Villages of Briar Forest,0917,1x1,817,1255,02/18/2024,False
7211,The Villages of Briar Forest,0917,1x1,817,1255,02/19/2024,False
7212,The Villages of Briar Forest,0917,1x1,817,1255,02/20/2024,False
7213,The Villages of Briar Forest,0917,1x1,817,1255,02/21/2024,False
7214,The Villages of Briar Forest,0917,1x1,817,1255,02/22/2024,False
7215,The Villages of Briar Forest,0917,1x1,817,1255,02/23/2024,False
7216,The Villages of Briar Forest,0917,1x1,817,1255,02/24/2024,False
7217,The Villages of Briar Forest,0917,1x1,817,1255,02/25/2024,False
7218,The Villages of Briar Forest,0917,1x1,817,1208,02/26/2024,False
7219,The Villages of Briar Forest,0917,1x1,817,1213,02/27/2024,False
7220,The Villages of Briar Forest,0917,1x1,817,1213,02/28/2024,False
7221,The Villages of Briar Forest,0917,1x1,817,1240,02/29/2024,False
7222,The Villages of Briar Forest,0917,1x1,817,1240,03/01/2024,False
7223,The Villages of Briar Forest,0917,1x1,817,1230,03/02/2024,False
7224,The Villages of Briar Forest,0917,1x1,817,1230,03/03/2024,False
7225,The Villages of Briar Forest,0917,1x1,817,1230,03/04/2024,False
7226,The Villages of Briar Forest,0917,1x1,817,1230,03/05/2024,False
7227,The Villages of Briar Forest,0917,1x1,817,1230,03/06/2024,False
7228,The Villages of Briar Forest,0917,1x1,817,1230,03/07/2024,False
7229,The Villages of Briar Forest,0917,1x1,817,1230,03/08/2024,False
7230,The Villages of Briar Forest,0917,1x1,817,1225,03/09/2024,False
7231,The Villages of Briar Forest,0917,1x1,817,1225,03/10/2024,False
7232,The Villages of Briar Forest,0917,1x1,817,1225,03/11/2024,False
7233,The Villages of Briar Forest,0917,1x1,817,1225,03/12/2024,False
7234,The Villages of Briar Forest,0917,1x1,817,1225,03/13/2024,False
7235,The Villages of Briar Forest,0917,1x1,817,1225,03/14/2024,False
7236,The Villages of Briar Forest,0917,1x1,817,1225,03/15/2024,False
7237,The Villages of Briar Forest,0917,1x1,817,1255,03/16/2024,False
7238,The Villages of Briar Forest,0917,1x1,817,1255,03/17/2024,False
7239,The Villages of Briar Forest,0917,1x1,817,1255,03/18/2024,False
7240,The Villages of Briar Forest,0917,1x1,817,1255,03/19/2024,False
7241,The Villages of Briar Forest,0917,1x1,817,1255,03/20/2024,True
7242,The Villages of Briar Forest,0918,2x2,1138,1516,12/12/2023,False
7243,The Villages of Briar Forest,0918,2x2,1138,1516,12/13/2023,False
7244,The Villages of Briar Forest,0918,2x2,1138,1516,12/14/2023,False
7245,The Villages of Briar Forest,0918,2x2,1138,1516,12/15/2023,False
7246,The Villages of Briar Forest,0918,2x2,1138,1516,12/16/2023,False
7247,The Villages of Briar Forest,0918,2x2,1138,1516,12/17/2023,False
7248,The Villages of Briar Forest,0918,2x2,1138,1516,12/18/2023,False
7249,The Villages of Briar Forest,0918,2x2,1138,1526,12/19/2023,False
7250,The Villages of Briar Forest,0918,2x2,1138,1526,12/20/2023,False
7251,The Villages of Briar Forest,0918,2x2,1138,1526,12/21/2023,False
7252,The Villages of Briar Forest,0918,2x2,1138,1526,12/22/2023,False
7253,The Villages of Briar Forest,0918,2x2,1138,1526,12/23/2023,False
7254,The Villages of Briar Forest,0918,2x2,1138,1526,12/24/2023,False
7255,The Villages of Briar Forest,0918,2x2,1138,1526,12/25/2023,False
7256,The Villages of Briar Forest,0918,2x2,1138,1526,12/26/2023,False
7257,The Villages of Briar Forest,0918,2x2,1138,1526,12/27/2023,False
7258,The Villages of Briar Forest,0918,2x2,1138,1526,12/28/2023,False
7259,The Villages of Briar Forest,0918,2x2,1138,1526,12/29/2023,False
7260,The Villages of Briar Forest,0918,2x2,1138,1456,12/30/2023,False
7261,The Villages of Briar Forest,0918,2x2,1138,1456,12/31/2023,False
7262,The Villages of Briar Forest,0918,2x2,1138,1456,01/01/2024,False
7263,The Villages of Briar Forest,0918,2x2,1138,1456,01/02/2024,False
7264,The Villages of Briar Forest,0918,2x2,1138,1456,01/03/2024,False
7265,The Villages of Briar Forest,0918,2x2,1138,1456,01/04/2024,False
7266,The Villages of Briar Forest,0918,2x2,1138,1456,01/05/2024,False
7267,The Villages of Briar Forest,0918,2x2,1138,1411,01/06/2024,False
7268,The Villages of Briar Forest,0918,2x2,1138,1411,01/07/2024,False
7269,The Villages of Briar Forest,0918,2x2,1138,1411,01/08/2024,False
7270,The Villages of Briar Forest,0918,2x2,1138,1411,01/09/2024,False
7271,The Villages of Briar Forest,0918,2x2,1138,1411,01/10/2024,False
7272,The Villages of Briar Forest,0918,2x2,1138,1411,01/11/2024,False
7273,The Villages of Briar Forest,0918,2x2,1138,1411,01/12/2024,False
7274,The Villages of Briar Forest,0918,2x2,1138,1466,01/13/2024,False
7275,The Villages of Briar Forest,0918,2x2,1138,1486,01/14/2024,False
7276,The Villages of Briar Forest,0918,2x2,1138,1486,01/15/2024,True
7277,The Villages of Briar Forest,0921,2x2,1138,1556,07/26/2024,False
7278,The Villages of Briar Forest,0921,2x2,1138,1556,07/27/2024,False
7279,The Villages of Briar Forest,0921,2x2,1138,1556,07/28/2024,False
7280,The Villages of Briar Forest,0921,2x2,1138,1556,07/29/2024,False
7281,The Villages of Briar Forest,0921,2x2,1138,1556,07/30/2024,False
7282,The Villages of Briar Forest,0921,2x2,1138,1556,07/31/2024,False
7283,The Villages of Briar Forest,0921,2x2,1138,1561,08/01/2024,False
7284,The Villages of Briar Forest,0921,2x2,1138,1561,08/02/2024,False
7285,The Villages of Briar Forest,0921,2x2,1138,1571,08/03/2024,False
7286,The Villages of Briar Forest,0921,2x2,1138,1571,08/04/2024,False
7287,The Villages of Briar Forest,0921,2x2,1138,1571,08/05/2024,False
7288,The Villages of Briar Forest,0921,2x2,1138,1571,08/06/2024,False
7289,The Villages of Briar Forest,0921,2x2,1138,1571,08/07/2024,False
7290,The Villages of Briar Forest,0921,2x2,1138,1571,08/08/2024,False
7291,The Villages of Briar Forest,0921,2x2,1138,1571,08/09/2024,False
7292,The Villages of Briar Forest,0921,2x2,1138,1571,08/10/2024,False
7293,The Villages of Briar Forest,0921,2x2,1138,1571,08/11/2024,False
7294,The Villages of Briar Forest,0921,2x2,1138,1571,08/12/2024,False
7295,The Villages of Briar Forest,0921,2x2,1138,1571,08/13/2024,False
7296,The Villages of Briar Forest,0921,2x2,1138,1571,08/14/2024,False
7297,The Villages of Briar Forest,0921,2x2,1138,1571,08/15/2024,False
7298,The Villages of Briar Forest,0921,2x2,1138,1571,08/16/2024,False
7299,The Villages of Briar Forest,0921,2x2,1138,1571,08/17/2024,False
7300,The Villages of Briar Forest,0921,2x2,1138,1571,08/18/2024,False
7301,The Villages of Briar Forest,0921,2x2,1138,1571,08/19/2024,False
7302,The Villages of Briar Forest,0921,2x2,1138,1571,08/20/2024,False
7303,The Villages of Briar Forest,0921,2x2,1138,1571,08/21/2024,False
7304,The Villages of Briar Forest,0921,2x2,1138,1571,08/22/2024,False
7305,The Villages of Briar Forest,0921,2x2,1138,1571,08/23/2024,False
7306,The Villages of Briar Forest,0921,2x2,1138,1571,08/24/2024,False
7307,The Villages of Briar Forest,0921,2x2,1138,1571,08/25/2024,False
7308,The Villages of Briar Forest,0921,2x2,1138,1571,08/26/2024,False
7309,The Villages of Briar Forest,0921,2x2,1138,1571,08/27/2024,False
7310,The Villages of Briar Forest,0921,2x2,1138,1542,08/28/2024,False
7311,The Villages of Briar Forest,0921,2x2,1138,1542,08/29/2024,False
7312,The Villages of Briar Forest,0921,2x2,1138,1542,08/30/2024,False
7313,The Villages of Briar Forest,0921,2x2,1138,1542,08/31/2024,False
7314,The Villages of Briar Forest,0921,2x2,1138,1542,09/01/2024,False
7315,The Villages of Briar Forest,0921,2x2,1138,1542,09/02/2024,False
7316,The Villages of Briar Forest,0921,2x2,1138,1542,09/03/2024,False
7317,The Villages of Briar Forest,0921,2x2,1138,1552,09/04/2024,False
7318,The Villages of Briar Forest,0921,2x2,1138,1552,09/05/2024,False
7319,The Villages of Briar Forest,0921,2x2,1138,1552,09/06/2024,False
7320,The Villages of Briar Forest,0921,2x2,1138,1562,09/07/2024,False
7321,The Villages of Briar Forest,0921,2x2,1138,1562,09/08/2024,False
7322,The Villages of Briar Forest,0921,2x2,1138,1562,09/09/2024,False
7323,The Villages of Briar Forest,0921,2x2,1138,1562,09/10/2024,False
7324,The Villages of Briar Forest,0921,2x2,1138,1562,09/11/2024,False
7325,The Villages of Briar Forest,0921,2x2,1138,1562,09/12/2024,False
7326,The Villages of Briar Forest,0921,2x2,1138,1572,09/13/2024,False
7327,The Villages of Briar Forest,0921,2x2,1138,1572,09/14/2024,False
7328,The Villages of Briar Forest,0921,2x2,1138,1572,09/15/2024,False
7329,The Villages of Briar Forest,0921,2x2,1138,1562,09/16/2024,False
7330,The Villages of Briar Forest,0921,2x2,1138,1591,09/17/2024,False
7331,The Villages of Briar Forest,0921,2x2,1138,1586,09/18/2024,False
7332,The Villages of Briar Forest,0921,2x2,1138,1596,09/19/2024,False
7333,The Villages of Briar Forest,0921,2x2,1138,1596,09/20/2024,False
7334,The Villages of Briar Forest,0921,2x2,1138,1596,09/21/2024,False
7335,The Villages of Briar Forest,0921,2x2,1138,1596,09/22/2024,False
7336,The Villages of Briar Forest,0921,2x2,1138,1596,09/23/2024,False
7337,The Villages of Briar Forest,0921,2x2,1138,1596,09/24/2024,False
7338,The Villages of Briar Forest,0921,2x2,1138,1576,09/25/2024,False
7339,The Villages of Briar Forest,0921,2x2,1138,1576,09/26/2024,False
7340,The Villages of Briar Forest,0921,2x2,1138,1537,09/27/2024,False
7341,The Villages of Briar Forest,0921,2x2,1138,1537,09/28/2024,False
7342,The Villages of Briar Forest,0921,2x2,1138,1566,09/29/2024,False
7343,The Villages of Briar Forest,0921,2x2,1138,1545,09/30/2024,False
7344,The Villages of Briar Forest,0921,2x2,1138,1545,10/01/2024,False
7345,The Villages of Briar Forest,0921,2x2,1138,1543,10/02/2024,False
7346,The Villages of Briar Forest,0921,2x2,1138,1543,10/03/2024,False
7347,The Villages of Briar Forest,0921,2x2,1138,1538,10/04/2024,False
7348,The Villages of Briar Forest,0921,2x2,1138,1538,10/05/2024,False
7349,The Villages of Briar Forest,0921,2x2,1138,1538,10/06/2024,True
7350,The Villages of Briar Forest,0922,1x1,817,1235,09/02/2023,False
7351,The Villages of Briar Forest,0922,1x1,817,1242,09/03/2023,False
7352,The Villages of Briar Forest,0922,1x1,817,1242,09/04/2023,False
7353,The Villages of Briar Forest,0922,1x1,817,1242,09/05/2023,False
7354,The Villages of Briar Forest,0922,1x1,817,1242,09/06/2023,False
7355,The Villages of Briar Forest,0922,1x1,817,1242,09/07/2023,False
7356,The Villages of Briar Forest,0922,1x1,817,1242,09/08/2023,False
7357,The Villages of Briar Forest,0922,1x1,817,1242,09/09/2023,False
7358,The Villages of Briar Forest,0922,1x1,817,1242,09/10/2023,False
7359,The Villages of Briar Forest,0922,1x1,817,1242,09/11/2023,False
7360,The Villages of Briar Forest,0922,1x1,817,1242,09/12/2023,False
7361,The Villages of Briar Forest,0922,1x1,817,1242,09/13/2023,False
7362,The Villages of Briar Forest,0922,1x1,817,1242,09/14/2023,False
7363,The Villages of Briar Forest,0922,1x1,817,1197,09/15/2023,False
7364,The Villages of Briar Forest,0922,1x1,817,1227,09/16/2023,False
7365,The Villages of Briar Forest,0922,1x1,817,1227,09/17/2023,False
7366,The Villages of Briar Forest,0922,1x1,817,1227,09/18/2023,False
7367,The Villages of Briar Forest,0922,1x1,817,1227,09/19/2023,False
7368,The Villages of Briar Forest,0922,1x1,817,1227,09/20/2023,False
7369,The Villages of Briar Forest,0922,1x1,817,1227,09/21/2023,False
7370,The Villages of Briar Forest,0922,1x1,817,1217,09/22/2023,False
7371,The Villages of Briar Forest,0922,1x1,817,1217,09/23/2023,False
7372,The Villages of Briar Forest,0922,1x1,817,1217,09/24/2023,False
7373,The Villages of Briar Forest,0922,1x1,817,1217,09/25/2023,False
7374,The Villages of Briar Forest,0922,1x1,817,1217,09/26/2023,False
7375,The Villages of Briar Forest,0922,1x1,817,1217,09/27/2023,False
7376,The Villages of Briar Forest,0922,1x1,817,1217,09/28/2023,False
7377,The Villages of Briar Forest,0922,1x1,817,1217,09/29/2023,False
7378,The Villages of Briar Forest,0922,1x1,817,1167,09/30/2023,False
7379,The Villages of Briar Forest,0922,1x1,817,1157,10/01/2023,False
7380,The Villages of Briar Forest,0922,1x1,817,1151,10/02/2023,False
7381,The Villages of Briar Forest,0922,1x1,817,1151,10/03/2023,False
7382,The Villages of Briar Forest,0922,1x1,817,1151,10/04/2023,False
7383,The Villages of Briar Forest,0922,1x1,817,1088,10/05/2023,False
7384,The Villages of Briar Forest,0922,1x1,817,1114,10/06/2023,False
7385,The Villages of Briar Forest,0922,1x1,817,1032,10/07/2023,False
7386,The Villages of Briar Forest,0922,1x1,817,1032,10/08/2023,False
7387,The Villages of Briar Forest,0922,1x1,817,1032,10/09/2023,False
7388,The Villages of Briar Forest,0922,1x1,817,1032,10/10/2023,False
7389,The Villages of Briar Forest,0922,1x1,817,1032,10/11/2023,False
7390,The Villages of Briar Forest,0922,1x1,817,1032,10/12/2023,False
7391,The Villages of Briar Forest,0922,1x1,817,1032,10/13/2023,False
7392,The Villages of Briar Forest,0922,1x1,817,1028,10/14/2023,False
7393,The Villages of Briar Forest,0922,1x1,817,1028,10/15/2023,False
7394,The Villages of Briar Forest,0922,1x1,817,1028,10/16/2023,False
7395,The Villages of Briar Forest,0922,1x1,817,1028,10/17/2023,False
7396,The Villages of Briar Forest,0922,1x1,817,1028,10/18/2023,False
7397,The Villages of Briar Forest,0922,1x1,817,1028,10/19/2023,False
7398,The Villages of Briar Forest,0922,1x1,817,1028,10/20/2023,False
7399,The Villages of Briar Forest,0922,1x1,817,1028,10/21/2023,False
7400,The Villages of Briar Forest,0922,1x1,817,1028,10/22/2023,False
7401,The Villages of Briar Forest,0922,1x1,817,1028,10/23/2023,False
7402,The Villages of Briar Forest,0922,1x1,817,1028,10/24/2023,False
7403,The Villages of Briar Forest,0922,1x1,817,1028,10/25/2023,False
7404,The Villages of Briar Forest,0922,1x1,817,1028,10/26/2023,False
7405,The Villages of Briar Forest,0922,1x1,817,1028,10/27/2023,False
7406,The Villages of Briar Forest,0922,1x1,817,1028,10/28/2023,False
7407,The Villages of Briar Forest,0922,1x1,817,1028,10/29/2023,False
7408,The Villages of Briar Forest,0922,1x1,817,1028,10/30/2023,False
7409,The Villages of Briar Forest,0922,1x1,817,1028,10/31/2023,False
7410,The Villages of Briar Forest,0922,1x1,817,1090,11/01/2023,False
7411,The Villages of Briar Forest,0922,1x1,817,1090,11/02/2023,False
7412,The Villages of Briar Forest,0922,1x1,817,1090,11/03/2023,False
7413,The Villages of Briar Forest,0922,1x1,817,1090,11/04/2023,False
7414,The Villages of Briar Forest,0922,1x1,817,1090,11/05/2023,False
7415,The Villages of Briar Forest,0922,1x1,817,1090,11/06/2023,False
7416,The Villages of Briar Forest,0922,1x1,817,1090,11/07/2023,False
7417,The Villages of Briar Forest,0922,1x1,817,1090,11/08/2023,False
7418,The Villages of Briar Forest,0922,1x1,817,1130,11/09/2023,False
7419,The Villages of Briar Forest,0922,1x1,817,1130,11/10/2023,False
7420,The Villages of Briar Forest,0922,1x1,817,1130,11/11/2023,False
7421,The Villages of Briar Forest,0922,1x1,817,1130,11/12/2023,False
7422,The Villages of Briar Forest,0922,1x1,817,1130,11/13/2023,False
7423,The Villages of Briar Forest,0922,1x1,817,1130,11/14/2023,False
7424,The Villages of Briar Forest,0922,1x1,817,1130,11/15/2023,False
7425,The Villages of Briar Forest,0922,1x1,817,1130,11/16/2023,True
7426,The Villages of Briar Forest,0923,1x1,817,1275,06/29/2023,False
7427,The Villages of Briar Forest,0923,1x1,817,1285,06/30/2023,False
7428,The Villages of Briar Forest,0923,1x1,817,1285,07/01/2023,True
7429,The Villages of Briar Forest,0923,1x1,817,1310,04/02/2024,False
7430,The Villages of Briar Forest,0923,1x1,817,1305,04/03/2024,False
7431,The Villages of Briar Forest,0923,1x1,817,1305,04/04/2024,False
7432,The Villages of Briar Forest,0923,1x1,817,1305,04/05/2024,False
7433,The Villages of Briar Forest,0923,1x1,817,1325,04/06/2024,False
7434,The Villages of Briar Forest,0923,1x1,817,1325,04/07/2024,False
7435,The Villages of Briar Forest,0923,1x1,817,1325,04/08/2024,False
7436,The Villages of Briar Forest,0923,1x1,817,1320,04/09/2024,False
7437,The Villages of Briar Forest,0923,1x1,817,1320,04/10/2024,False
7438,The Villages of Briar Forest,0923,1x1,817,1325,04/11/2024,False
7439,The Villages of Briar Forest,0923,1x1,817,1325,04/12/2024,False
7440,The Villages of Briar Forest,0923,1x1,817,1325,04/13/2024,False
7441,The Villages of Briar Forest,0923,1x1,817,1320,04/14/2024,False
7442,The Villages of Briar Forest,0923,1x1,817,1320,04/15/2024,False
7443,The Villages of Briar Forest,0923,1x1,817,1310,04/16/2024,False
7444,The Villages of Briar Forest,0923,1x1,817,1310,04/17/2024,False
7445,The Villages of Briar Forest,0923,1x1,817,1320,04/18/2024,False
7446,The Villages of Briar Forest,0923,1x1,817,1315,04/19/2024,False
7447,The Villages of Briar Forest,0923,1x1,817,1315,04/20/2024,False
7448,The Villages of Briar Forest,0923,1x1,817,1320,04/21/2024,False
7449,The Villages of Briar Forest,0923,1x1,817,1310,04/22/2024,False
7450,The Villages of Briar Forest,0923,1x1,817,1310,04/23/2024,False
7451,The Villages of Briar Forest,0923,1x1,817,1305,04/24/2024,False
7452,The Villages of Briar Forest,0923,1x1,817,1300,04/25/2024,False
7453,The Villages of Briar Forest,0923,1x1,817,1275,04/26/2024,False
7454,The Villages of Briar Forest,0923,1x1,817,1275,04/27/2024,False
7455,The Villages of Briar Forest,0923,1x1,817,1270,04/28/2024,False
7456,The Villages of Briar Forest,0923,1x1,817,1270,04/29/2024,False
7457,The Villages of Briar Forest,0923,1x1,817,1255,04/30/2024,False
7458,The Villages of Briar Forest,0923,1x1,817,1265,05/01/2024,False
7459,The Villages of Briar Forest,0923,1x1,817,1270,05/02/2024,False
7460,The Villages of Briar Forest,0923,1x1,817,1325,05/03/2024,False
7461,The Villages of Briar Forest,0923,1x1,817,1325,05/04/2024,False
7462,The Villages of Briar Forest,0923,1x1,817,1320,05/05/2024,False
7463,The Villages of Briar Forest,0923,1x1,817,1305,05/06/2024,False
7464,The Villages of Briar Forest,0923,1x1,817,1305,05/07/2024,False
7465,The Villages of Briar Forest,0923,1x1,817,1305,05/08/2024,False
7466,The Villages of Briar Forest,0923,1x1,817,1305,05/09/2024,False
7467,The Villages of Briar Forest,0923,1x1,817,1288,05/10/2024,False
7468,The Villages of Briar Forest,0923,1x1,817,1303,05/11/2024,False
7469,The Villages of Briar Forest,0923,1x1,817,1303,05/12/2024,False
7470,The Villages of Briar Forest,0923,1x1,817,1288,05/13/2024,False
7471,The Villages of Briar Forest,0923,1x1,817,1288,05/14/2024,False
7472,The Villages of Briar Forest,0923,1x1,817,1288,05/15/2024,False
7473,The Villages of Briar Forest,0923,1x1,817,1288,05/16/2024,True
7474,The Villages of Briar Forest,0923,1x1,817,1200,02/02/2025,False
7475,The Villages of Briar Forest,0923,1x1,817,1200,02/03/2025,False
7476,The Villages of Briar Forest,0923,1x1,817,1200,02/04/2025,False
7477,The Villages of Briar Forest,0923,1x1,817,1200,02/05/2025,False
7478,The Villages of Briar Forest,0923,1x1,817,1200,02/06/2025,False
7479,The Villages of Briar Forest,0923,1x1,817,1165,02/07/2025,False
7480,The Villages of Briar Forest,0923,1x1,817,1165,02/08/2025,False
7481,The Villages of Briar Forest,0923,1x1,817,1165,02/09/2025,False
7482,The Villages of Briar Forest,0923,1x1,817,1165,02/10/2025,False
7483,The Villages of Briar Forest,0923,1x1,817,1165,02/11/2025,False
7484,The Villages of Briar Forest,0923,1x1,817,1165,02/12/2025,False
7485,The Villages of Briar Forest,0923,1x1,817,1165,02/13/2025,False
7486,The Villages of Briar Forest,0923,1x1,817,1180,02/14/2025,False
7487,The Villages of Briar Forest,0923,1x1,817,1180,02/15/2025,False
7488,The Villages of Briar Forest,0923,1x1,817,1180,02/16/2025,False
7489,The Villages of Briar Forest,0923,1x1,817,1180,02/17/2025,False
7490,The Villages of Briar Forest,0923,1x1,817,1180,02/18/2025,False
7491,The Villages of Briar Forest,0923,1x1,817,1180,02/19/2025,False
7492,The Villages of Briar Forest,0923,1x1,817,1180,02/20/2025,False
7493,The Villages of Briar Forest,0923,1x1,817,1180,02/21/2025,False
7494,The Villages of Briar Forest,0923,1x1,817,1180,02/22/2025,False
7495,The Villages of Briar Forest,0923,1x1,817,1180,02/23/2025,False
7496,The Villages of Briar Forest,0923,1x1,817,1180,02/24/2025,False
7497,The Villages of Briar Forest,0923,1x1,817,1180,02/25/2025,False
7498,The Villages of Briar Forest,0923,1x1,817,1180,02/26/2025,False
7499,The Villages of Briar Forest,0923,1x1,817,1180,02/27/2025,False
7500,The Villages of Briar Forest,0923,1x1,817,1155,02/28/2025,False
7501,The Villages of Briar Forest,0923,1x1,817,1155,03/01/2025,False
7502,The Villages of Briar Forest,0923,1x1,817,1155,03/02/2025,False
7503,The Villages of Briar Forest,0923,1x1,817,1155,03/03/2025,False
7504,The Villages of Briar Forest,0923,1x1,817,1155,03/04/2025,False
7505,The Villages of Briar Forest,0923,1x1,817,1155,03/05/2025,False
7506,The Villages of Briar Forest,0923,1x1,817,1155,03/06/2025,False
7507,The Villages of Briar Forest,0923,1x1,817,1170,03/07/2025,False
7508,The Villages of Briar Forest,0923,1x1,817,1170,03/08/2025,False
7509,The Villages of Briar Forest,0923,1x1,817,1170,03/09/2025,False
7510,The Villages of Briar Forest,0923,1x1,817,1170,03/10/2025,False
7511,The Villages of Briar Forest,0923,1x1,817,1170,03/11/2025,False
7512,The Villages of Briar Forest,0923,1x1,817,1170,03/12/2025,False
7513,The Villages of Briar Forest,0923,1x1,817,1170,03/13/2025,False
7514,The Villages of Briar Forest,0923,1x1,817,1170,03/14/2025,False
7515,The Villages of Briar Forest,0923,1x1,817,1170,03/15/2025,False
7516,The Villages of Briar Forest,0923,1x1,817,1170,03/16/2025,False
7517,The Villages of Briar Forest,0923,1x1,817,1170,03/17/2025,False
7518,The Villages of Briar Forest,0923,1x1,817,1170,03/18/2025,False
7519,The Villages of Briar Forest,0923,1x1,817,1170,03/19/2025,False
7520,The Villages of Briar Forest,0923,1x1,817,1170,03/20/2025,False
7521,The Villages of Briar Forest,0923,1x1,817,1170,03/21/2025,False
7522,The Villages of Briar Forest,0923,1x1,817,1170,03/22/2025,False
7523,The Villages of Briar Forest,0923,1x1,817,1170,03/23/2025,False
7524,The Villages of Briar Forest,0923,1x1,817,1170,03/24/2025,False
7525,The Villages of Briar Forest,0923,1x1,817,1355,03/25/2025,False
7526,The Villages of Briar Forest,0923,1x1,817,1355,03/26/2025,False
7527,The Villages of Briar Forest,0923,1x1,817,1355,03/27/2025,False
7528,The Villages of Briar Forest,0923,1x1,817,1355,03/28/2025,False
7529,The Villages of Briar Forest,0923,1x1,817,1355,03/29/2025,False
7530,The Villages of Briar Forest,0923,1x1,817,1355,03/30/2025,False
7531,The Villages of Briar Forest,0923,1x1,817,1355,03/31/2025,False
7532,The Villages of Briar Forest,0923,1x1,817,1355,04/01/2025,True
7533,The Villages of Briar Forest,0925,2x2,1138,1546,10/09/2023,False
7534,The Villages of Briar Forest,0925,2x2,1138,1546,10/10/2023,False
7535,The Villages of Briar Forest,0925,2x2,1138,1546,10/11/2023,False
7536,The Villages of Briar Forest,0925,2x2,1138,1546,10/12/2023,False
7537,The Villages of Briar Forest,0925,2x2,1138,1546,10/13/2023,False
7538,The Villages of Briar Forest,0925,2x2,1138,1501,10/14/2023,False
7539,The Villages of Briar Forest,0925,2x2,1138,1501,10/15/2023,False
7540,The Villages of Briar Forest,0925,2x2,1138,1501,10/16/2023,False
7541,The Villages of Briar Forest,0925,2x2,1138,1501,10/17/2023,False
7542,The Villages of Briar Forest,0925,2x2,1138,1501,10/18/2023,False
7543,The Villages of Briar Forest,0925,2x2,1138,1501,10/19/2023,False
7544,The Villages of Briar Forest,0925,2x2,1138,1501,10/20/2023,False
7545,The Villages of Briar Forest,0925,2x2,1138,1471,10/21/2023,False
7546,The Villages of Briar Forest,0925,2x2,1138,1471,10/22/2023,False
7547,The Villages of Briar Forest,0925,2x2,1138,1471,10/23/2023,False
7548,The Villages of Briar Forest,0925,2x2,1138,1471,10/24/2023,False
7549,The Villages of Briar Forest,0925,2x2,1138,1471,10/25/2023,False
7550,The Villages of Briar Forest,0925,2x2,1138,1471,10/26/2023,False
7551,The Villages of Briar Forest,0925,2x2,1138,1471,10/27/2023,False
7552,The Villages of Briar Forest,0925,2x2,1138,1451,10/28/2023,False
7553,The Villages of Briar Forest,0925,2x2,1138,1451,10/29/2023,False
7554,The Villages of Briar Forest,0925,2x2,1138,1451,10/30/2023,False
7555,The Villages of Briar Forest,0925,2x2,1138,1451,10/31/2023,False
7556,The Villages of Briar Forest,0925,2x2,1138,1451,11/01/2023,False
7557,The Villages of Briar Forest,0925,2x2,1138,1451,11/02/2023,False
7558,The Villages of Briar Forest,0925,2x2,1138,1386,11/03/2023,False
7559,The Villages of Briar Forest,0925,2x2,1138,1386,11/04/2023,False
7560,The Villages of Briar Forest,0925,2x2,1138,1386,11/05/2023,False
7561,The Villages of Briar Forest,0925,2x2,1138,1386,11/06/2023,False
7562,The Villages of Briar Forest,0925,2x2,1138,1386,11/07/2023,False
7563,The Villages of Briar Forest,0925,2x2,1138,1386,11/08/2023,True
7564,The Villages of Briar Forest,0925,2x2,1138,1431,07/22/2024,False
7565,The Villages of Briar Forest,0925,2x2,1138,1431,07/23/2024,False
7566,The Villages of Briar Forest,0925,2x2,1138,1431,07/24/2024,False
7567,The Villages of Briar Forest,0925,2x2,1138,1431,07/25/2024,False
7568,The Villages of Briar Forest,0925,2x2,1138,1431,07/26/2024,False
7569,The Villages of Briar Forest,0925,2x2,1138,1431,07/27/2024,False
7570,The Villages of Briar Forest,0925,2x2,1138,1431,07/28/2024,False
7571,The Villages of Briar Forest,0925,2x2,1138,1431,07/29/2024,False
7572,The Villages of Briar Forest,0925,2x2,1138,1431,07/30/2024,False
7573,The Villages of Briar Forest,0925,2x2,1138,1431,07/31/2024,False
7574,The Villages of Briar Forest,0925,2x2,1138,1431,08/01/2024,False
7575,The Villages of Briar Forest,0925,2x2,1138,1431,08/02/2024,False
7576,The Villages of Briar Forest,0925,2x2,1138,1441,08/03/2024,False
7577,The Villages of Briar Forest,0925,2x2,1138,1441,08/04/2024,False
7578,The Villages of Briar Forest,0925,2x2,1138,1441,08/05/2024,False
7579,The Villages of Briar Forest,0925,2x2,1138,1441,08/06/2024,False
7580,The Villages of Briar Forest,0925,2x2,1138,1441,08/07/2024,False
7581,The Villages of Briar Forest,0925,2x2,1138,1441,08/08/2024,False
7582,The Villages of Briar Forest,0925,2x2,1138,1441,08/09/2024,False
7583,The Villages of Briar Forest,0925,2x2,1138,1441,08/10/2024,False
7584,The Villages of Briar Forest,0925,2x2,1138,1441,08/11/2024,False
7585,The Villages of Briar Forest,0925,2x2,1138,1441,08/12/2024,False
7586,The Villages of Briar Forest,0925,2x2,1138,1441,08/13/2024,False
7587,The Villages of Briar Forest,0925,2x2,1138,1441,08/14/2024,False
7588,The Villages of Briar Forest,0925,2x2,1138,1441,08/15/2024,False
7589,The Villages of Briar Forest,0925,2x2,1138,1441,08/16/2024,False
7590,The Villages of Briar Forest,0925,2x2,1138,1441,08/17/2024,True
7591,The Villages of Briar Forest,0926,1x1,817,1130,11/09/2023,False
7592,The Villages of Briar Forest,0926,1x1,817,1130,11/10/2023,False
7593,The Villages of Briar Forest,0926,1x1,817,1130,11/11/2023,False
7594,The Villages of Briar Forest,0926,1x1,817,1130,11/12/2023,False
7595,The Villages of Briar Forest,0926,1x1,817,1130,11/13/2023,False
7596,The Villages of Briar Forest,0926,1x1,817,1130,11/14/2023,False
7597,The Villages of Briar Forest,0926,1x1,817,1130,11/15/2023,False
7598,The Villages of Briar Forest,0926,1x1,817,1130,11/16/2023,False
7599,The Villages of Briar Forest,0926,1x1,817,1110,11/17/2023,False
7600,The Villages of Briar Forest,0926,1x1,817,1110,11/18/2023,False
7601,The Villages of Briar Forest,0926,1x1,817,1110,11/19/2023,False
7602,The Villages of Briar Forest,0926,1x1,817,1110,11/20/2023,False
7603,The Villages of Briar Forest,0926,1x1,817,1110,11/21/2023,False
7604,The Villages of Briar Forest,0926,1x1,817,1110,11/22/2023,False
7605,The Villages of Briar Forest,0926,1x1,817,1110,11/23/2023,False
7606,The Villages of Briar Forest,0926,1x1,817,1110,11/24/2023,False
7607,The Villages of Briar Forest,0926,1x1,817,1110,11/25/2023,False
7608,The Villages of Briar Forest,0926,1x1,817,1110,11/26/2023,False
7609,The Villages of Briar Forest,0926,1x1,817,1110,11/27/2023,False
7610,The Villages of Briar Forest,0926,1x1,817,1095,11/28/2023,False
7611,The Villages of Briar Forest,0926,1x1,817,1095,11/29/2023,False
7612,The Villages of Briar Forest,0926,1x1,817,1095,11/30/2023,False
7613,The Villages of Briar Forest,0926,1x1,817,1095,12/01/2023,False
7614,The Villages of Briar Forest,0926,1x1,817,1095,12/02/2023,False
7615,The Villages of Briar Forest,0926,1x1,817,1095,12/03/2023,False
7616,The Villages of Briar Forest,0926,1x1,817,1095,12/04/2023,False
7617,The Villages of Briar Forest,0926,1x1,817,1095,12/05/2023,False
7618,The Villages of Briar Forest,0926,1x1,817,1095,12/06/2023,False
7619,The Villages of Briar Forest,0926,1x1,817,1095,12/07/2023,False
7620,The Villages of Briar Forest,0926,1x1,817,1095,12/08/2023,False
7621,The Villages of Briar Forest,0926,1x1,817,1095,12/09/2023,False
7622,The Villages of Briar Forest,0926,1x1,817,1095,12/10/2023,False
7623,The Villages of Briar Forest,0926,1x1,817,1095,12/11/2023,False
7624,The Villages of Briar Forest,0926,1x1,817,1095,12/12/2023,False
7625,The Villages of Briar Forest,0926,1x1,817,1095,12/13/2023,False
7626,The Villages of Briar Forest,0926,1x1,817,1095,12/14/2023,False
7627,The Villages of Briar Forest,0926,1x1,817,1095,12/15/2023,False
7628,The Villages of Briar Forest,0926,1x1,817,1095,12/16/2023,False
7629,The Villages of Briar Forest,0926,1x1,817,1095,12/17/2023,False
7630,The Villages of Briar Forest,0926,1x1,817,1095,12/18/2023,False
7631,The Villages of Briar Forest,0926,1x1,817,1095,12/19/2023,False
7632,The Villages of Briar Forest,0926,1x1,817,1225,12/20/2023,False
7633,The Villages of Briar Forest,0926,1x1,817,1225,12/21/2023,True
7634,The Villages of Briar Forest,0927,1x1,817,1245,12/31/2024,False
7635,The Villages of Briar Forest,0927,1x1,817,1245,01/01/2025,False
7636,The Villages of Briar Forest,0927,1x1,817,1245,01/02/2025,False
7637,The Villages of Briar Forest,0927,1x1,817,1245,01/03/2025,False
7638,The Villages of Briar Forest,0927,1x1,817,1225,01/04/2025,False
7639,The Villages of Briar Forest,0927,1x1,817,1225,01/05/2025,False
7640,The Villages of Briar Forest,0927,1x1,817,1225,01/06/2025,False
7641,The Villages of Briar Forest,0927,1x1,817,1195,01/07/2025,False
7642,The Villages of Briar Forest,0927,1x1,817,1195,01/08/2025,False
7643,The Villages of Briar Forest,0927,1x1,817,1195,01/09/2025,False
7644,The Villages of Briar Forest,0927,1x1,817,1185,01/10/2025,False
7645,The Villages of Briar Forest,0927,1x1,817,1185,01/11/2025,False
7646,The Villages of Briar Forest,0927,1x1,817,1185,01/12/2025,False
7647,The Villages of Briar Forest,0927,1x1,817,1185,01/13/2025,False
7648,The Villages of Briar Forest,0927,1x1,817,1185,01/14/2025,False
7649,The Villages of Briar Forest,0927,1x1,817,1185,01/15/2025,False
7650,The Villages of Briar Forest,0927,1x1,817,1185,01/16/2025,False
7651,The Villages of Briar Forest,0927,1x1,817,1185,01/17/2025,False
7652,The Villages of Briar Forest,0927,1x1,817,1185,01/18/2025,False
7653,The Villages of Briar Forest,0927,1x1,817,1185,01/19/2025,False
7654,The Villages of Briar Forest,0927,1x1,817,1185,01/20/2025,False
7655,The Villages of Briar Forest,0927,1x1,817,1185,01/21/2025,False
7656,The Villages of Briar Forest,0927,1x1,817,1185,01/22/2025,False
7657,The Villages of Briar Forest,0927,1x1,817,1185,01/23/2025,False
7658,The Villages of Briar Forest,0927,1x1,817,1200,01/24/2025,False
7659,The Villages of Briar Forest,0927,1x1,817,1200,01/25/2025,False
7660,The Villages of Briar Forest,0927,1x1,817,1200,01/26/2025,False
7661,The Villages of Briar Forest,0927,1x1,817,1200,01/27/2025,False
7662,The Villages of Briar Forest,0927,1x1,817,1200,01/28/2025,False
7663,The Villages of Briar Forest,0927,1x1,817,1200,01/29/2025,False
7664,The Villages of Briar Forest,0927,1x1,817,1200,01/30/2025,False
7665,The Villages of Briar Forest,0927,1x1,817,1200,01/31/2025,False
7666,The Villages of Briar Forest,0927,1x1,817,1200,02/01/2025,False
7667,The Villages of Briar Forest,0927,1x1,817,1200,02/02/2025,False
7668,The Villages of Briar Forest,0927,1x1,817,1200,02/03/2025,False
7669,The Villages of Briar Forest,0927,1x1,817,1200,02/04/2025,False
7670,The Villages of Briar Forest,0927,1x1,817,1200,02/05/2025,False
7671,The Villages of Briar Forest,0927,1x1,817,1200,02/06/2025,False
7672,The Villages of Briar Forest,0927,1x1,817,1165,02/07/2025,False
7673,The Villages of Briar Forest,0927,1x1,817,1165,02/08/2025,False
7674,The Villages of Briar Forest,0927,1x1,817,1165,02/09/2025,False
7675,The Villages of Briar Forest,0927,1x1,817,1165,02/10/2025,False
7676,The Villages of Briar Forest,0927,1x1,817,1165,02/11/2025,False
7677,The Villages of Briar Forest,0927,1x1,817,1165,02/12/2025,False
7678,The Villages of Briar Forest,0927,1x1,817,1165,02/13/2025,False
7679,The Villages of Briar Forest,0927,1x1,817,1180,02/14/2025,False
7680,The Villages of Briar Forest,0927,1x1,817,1180,02/15/2025,False
7681,The Villages of Briar Forest,0927,1x1,817,1180,02/16/2025,False
7682,The Villages of Briar Forest,0927,1x1,817,1180,02/17/2025,False
7683,The Villages of Briar Forest,0927,1x1,817,1180,02/18/2025,False
7684,The Villages of Briar Forest,0927,1x1,817,1180,02/19/2025,False
7685,The Villages of Briar Forest,0927,1x1,817,1180,02/20/2025,False
7686,The Villages of Briar Forest,0927,1x1,817,1180,02/21/2025,False
7687,The Villages of Briar Forest,0927,1x1,817,1180,02/22/2025,False
7688,The Villages of Briar Forest,0927,1x1,817,1180,02/23/2025,False
7689,The Villages of Briar Forest,0927,1x1,817,1180,02/24/2025,False
7690,The Villages of Briar Forest,0927,1x1,817,1180,02/25/2025,False
7691,The Villages of Briar Forest,0927,1x1,817,1118,02/26/2025,True
7692,The Villages of Briar Forest,0928,2x2,1138,1671,09/13/2023,False
7693,The Villages of Briar Forest,0928,2x2,1138,1671,09/14/2023,False
7694,The Villages of Briar Forest,0928,2x2,1138,1671,09/15/2023,False
7695,The Villages of Briar Forest,0928,2x2,1138,1671,09/16/2023,False
7696,The Villages of Briar Forest,0928,2x2,1138,1671,09/17/2023,False
7697,The Villages of Briar Forest,0928,2x2,1138,1671,09/18/2023,False
7698,The Villages of Briar Forest,0928,2x2,1138,1671,09/19/2023,False
7699,The Villages of Briar Forest,0928,2x2,1138,1671,09/20/2023,False
7700,The Villages of Briar Forest,0928,2x2,1138,1671,09/21/2023,False
7701,The Villages of Briar Forest,0928,2x2,1138,1671,09/22/2023,False
7702,The Villages of Briar Forest,0928,2x2,1138,1671,09/23/2023,False
7703,The Villages of Briar Forest,0928,2x2,1138,1671,09/24/2023,False
7704,The Villages of Briar Forest,0928,2x2,1138,1671,09/25/2023,False
7705,The Villages of Briar Forest,0928,2x2,1138,1671,09/26/2023,False
7706,The Villages of Briar Forest,0928,2x2,1138,1671,09/27/2023,False
7707,The Villages of Briar Forest,0928,2x2,1138,1671,09/28/2023,False
7708,The Villages of Briar Forest,0928,2x2,1138,1671,09/29/2023,False
7709,The Villages of Briar Forest,0928,2x2,1138,1671,09/30/2023,False
7710,The Villages of Briar Forest,0928,2x2,1138,1671,10/01/2023,False
7711,The Villages of Briar Forest,0928,2x2,1138,1671,10/02/2023,False
7712,The Villages of Briar Forest,0928,2x2,1138,1671,10/03/2023,False
7713,The Villages of Briar Forest,0928,2x2,1138,1671,10/04/2023,False
7714,The Villages of Briar Forest,0928,2x2,1138,1671,10/05/2023,False
7715,The Villages of Briar Forest,0928,2x2,1138,1697,10/06/2023,False
7716,The Villages of Briar Forest,0928,2x2,1138,1697,10/07/2023,False
7717,The Villages of Briar Forest,0928,2x2,1138,1697,10/08/2023,False
7718,The Villages of Briar Forest,0928,2x2,1138,1676,10/09/2023,False
7719,The Villages of Briar Forest,0928,2x2,1138,1676,10/10/2023,False
7720,The Villages of Briar Forest,0928,2x2,1138,1676,10/11/2023,False
7721,The Villages of Briar Forest,0928,2x2,1138,1676,10/12/2023,False
7722,The Villages of Briar Forest,0928,2x2,1138,1676,10/13/2023,False
7723,The Villages of Briar Forest,0928,2x2,1138,1631,10/14/2023,False
7724,The Villages of Briar Forest,0928,2x2,1138,1631,10/15/2023,False
7725,The Villages of Briar Forest,0928,2x2,1138,1631,10/16/2023,False
7726,The Villages of Briar Forest,0928,2x2,1138,1631,10/17/2023,False
7727,The Villages of Briar Forest,0928,2x2,1138,1631,10/18/2023,False
7728,The Villages of Briar Forest,0928,2x2,1138,1631,10/19/2023,False
7729,The Villages of Briar Forest,0928,2x2,1138,1631,10/20/2023,False
7730,The Villages of Briar Forest,0928,2x2,1138,1601,10/21/2023,False
7731,The Villages of Briar Forest,0928,2x2,1138,1601,10/22/2023,False
7732,The Villages of Briar Forest,0928,2x2,1138,1601,10/23/2023,False
7733,The Villages of Briar Forest,0928,2x2,1138,1601,10/24/2023,False
7734,The Villages of Briar Forest,0928,2x2,1138,1601,10/25/2023,False
7735,The Villages of Briar Forest,0928,2x2,1138,1601,10/26/2023,False
7736,The Villages of Briar Forest,0928,2x2,1138,1601,10/27/2023,False
7737,The Villages of Briar Forest,0928,2x2,1138,1581,10/28/2023,False
7738,The Villages of Briar Forest,0928,2x2,1138,1581,10/29/2023,False
7739,The Villages of Briar Forest,0928,2x2,1138,1581,10/30/2023,False
7740,The Villages of Briar Forest,0928,2x2,1138,1581,10/31/2023,False
7741,The Villages of Briar Forest,0928,2x2,1138,1581,11/01/2023,False
7742,The Villages of Briar Forest,0928,2x2,1138,1581,11/02/2023,False
7743,The Villages of Briar Forest,0928,2x2,1138,1516,11/03/2023,False
7744,The Villages of Briar Forest,0928,2x2,1138,1516,11/04/2023,False
7745,The Villages of Briar Forest,0928,2x2,1138,1516,11/05/2023,False
7746,The Villages of Briar Forest,0928,2x2,1138,1516,11/06/2023,False
7747,The Villages of Briar Forest,0928,2x2,1138,1516,11/07/2023,False
7748,The Villages of Briar Forest,0928,2x2,1138,1516,11/08/2023,False
7749,The Villages of Briar Forest,0928,2x2,1138,1516,11/09/2023,False
7750,The Villages of Briar Forest,0928,2x2,1138,1506,11/10/2023,False
7751,The Villages of Briar Forest,0928,2x2,1138,1506,11/11/2023,False
7752,The Villages of Briar Forest,0928,2x2,1138,1506,11/12/2023,False
7753,The Villages of Briar Forest,0928,2x2,1138,1506,11/13/2023,False
7754,The Villages of Briar Forest,0928,2x2,1138,1506,11/14/2023,False
7755,The Villages of Briar Forest,0928,2x2,1138,1506,11/15/2023,False
7756,The Villages of Briar Forest,0928,2x2,1138,1506,11/16/2023,False
7757,The Villages of Briar Forest,0928,2x2,1138,1536,11/17/2023,False
7758,The Villages of Briar Forest,0928,2x2,1138,1536,11/18/2023,False
7759,The Villages of Briar Forest,0928,2x2,1138,1536,11/19/2023,False
7760,The Villages of Briar Forest,0928,2x2,1138,1536,11/20/2023,False
7761,The Villages of Briar Forest,0928,2x2,1138,1536,11/21/2023,False
7762,The Villages of Briar Forest,0928,2x2,1138,1536,11/22/2023,False
7763,The Villages of Briar Forest,0928,2x2,1138,1536,11/23/2023,False
7764,The Villages of Briar Forest,0928,2x2,1138,1536,11/24/2023,False
7765,The Villages of Briar Forest,0928,2x2,1138,1536,11/25/2023,False
7766,The Villages of Briar Forest,0928,2x2,1138,1536,11/26/2023,False
7767,The Villages of Briar Forest,0928,2x2,1138,1536,11/27/2023,False
7768,The Villages of Briar Forest,0928,2x2,1138,1536,11/28/2023,False
7769,The Villages of Briar Forest,0928,2x2,1138,1536,11/29/2023,False
7770,The Villages of Briar Forest,0928,2x2,1138,1536,11/30/2023,False
7771,The Villages of Briar Forest,0928,2x2,1138,1536,12/01/2023,False
7772,The Villages of Briar Forest,0928,2x2,1138,1581,12/02/2023,False
7773,The Villages of Briar Forest,0928,2x2,1138,1581,12/03/2023,False
7774,The Villages of Briar Forest,0928,2x2,1138,1581,12/04/2023,False
7775,The Villages of Briar Forest,0928,2x2,1138,1581,12/05/2023,False
7776,The Villages of Briar Forest,0928,2x2,1138,1581,12/06/2023,False
7777,The Villages of Briar Forest,0928,2x2,1138,1581,12/07/2023,False
7778,The Villages of Briar Forest,0928,2x2,1138,1626,12/08/2023,False
7779,The Villages of Briar Forest,0928,2x2,1138,1626,12/09/2023,False
7780,The Villages of Briar Forest,0928,2x2,1138,1626,12/10/2023,False
7781,The Villages of Briar Forest,0928,2x2,1138,1626,12/11/2023,False
7782,The Villages of Briar Forest,0928,2x2,1138,1626,12/12/2023,False
7783,The Villages of Briar Forest,0928,2x2,1138,1626,12/13/2023,False
7784,The Villages of Briar Forest,0928,2x2,1138,1626,12/14/2023,False
7785,The Villages of Briar Forest,0928,2x2,1138,1636,12/15/2023,False
7786,The Villages of Briar Forest,0928,2x2,1138,1636,12/16/2023,False
7787,The Villages of Briar Forest,0928,2x2,1138,1636,12/17/2023,False
7788,The Villages of Briar Forest,0928,2x2,1138,1636,12/18/2023,False
7789,The Villages of Briar Forest,0928,2x2,1138,1636,12/19/2023,False
7790,The Villages of Briar Forest,0928,2x2,1138,1636,12/20/2023,False
7791,The Villages of Briar Forest,0928,2x2,1138,1636,12/21/2023,False
7792,The Villages of Briar Forest,0928,2x2,1138,1636,12/22/2023,False
7793,The Villages of Briar Forest,0928,2x2,1138,1636,12/23/2023,False
7794,The Villages of Briar Forest,0928,2x2,1138,1636,12/24/2023,False
7795,The Villages of Briar Forest,0928,2x2,1138,1636,12/25/2023,False
7796,The Villages of Briar Forest,0928,2x2,1138,1636,12/26/2023,False
7797,The Villages of Briar Forest,0928,2x2,1138,1636,12/27/2023,False
7798,The Villages of Briar Forest,0928,2x2,1138,1636,12/28/2023,False
7799,The Villages of Briar Forest,0928,2x2,1138,1636,12/29/2023,False
7800,The Villages of Briar Forest,0928,2x2,1138,1566,12/30/2023,False
7801,The Villages of Briar Forest,0928,2x2,1138,1566,12/31/2023,False
7802,The Villages of Briar Forest,0928,2x2,1138,1566,01/01/2024,False
7803,The Villages of Briar Forest,0928,2x2,1138,1566,01/02/2024,False
7804,The Villages of Briar Forest,0928,2x2,1138,1566,01/03/2024,False
7805,The Villages of Briar Forest,0928,2x2,1138,1566,01/04/2024,False
7806,The Villages of Briar Forest,0928,2x2,1138,1566,01/05/2024,False
7807,The Villages of Briar Forest,0928,2x2,1138,1521,01/06/2024,False
7808,The Villages of Briar Forest,0928,2x2,1138,1521,01/07/2024,False
7809,The Villages of Briar Forest,0928,2x2,1138,1521,01/08/2024,False
7810,The Villages of Briar Forest,0928,2x2,1138,1521,01/09/2024,False
7811,The Villages of Briar Forest,0928,2x2,1138,1521,01/10/2024,False
7812,The Villages of Briar Forest,0928,2x2,1138,1521,01/11/2024,False
7813,The Villages of Briar Forest,0928,2x2,1138,1521,01/12/2024,False
7814,The Villages of Briar Forest,0928,2x2,1138,1521,01/13/2024,False
7815,The Villages of Briar Forest,0928,2x2,1138,1521,01/14/2024,False
7816,The Villages of Briar Forest,0928,2x2,1138,1521,01/15/2024,False
7817,The Villages of Briar Forest,0928,2x2,1138,1521,01/16/2024,False
7818,The Villages of Briar Forest,0928,2x2,1138,1521,01/17/2024,False
7819,The Villages of Briar Forest,0928,2x2,1138,1521,01/18/2024,False
7820,The Villages of Briar Forest,0928,2x2,1138,1521,01/19/2024,False
7821,The Villages of Briar Forest,0928,2x2,1138,1521,01/20/2024,False
7822,The Villages of Briar Forest,0928,2x2,1138,1521,01/21/2024,False
7823,The Villages of Briar Forest,0928,2x2,1138,1521,01/22/2024,False
7824,The Villages of Briar Forest,0928,2x2,1138,1521,01/23/2024,False
7825,The Villages of Briar Forest,0928,2x2,1138,1521,01/24/2024,False
7826,The Villages of Briar Forest,0928,2x2,1138,1521,01/25/2024,False
7827,The Villages of Briar Forest,0928,2x2,1138,1506,01/26/2024,False
7828,The Villages of Briar Forest,0928,2x2,1138,1506,01/27/2024,False
7829,The Villages of Briar Forest,0928,2x2,1138,1506,01/28/2024,False
7830,The Villages of Briar Forest,0928,2x2,1138,1506,01/29/2024,False
7831,The Villages of Briar Forest,0928,2x2,1138,1506,01/30/2024,False
7832,The Villages of Briar Forest,0928,2x2,1138,1581,01/31/2024,False
7833,The Villages of Briar Forest,0928,2x2,1138,1581,02/01/2024,False
7834,The Villages of Briar Forest,0928,2x2,1138,1581,02/02/2024,False
7835,The Villages of Briar Forest,0928,2x2,1138,1616,02/03/2024,False
7836,The Villages of Briar Forest,0928,2x2,1138,1616,02/04/2024,False
7837,The Villages of Briar Forest,0928,2x2,1138,1616,02/05/2024,False
7838,The Villages of Briar Forest,0928,2x2,1138,1616,02/06/2024,False
7839,The Villages of Briar Forest,0928,2x2,1138,1616,02/07/2024,False
7840,The Villages of Briar Forest,0928,2x2,1138,1616,02/08/2024,False
7841,The Villages of Briar Forest,0928,2x2,1138,1616,02/09/2024,False
7842,The Villages of Briar Forest,0928,2x2,1138,1576,02/10/2024,False
7843,The Villages of Briar Forest,0928,2x2,1138,1576,02/11/2024,False
7844,The Villages of Briar Forest,0928,2x2,1138,1576,02/12/2024,False
7845,The Villages of Briar Forest,0928,2x2,1138,1576,02/13/2024,False
7846,The Villages of Briar Forest,0928,2x2,1138,1596,02/14/2024,False
7847,The Villages of Briar Forest,0928,2x2,1138,1596,02/15/2024,False
7848,The Villages of Briar Forest,0928,2x2,1138,1596,02/16/2024,False
7849,The Villages of Briar Forest,0928,2x2,1138,1576,02/17/2024,False
7850,The Villages of Briar Forest,0928,2x2,1138,1576,02/18/2024,False
7851,The Villages of Briar Forest,0928,2x2,1138,1576,02/19/2024,False
7852,The Villages of Briar Forest,0928,2x2,1138,1576,02/20/2024,False
7853,The Villages of Briar Forest,0928,2x2,1138,1576,02/21/2024,False
7854,The Villages of Briar Forest,0928,2x2,1138,1576,02/22/2024,False
7855,The Villages of Briar Forest,0928,2x2,1138,1576,02/23/2024,False
7856,The Villages of Briar Forest,0928,2x2,1138,1576,02/24/2024,False
7857,The Villages of Briar Forest,0928,2x2,1138,1576,02/25/2024,False
7858,The Villages of Briar Forest,0928,2x2,1138,1504,02/26/2024,False
7859,The Villages of Briar Forest,0928,2x2,1138,1534,02/27/2024,False
7860,The Villages of Briar Forest,0928,2x2,1138,1534,02/28/2024,False
7861,The Villages of Briar Forest,0928,2x2,1138,1546,02/29/2024,False
7862,The Villages of Briar Forest,0928,2x2,1138,1546,03/01/2024,False
7863,The Villages of Briar Forest,0928,2x2,1138,1546,03/02/2024,False
7864,The Villages of Briar Forest,0928,2x2,1138,1546,03/03/2024,False
7865,The Villages of Briar Forest,0928,2x2,1138,1546,03/04/2024,False
7866,The Villages of Briar Forest,0928,2x2,1138,1546,03/05/2024,False
7867,The Villages of Briar Forest,0928,2x2,1138,1546,03/06/2024,False
7868,The Villages of Briar Forest,0928,2x2,1138,1546,03/07/2024,False
7869,The Villages of Briar Forest,0928,2x2,1138,1546,03/08/2024,False
7870,The Villages of Briar Forest,0928,2x2,1138,1541,03/09/2024,False
7871,The Villages of Briar Forest,0928,2x2,1138,1541,03/10/2024,False
7872,The Villages of Briar Forest,0928,2x2,1138,1541,03/11/2024,False
7873,The Villages of Briar Forest,0928,2x2,1138,1541,03/12/2024,False
7874,The Villages of Briar Forest,0928,2x2,1138,1541,03/13/2024,False
7875,The Villages of Briar Forest,0928,2x2,1138,1541,03/14/2024,False
7876,The Villages of Briar Forest,0928,2x2,1138,1541,03/15/2024,False
7877,The Villages of Briar Forest,0928,2x2,1138,1571,03/16/2024,False
7878,The Villages of Briar Forest,0928,2x2,1138,1571,03/17/2024,False
7879,The Villages of Briar Forest,0928,2x2,1138,1571,03/18/2024,False
7880,The Villages of Briar Forest,0928,2x2,1138,1571,03/19/2024,False
7881,The Villages of Briar Forest,0928,2x2,1138,1571,03/20/2024,False
7882,The Villages of Briar Forest,0928,2x2,1138,1571,03/21/2024,False
7883,The Villages of Briar Forest,0928,2x2,1138,1716,03/22/2024,False
7884,The Villages of Briar Forest,0928,2x2,1138,1716,03/23/2024,False
7885,The Villages of Briar Forest,0928,2x2,1138,1716,03/24/2024,False
7886,The Villages of Briar Forest,0928,2x2,1138,1716,03/25/2024,False
7887,The Villages of Briar Forest,0928,2x2,1138,1716,03/26/2024,False
7888,The Villages of Briar Forest,0928,2x2,1138,1716,03/27/2024,False
7889,The Villages of Briar Forest,0928,2x2,1138,1716,03/28/2024,False
7890,The Villages of Briar Forest,0928,2x2,1138,1716,03/29/2024,False
7891,The Villages of Briar Forest,0928,2x2,1138,1716,03/30/2024,False
7892,The Villages of Briar Forest,0928,2x2,1138,1716,03/31/2024,False
7893,The Villages of Briar Forest,0928,2x2,1138,1716,04/01/2024,False
7894,The Villages of Briar Forest,0928,2x2,1138,1716,04/02/2024,False
7895,The Villages of Briar Forest,0928,2x2,1138,1716,04/03/2024,False
7896,The Villages of Briar Forest,0928,2x2,1138,1716,04/04/2024,False
7897,The Villages of Briar Forest,0928,2x2,1138,1716,04/05/2024,False
7898,The Villages of Briar Forest,0928,2x2,1138,1771,04/06/2024,False
7899,The Villages of Briar Forest,0928,2x2,1138,1771,04/07/2024,False
7900,The Villages of Briar Forest,0928,2x2,1138,1771,04/08/2024,False
7901,The Villages of Briar Forest,0928,2x2,1138,1771,04/09/2024,False
7902,The Villages of Briar Forest,0928,2x2,1138,1771,04/10/2024,False
7903,The Villages of Briar Forest,0928,2x2,1138,1771,04/11/2024,False
7904,The Villages of Briar Forest,0928,2x2,1138,1771,04/12/2024,False
7905,The Villages of Briar Forest,0928,2x2,1138,1721,04/13/2024,False
7906,The Villages of Briar Forest,0928,2x2,1138,1721,04/14/2024,False
7907,The Villages of Briar Forest,0928,2x2,1138,1721,04/15/2024,False
7908,The Villages of Briar Forest,0928,2x2,1138,1721,04/16/2024,False
7909,The Villages of Briar Forest,0928,2x2,1138,1721,04/17/2024,False
7910,The Villages of Briar Forest,0928,2x2,1138,1721,04/18/2024,False
7911,The Villages of Briar Forest,0928,2x2,1138,1721,04/19/2024,False
7912,The Villages of Briar Forest,0928,2x2,1138,1721,04/20/2024,False
7913,The Villages of Briar Forest,0928,2x2,1138,1721,04/21/2024,False
7914,The Villages of Briar Forest,0928,2x2,1138,1721,04/22/2024,False
7915,The Villages of Briar Forest,0928,2x2,1138,1721,04/23/2024,False
7916,The Villages of Briar Forest,0928,2x2,1138,1721,04/24/2024,False
7917,The Villages of Briar Forest,0928,2x2,1138,1721,04/25/2024,False
7918,The Villages of Briar Forest,0928,2x2,1138,1691,04/26/2024,False
7919,The Villages of Briar Forest,0928,2x2,1138,1691,04/27/2024,False
7920,The Villages of Briar Forest,0928,2x2,1138,1691,04/28/2024,False
7921,The Villages of Briar Forest,0928,2x2,1138,1691,04/29/2024,False
7922,The Villages of Briar Forest,0928,2x2,1138,1691,04/30/2024,False
7923,The Villages of Briar Forest,0928,2x2,1138,1691,05/01/2024,False
7924,The Villages of Briar Forest,0928,2x2,1138,1691,05/02/2024,False
7925,The Villages of Briar Forest,0928,2x2,1138,1691,05/03/2024,False
7926,The Villages of Briar Forest,0928,2x2,1138,1656,05/04/2024,False
7927,The Villages of Briar Forest,0928,2x2,1138,1656,05/05/2024,False
7928,The Villages of Briar Forest,0928,2x2,1138,1656,05/06/2024,False
7929,The Villages of Briar Forest,0928,2x2,1138,1656,05/07/2024,False
7930,The Villages of Briar Forest,0928,2x2,1138,1656,05/08/2024,False
7931,The Villages of Briar Forest,0928,2x2,1138,1656,05/09/2024,False
7932,The Villages of Briar Forest,0928,2x2,1138,1639,05/10/2024,False
7933,The Villages of Briar Forest,0928,2x2,1138,1606,05/11/2024,False
7934,The Villages of Briar Forest,0928,2x2,1138,1606,05/12/2024,False
7935,The Villages of Briar Forest,0928,2x2,1138,1606,05/13/2024,False
7936,The Villages of Briar Forest,0928,2x2,1138,1606,05/14/2024,False
7937,The Villages of Briar Forest,0928,2x2,1138,1606,05/15/2024,False
7938,The Villages of Briar Forest,0928,2x2,1138,1606,05/16/2024,False
7939,The Villages of Briar Forest,0928,2x2,1138,1601,05/17/2024,False
7940,The Villages of Briar Forest,0928,2x2,1138,1601,05/18/2024,False
7941,The Villages of Briar Forest,0928,2x2,1138,1601,05/19/2024,False
7942,The Villages of Briar Forest,0928,2x2,1138,1601,05/20/2024,False
7943,The Villages of Briar Forest,0928,2x2,1138,1601,05/21/2024,False
7944,The Villages of Briar Forest,0928,2x2,1138,1601,05/22/2024,False
7945,The Villages of Briar Forest,0928,2x2,1138,1601,05/23/2024,False
7946,The Villages of Briar Forest,0928,2x2,1138,1616,05/24/2024,False
7947,The Villages of Briar Forest,0928,2x2,1138,1616,05/25/2024,False
7948,The Villages of Briar Forest,0928,2x2,1138,1616,05/26/2024,False
7949,The Villages of Briar Forest,0928,2x2,1138,1616,05/27/2024,False
7950,The Villages of Briar Forest,0928,2x2,1138,1616,05/28/2024,False
7951,The Villages of Briar Forest,0928,2x2,1138,1616,05/29/2024,False
7952,The Villages of Briar Forest,0928,2x2,1138,1611,05/30/2024,False
7953,The Villages of Briar Forest,0928,2x2,1138,1611,05/31/2024,False
7954,The Villages of Briar Forest,0928,2x2,1138,1627,06/01/2024,False
7955,The Villages of Briar Forest,0928,2x2,1138,1627,06/02/2024,True
7956,The Villages of Briar Forest,1011,2x2,1138,1626,06/21/2023,False
7957,The Villages of Briar Forest,1011,2x2,1138,1631,06/22/2023,False
7958,The Villages of Briar Forest,1011,2x2,1138,1641,06/23/2023,False
7959,The Villages of Briar Forest,1011,2x2,1138,1636,06/24/2023,False
7960,The Villages of Briar Forest,1011,2x2,1138,1626,06/25/2023,False
7961,The Villages of Briar Forest,1011,2x2,1138,1626,06/26/2023,False
7962,The Villages of Briar Forest,1011,2x2,1138,1816,06/27/2023,False
7963,The Villages of Briar Forest,1011,2x2,1138,1816,06/28/2023,False
7964,The Villages of Briar Forest,1011,2x2,1138,1816,06/29/2023,False
7965,The Villages of Briar Forest,1011,2x2,1138,1816,06/30/2023,False
7966,The Villages of Briar Forest,1011,2x2,1138,1816,07/01/2023,False
7967,The Villages of Briar Forest,1011,2x2,1138,1816,07/02/2023,False
7968,The Villages of Briar Forest,1011,2x2,1138,1816,07/03/2023,False
7969,The Villages of Briar Forest,1011,2x2,1138,1816,07/04/2023,False
7970,The Villages of Briar Forest,1011,2x2,1138,1816,07/05/2023,False
7971,The Villages of Briar Forest,1011,2x2,1138,1816,07/06/2023,False
7972,The Villages of Briar Forest,1011,2x2,1138,1816,07/07/2023,False
7973,The Villages of Briar Forest,1011,2x2,1138,1791,07/08/2023,False
7974,The Villages of Briar Forest,1011,2x2,1138,1791,07/09/2023,False
7975,The Villages of Briar Forest,1011,2x2,1138,1791,07/10/2023,False
7976,The Villages of Briar Forest,1011,2x2,1138,1701,07/11/2023,False
7977,The Villages of Briar Forest,1011,2x2,1138,1701,07/12/2023,False
7978,The Villages of Briar Forest,1011,2x2,1138,1701,07/13/2023,False
7979,The Villages of Briar Forest,1011,2x2,1138,1701,07/14/2023,False
7980,The Villages of Briar Forest,1011,2x2,1138,1711,07/15/2023,False
7981,The Villages of Briar Forest,1011,2x2,1138,1711,07/16/2023,False
7982,The Villages of Briar Forest,1011,2x2,1138,1648,07/17/2023,False
7983,The Villages of Briar Forest,1011,2x2,1138,1618,07/18/2023,False
7984,The Villages of Briar Forest,1011,2x2,1138,1618,07/19/2023,False
7985,The Villages of Briar Forest,1011,2x2,1138,1624,07/20/2023,False
7986,The Villages of Briar Forest,1011,2x2,1138,1624,07/21/2023,False
7987,The Villages of Briar Forest,1011,2x2,1138,1664,07/22/2023,False
7988,The Villages of Briar Forest,1011,2x2,1138,1596,07/23/2023,False
7989,The Villages of Briar Forest,1011,2x2,1138,1596,07/24/2023,False
7990,The Villages of Briar Forest,1011,2x2,1138,1596,07/25/2023,True
7991,The Villages of Briar Forest,1011,2x2,1138,1696,06/13/2024,False
7992,The Villages of Briar Forest,1011,2x2,1138,1696,06/14/2024,False
7993,The Villages of Briar Forest,1011,2x2,1138,1696,06/15/2024,False
7994,The Villages of Briar Forest,1011,2x2,1138,1696,06/16/2024,False
7995,The Villages of Briar Forest,1011,2x2,1138,1696,06/17/2024,False
7996,The Villages of Briar Forest,1011,2x2,1138,1696,06/18/2024,False
7997,The Villages of Briar Forest,1011,2x2,1138,1696,06/19/2024,False
7998,The Villages of Briar Forest,1011,2x2,1138,1696,06/20/2024,False
7999,The Villages of Briar Forest,1011,2x2,1138,1696,06/21/2024,False
8000,The Villages of Briar Forest,1011,2x2,1138,1696,06/22/2024,False
8001,The Villages of Briar Forest,1011,2x2,1138,1696,06/23/2024,False
8002,The Villages of Briar Forest,1011,2x2,1138,1676,06/24/2024,False
8003,The Villages of Briar Forest,1011,2x2,1138,1676,06/25/2024,False
8004,The Villages of Briar Forest,1011,2x2,1138,1676,06/26/2024,False
8005,The Villages of Briar Forest,1011,2x2,1138,1676,06/27/2024,False
8006,The Villages of Briar Forest,1011,2x2,1138,1626,06/28/2024,False
8007,The Villages of Briar Forest,1011,2x2,1138,1626,06/29/2024,False
8008,The Villages of Briar Forest,1011,2x2,1138,1626,06/30/2024,False
8009,The Villages of Briar Forest,1011,2x2,1138,1624,07/01/2024,False
8010,The Villages of Briar Forest,1011,2x2,1138,1578,07/02/2024,False
8011,The Villages of Briar Forest,1011,2x2,1138,1578,07/03/2024,False
8012,The Villages of Briar Forest,1011,2x2,1138,1578,07/04/2024,False
8013,The Villages of Briar Forest,1011,2x2,1138,1573,07/05/2024,False
8014,The Villages of Briar Forest,1011,2x2,1138,1573,07/06/2024,False
8015,The Villages of Briar Forest,1011,2x2,1138,1573,07/07/2024,False
8016,The Villages of Briar Forest,1011,2x2,1138,1573,07/08/2024,False
8017,The Villages of Briar Forest,1011,2x2,1138,1573,07/09/2024,False
8018,The Villages of Briar Forest,1011,2x2,1138,1573,07/10/2024,False
8019,The Villages of Briar Forest,1011,2x2,1138,1573,07/11/2024,False
8020,The Villages of Briar Forest,1011,2x2,1138,1573,07/12/2024,False
8021,The Villages of Briar Forest,1011,2x2,1138,1573,07/13/2024,False
8022,The Villages of Briar Forest,1011,2x2,1138,1573,07/14/2024,False
8023,The Villages of Briar Forest,1011,2x2,1138,1573,07/15/2024,False
8024,The Villages of Briar Forest,1011,2x2,1138,1573,07/16/2024,False
8025,The Villages of Briar Forest,1011,2x2,1138,1573,07/17/2024,False
8026,The Villages of Briar Forest,1011,2x2,1138,1573,07/18/2024,False
8027,The Villages of Briar Forest,1011,2x2,1138,1573,07/19/2024,False
8028,The Villages of Briar Forest,1011,2x2,1138,1573,07/20/2024,False
8029,The Villages of Briar Forest,1011,2x2,1138,1573,07/21/2024,False
8030,The Villages of Briar Forest,1011,2x2,1138,1573,07/22/2024,False
8031,The Villages of Briar Forest,1011,2x2,1138,1573,07/23/2024,True
8032,The Villages of Briar Forest,1012,1x1,817,1048,10/31/2023,False
8033,The Villages of Briar Forest,1012,1x1,817,1110,11/01/2023,False
8034,The Villages of Briar Forest,1012,1x1,817,1110,11/02/2023,False
8035,The Villages of Briar Forest,1012,1x1,817,1110,11/03/2023,False
8036,The Villages of Briar Forest,1012,1x1,817,1110,11/04/2023,False
8037,The Villages of Briar Forest,1012,1x1,817,1110,11/05/2023,False
8038,The Villages of Briar Forest,1012,1x1,817,1110,11/06/2023,False
8039,The Villages of Briar Forest,1012,1x1,817,1110,11/07/2023,False
8040,The Villages of Briar Forest,1012,1x1,817,1150,11/08/2023,False
8041,The Villages of Briar Forest,1012,1x1,817,1150,11/09/2023,False
8042,The Villages of Briar Forest,1012,1x1,817,1150,11/10/2023,False
8043,The Villages of Briar Forest,1012,1x1,817,1150,11/11/2023,False
8044,The Villages of Briar Forest,1012,1x1,817,1150,11/12/2023,False
8045,The Villages of Briar Forest,1012,1x1,817,1150,11/13/2023,False
8046,The Villages of Briar Forest,1012,1x1,817,1150,11/14/2023,False
8047,The Villages of Briar Forest,1012,1x1,817,1150,11/15/2023,False
8048,The Villages of Briar Forest,1012,1x1,817,1150,11/16/2023,False
8049,The Villages of Briar Forest,1012,1x1,817,1130,11/17/2023,False
8050,The Villages of Briar Forest,1012,1x1,817,1130,11/18/2023,False
8051,The Villages of Briar Forest,1012,1x1,817,1130,11/19/2023,False
8052,The Villages of Briar Forest,1012,1x1,817,1130,11/20/2023,False
8053,The Villages of Briar Forest,1012,1x1,817,1130,11/21/2023,False
8054,The Villages of Briar Forest,1012,1x1,817,1130,11/22/2023,False
8055,The Villages of Briar Forest,1012,1x1,817,1130,11/23/2023,False
8056,The Villages of Briar Forest,1012,1x1,817,1115,11/24/2023,False
8057,The Villages of Briar Forest,1012,1x1,817,1115,11/25/2023,False
8058,The Villages of Briar Forest,1012,1x1,817,1115,11/26/2023,False
8059,The Villages of Briar Forest,1012,1x1,817,1115,11/27/2023,False
8060,The Villages of Briar Forest,1012,1x1,817,1115,11/28/2023,False
8061,The Villages of Briar Forest,1012,1x1,817,1115,11/29/2023,False
8062,The Villages of Briar Forest,1012,1x1,817,1115,11/30/2023,False
8063,The Villages of Briar Forest,1012,1x1,817,1115,12/01/2023,False
8064,The Villages of Briar Forest,1012,1x1,817,1195,12/02/2023,False
8065,The Villages of Briar Forest,1012,1x1,817,1195,12/03/2023,False
8066,The Villages of Briar Forest,1012,1x1,817,1195,12/04/2023,False
8067,The Villages of Briar Forest,1012,1x1,817,1195,12/05/2023,False
8068,The Villages of Briar Forest,1012,1x1,817,1195,12/06/2023,False
8069,The Villages of Briar Forest,1012,1x1,817,1195,12/07/2023,False
8070,The Villages of Briar Forest,1012,1x1,817,1245,12/08/2023,False
8071,The Villages of Briar Forest,1012,1x1,817,1245,12/09/2023,False
8072,The Villages of Briar Forest,1012,1x1,817,1245,12/10/2023,False
8073,The Villages of Briar Forest,1012,1x1,817,1245,12/11/2023,False
8074,The Villages of Briar Forest,1012,1x1,817,1245,12/12/2023,False
8075,The Villages of Briar Forest,1012,1x1,817,1245,12/13/2023,False
8076,The Villages of Briar Forest,1012,1x1,817,1245,12/14/2023,False
8077,The Villages of Briar Forest,1012,1x1,817,1245,12/15/2023,False
8078,The Villages of Briar Forest,1012,1x1,817,1245,12/16/2023,False
8079,The Villages of Briar Forest,1012,1x1,817,1245,12/17/2023,False
8080,The Villages of Briar Forest,1012,1x1,817,1245,12/18/2023,False
8081,The Villages of Briar Forest,1012,1x1,817,1245,12/19/2023,False
8082,The Villages of Briar Forest,1012,1x1,817,1245,12/20/2023,False
8083,The Villages of Briar Forest,1012,1x1,817,1245,12/21/2023,False
8084,The Villages of Briar Forest,1012,1x1,817,1245,12/22/2023,False
8085,The Villages of Briar Forest,1012,1x1,817,1245,12/23/2023,False
8086,The Villages of Briar Forest,1012,1x1,817,1245,12/24/2023,False
8087,The Villages of Briar Forest,1012,1x1,817,1245,12/25/2023,False
8088,The Villages of Briar Forest,1012,1x1,817,1245,12/26/2023,False
8089,The Villages of Briar Forest,1012,1x1,817,1245,12/27/2023,False
8090,The Villages of Briar Forest,1012,1x1,817,1245,12/28/2023,False
8091,The Villages of Briar Forest,1012,1x1,817,1245,12/29/2023,False
8092,The Villages of Briar Forest,1012,1x1,817,1185,12/30/2023,False
8093,The Villages of Briar Forest,1012,1x1,817,1185,12/31/2023,False
8094,The Villages of Briar Forest,1012,1x1,817,1185,01/01/2024,False
8095,The Villages of Briar Forest,1012,1x1,817,1185,01/02/2024,False
8096,The Villages of Briar Forest,1012,1x1,817,1185,01/03/2024,False
8097,The Villages of Briar Forest,1012,1x1,817,1185,01/04/2024,False
8098,The Villages of Briar Forest,1012,1x1,817,1185,01/05/2024,False
8099,The Villages of Briar Forest,1012,1x1,817,1185,01/06/2024,False
8100,The Villages of Briar Forest,1012,1x1,817,1185,01/07/2024,False
8101,The Villages of Briar Forest,1012,1x1,817,1185,01/08/2024,False
8102,The Villages of Briar Forest,1012,1x1,817,1185,01/09/2024,False
8103,The Villages of Briar Forest,1012,1x1,817,1185,01/10/2024,False
8104,The Villages of Briar Forest,1012,1x1,817,1185,01/11/2024,False
8105,The Villages of Briar Forest,1012,1x1,817,1185,01/12/2024,False
8106,The Villages of Briar Forest,1012,1x1,817,1220,01/13/2024,False
8107,The Villages of Briar Forest,1012,1x1,817,1240,01/14/2024,False
8108,The Villages of Briar Forest,1012,1x1,817,1240,01/15/2024,False
8109,The Villages of Briar Forest,1012,1x1,817,1240,01/16/2024,False
8110,The Villages of Briar Forest,1012,1x1,817,1240,01/17/2024,False
8111,The Villages of Briar Forest,1012,1x1,817,1240,01/18/2024,False
8112,The Villages of Briar Forest,1012,1x1,817,1240,01/19/2024,False
8113,The Villages of Briar Forest,1012,1x1,817,1190,01/20/2024,False
8114,The Villages of Briar Forest,1012,1x1,817,1190,01/21/2024,False
8115,The Villages of Briar Forest,1012,1x1,817,1190,01/22/2024,False
8116,The Villages of Briar Forest,1012,1x1,817,1190,01/23/2024,False
8117,The Villages of Briar Forest,1012,1x1,817,1190,01/24/2024,False
8118,The Villages of Briar Forest,1012,1x1,817,1190,01/25/2024,False
8119,The Villages of Briar Forest,1012,1x1,817,1165,01/26/2024,False
8120,The Villages of Briar Forest,1012,1x1,817,1165,01/27/2024,False
8121,The Villages of Briar Forest,1012,1x1,817,1165,01/28/2024,False
8122,The Villages of Briar Forest,1012,1x1,817,1165,01/29/2024,False
8123,The Villages of Briar Forest,1012,1x1,817,1165,01/30/2024,False
8124,The Villages of Briar Forest,1012,1x1,817,1270,01/31/2024,False
8125,The Villages of Briar Forest,1012,1x1,817,1270,02/01/2024,False
8126,The Villages of Briar Forest,1012,1x1,817,1270,02/02/2024,False
8127,The Villages of Briar Forest,1012,1x1,817,1245,02/03/2024,False
8128,The Villages of Briar Forest,1012,1x1,817,1245,02/04/2024,False
8129,The Villages of Briar Forest,1012,1x1,817,1245,02/05/2024,False
8130,The Villages of Briar Forest,1012,1x1,817,1245,02/06/2024,False
8131,The Villages of Briar Forest,1012,1x1,817,1245,02/07/2024,False
8132,The Villages of Briar Forest,1012,1x1,817,1245,02/08/2024,False
8133,The Villages of Briar Forest,1012,1x1,817,1245,02/09/2024,False
8134,The Villages of Briar Forest,1012,1x1,817,1185,02/10/2024,False
8135,The Villages of Briar Forest,1012,1x1,817,1185,02/11/2024,False
8136,The Villages of Briar Forest,1012,1x1,817,1185,02/12/2024,False
8137,The Villages of Briar Forest,1012,1x1,817,1185,02/13/2024,False
8138,The Villages of Briar Forest,1012,1x1,817,1205,02/14/2024,False
8139,The Villages of Briar Forest,1012,1x1,817,1205,02/15/2024,False
8140,The Villages of Briar Forest,1012,1x1,817,1205,02/16/2024,False
8141,The Villages of Briar Forest,1012,1x1,817,1200,02/17/2024,False
8142,The Villages of Briar Forest,1012,1x1,817,1200,02/18/2024,False
8143,The Villages of Briar Forest,1012,1x1,817,1200,02/19/2024,False
8144,The Villages of Briar Forest,1012,1x1,817,1200,02/20/2024,False
8145,The Villages of Briar Forest,1012,1x1,817,1200,02/21/2024,False
8146,The Villages of Briar Forest,1012,1x1,817,1200,02/22/2024,False
8147,The Villages of Briar Forest,1012,1x1,817,1200,02/23/2024,False
8148,The Villages of Briar Forest,1012,1x1,817,1200,02/24/2024,False
8149,The Villages of Briar Forest,1012,1x1,817,1200,02/25/2024,False
8150,The Villages of Briar Forest,1012,1x1,817,1153,02/26/2024,False
8151,The Villages of Briar Forest,1012,1x1,817,1158,02/27/2024,False
8152,The Villages of Briar Forest,1012,1x1,817,1158,02/28/2024,False
8153,The Villages of Briar Forest,1012,1x1,817,1195,02/29/2024,False
8154,The Villages of Briar Forest,1012,1x1,817,1195,03/01/2024,False
8155,The Villages of Briar Forest,1012,1x1,817,1185,03/02/2024,False
8156,The Villages of Briar Forest,1012,1x1,817,1185,03/03/2024,False
8157,The Villages of Briar Forest,1012,1x1,817,1185,03/04/2024,False
8158,The Villages of Briar Forest,1012,1x1,817,1185,03/05/2024,False
8159,The Villages of Briar Forest,1012,1x1,817,1185,03/06/2024,False
8160,The Villages of Briar Forest,1012,1x1,817,1185,03/07/2024,False
8161,The Villages of Briar Forest,1012,1x1,817,1185,03/08/2024,False
8162,The Villages of Briar Forest,1012,1x1,817,1180,03/09/2024,False
8163,The Villages of Briar Forest,1012,1x1,817,1180,03/10/2024,False
8164,The Villages of Briar Forest,1012,1x1,817,1180,03/11/2024,False
8165,The Villages of Briar Forest,1012,1x1,817,1180,03/12/2024,True
8166,The Villages of Briar Forest,1013,1x1,817,1245,12/24/2023,False
8167,The Villages of Briar Forest,1013,1x1,817,1245,12/25/2023,False
8168,The Villages of Briar Forest,1013,1x1,817,1245,12/26/2023,False
8169,The Villages of Briar Forest,1013,1x1,817,1245,12/27/2023,False
8170,The Villages of Briar Forest,1013,1x1,817,1245,12/28/2023,False
8171,The Villages of Briar Forest,1013,1x1,817,1245,12/29/2023,False
8172,The Villages of Briar Forest,1013,1x1,817,1185,12/30/2023,False
8173,The Villages of Briar Forest,1013,1x1,817,1185,12/31/2023,False
8174,The Villages of Briar Forest,1013,1x1,817,1185,01/01/2024,False
8175,The Villages of Briar Forest,1013,1x1,817,1185,01/02/2024,False
8176,The Villages of Briar Forest,1013,1x1,817,1185,01/03/2024,False
8177,The Villages of Briar Forest,1013,1x1,817,1185,01/04/2024,False
8178,The Villages of Briar Forest,1013,1x1,817,1185,01/05/2024,False
8179,The Villages of Briar Forest,1013,1x1,817,1190,01/06/2024,False
8180,The Villages of Briar Forest,1013,1x1,817,1190,01/07/2024,False
8181,The Villages of Briar Forest,1013,1x1,817,1190,01/08/2024,False
8182,The Villages of Briar Forest,1013,1x1,817,1190,01/09/2024,False
8183,The Villages of Briar Forest,1013,1x1,817,1190,01/10/2024,False
8184,The Villages of Briar Forest,1013,1x1,817,1190,01/11/2024,False
8185,The Villages of Briar Forest,1013,1x1,817,1190,01/12/2024,False
8186,The Villages of Briar Forest,1013,1x1,817,1190,01/13/2024,True
8187,The Villages of Briar Forest,1014,2x2,1138,1591,09/30/2024,False
8188,The Villages of Briar Forest,1014,2x2,1138,1591,10/01/2024,False
8189,The Villages of Briar Forest,1014,2x2,1138,1588,10/02/2024,False
8190,The Villages of Briar Forest,1014,2x2,1138,1583,10/03/2024,False
8191,The Villages of Briar Forest,1014,2x2,1138,1583,10/04/2024,False
8192,The Villages of Briar Forest,1014,2x2,1138,1581,10/05/2024,False
8193,The Villages of Briar Forest,1014,2x2,1138,1591,10/06/2024,False
8194,The Villages of Briar Forest,1014,2x2,1138,1588,10/07/2024,False
8195,The Villages of Briar Forest,1014,2x2,1138,1593,10/08/2024,False
8196,The Villages of Briar Forest,1014,2x2,1138,1593,10/09/2024,False
8197,The Villages of Briar Forest,1014,2x2,1138,1616,10/10/2024,False
8198,The Villages of Briar Forest,1014,2x2,1138,1616,10/11/2024,False
8199,The Villages of Briar Forest,1014,2x2,1138,1611,10/12/2024,False
8200,The Villages of Briar Forest,1014,2x2,1138,1611,10/13/2024,False
8201,The Villages of Briar Forest,1014,2x2,1138,1611,10/14/2024,False
8202,The Villages of Briar Forest,1014,2x2,1138,1606,10/15/2024,False
8203,The Villages of Briar Forest,1014,2x2,1138,1606,10/16/2024,False
8204,The Villages of Briar Forest,1014,2x2,1138,1616,10/17/2024,False
8205,The Villages of Briar Forest,1014,2x2,1138,1621,10/18/2024,False
8206,The Villages of Briar Forest,1014,2x2,1138,1616,10/19/2024,False
8207,The Villages of Briar Forest,1014,2x2,1138,1621,10/20/2024,False
8208,The Villages of Briar Forest,1014,2x2,1138,1621,10/21/2024,False
8209,The Villages of Briar Forest,1014,2x2,1138,1621,10/22/2024,False
8210,The Villages of Briar Forest,1014,2x2,1138,1621,10/23/2024,False
8211,The Villages of Briar Forest,1014,2x2,1138,1621,10/24/2024,False
8212,The Villages of Briar Forest,1014,2x2,1138,1616,10/25/2024,False
8213,The Villages of Briar Forest,1014,2x2,1138,1631,10/26/2024,False
8214,The Villages of Briar Forest,1014,2x2,1138,1631,10/27/2024,False
8215,The Villages of Briar Forest,1014,2x2,1138,1631,10/28/2024,False
8216,The Villages of Briar Forest,1014,2x2,1138,1641,10/29/2024,False
8217,The Villages of Briar Forest,1014,2x2,1138,1656,10/30/2024,False
8218,The Villages of Briar Forest,1014,2x2,1138,1661,10/31/2024,False
8219,The Villages of Briar Forest,1014,2x2,1138,1656,11/01/2024,False
8220,The Villages of Briar Forest,1014,2x2,1138,1656,11/02/2024,False
8221,The Villages of Briar Forest,1014,2x2,1138,1656,11/03/2024,False
8222,The Villages of Briar Forest,1014,2x2,1138,1656,11/04/2024,False
8223,The Villages of Briar Forest,1014,2x2,1138,1656,11/05/2024,False
8224,The Villages of Briar Forest,1014,2x2,1138,1651,11/06/2024,False
8225,The Villages of Briar Forest,1014,2x2,1138,1656,11/07/2024,False
8226,The Villages of Briar Forest,1014,2x2,1138,1676,11/08/2024,False
8227,The Villages of Briar Forest,1014,2x2,1138,1676,11/09/2024,False
8228,The Villages of Briar Forest,1014,2x2,1138,1661,11/10/2024,False
8229,The Villages of Briar Forest,1014,2x2,1138,1656,11/11/2024,False
8230,The Villages of Briar Forest,1014,2x2,1138,1646,11/12/2024,False
8231,The Villages of Briar Forest,1014,2x2,1138,1651,11/13/2024,False
8232,The Villages of Briar Forest,1014,2x2,1138,1651,11/14/2024,False
8233,The Villages of Briar Forest,1014,2x2,1138,1636,11/15/2024,False
8234,The Villages of Briar Forest,1014,2x2,1138,1636,11/16/2024,False
8235,The Villages of Briar Forest,1014,2x2,1138,1636,11/17/2024,False
8236,The Villages of Briar Forest,1014,2x2,1138,1626,11/18/2024,False
8237,The Villages of Briar Forest,1014,2x2,1138,1626,11/19/2024,False
8238,The Villages of Briar Forest,1014,2x2,1138,1576,11/20/2024,False
8239,The Villages of Briar Forest,1014,2x2,1138,1571,11/21/2024,False
8240,The Villages of Briar Forest,1014,2x2,1138,1606,11/22/2024,False
8241,The Villages of Briar Forest,1014,2x2,1138,1486,11/23/2024,False
8242,The Villages of Briar Forest,1014,2x2,1138,1491,11/24/2024,False
8243,The Villages of Briar Forest,1014,2x2,1138,1481,11/25/2024,False
8244,The Villages of Briar Forest,1014,2x2,1138,1551,11/26/2024,False
8245,The Villages of Briar Forest,1014,2x2,1138,1476,11/27/2024,True
8246,The Villages of Briar Forest,1015,2x2,1138,1436,06/17/2023,False
8247,The Villages of Briar Forest,1015,2x2,1138,1436,06/18/2023,False
8248,The Villages of Briar Forest,1015,2x2,1138,1436,06/19/2023,False
8249,The Villages of Briar Forest,1015,2x2,1138,1436,06/20/2023,False
8250,The Villages of Briar Forest,1015,2x2,1138,1436,06/21/2023,False
8251,The Villages of Briar Forest,1015,2x2,1138,1436,06/22/2023,False
8252,The Villages of Briar Forest,1015,2x2,1138,1436,06/23/2023,False
8253,The Villages of Briar Forest,1015,2x2,1138,1436,06/24/2023,False
8254,The Villages of Briar Forest,1015,2x2,1138,1436,06/25/2023,False
8255,The Villages of Briar Forest,1015,2x2,1138,1436,06/26/2023,False
8256,The Villages of Briar Forest,1015,2x2,1138,1436,06/27/2023,False
8257,The Villages of Briar Forest,1015,2x2,1138,1436,06/28/2023,False
8258,The Villages of Briar Forest,1015,2x2,1138,1436,06/29/2023,False
8259,The Villages of Briar Forest,1015,2x2,1138,1436,06/30/2023,False
8260,The Villages of Briar Forest,1015,2x2,1138,1436,07/01/2023,False
8261,The Villages of Briar Forest,1015,2x2,1138,1436,07/02/2023,False
8262,The Villages of Briar Forest,1015,2x2,1138,1436,07/03/2023,False
8263,The Villages of Briar Forest,1015,2x2,1138,1436,07/04/2023,False
8264,The Villages of Briar Forest,1015,2x2,1138,1436,07/05/2023,False
8265,The Villages of Briar Forest,1015,2x2,1138,1436,07/06/2023,False
8266,The Villages of Briar Forest,1015,2x2,1138,1436,07/07/2023,False
8267,The Villages of Briar Forest,1015,2x2,1138,1436,07/08/2023,False
8268,The Villages of Briar Forest,1015,2x2,1138,1436,07/09/2023,False
8269,The Villages of Briar Forest,1015,2x2,1138,1436,07/10/2023,False
8270,The Villages of Briar Forest,1015,2x2,1138,1436,07/11/2023,False
8271,The Villages of Briar Forest,1015,2x2,1138,1436,07/12/2023,False
8272,The Villages of Briar Forest,1015,2x2,1138,1436,07/13/2023,False
8273,The Villages of Briar Forest,1015,2x2,1138,1436,07/14/2023,False
8274,The Villages of Briar Forest,1015,2x2,1138,1436,07/15/2023,False
8275,The Villages of Briar Forest,1015,2x2,1138,1436,07/16/2023,False
8276,The Villages of Briar Forest,1015,2x2,1138,1436,07/17/2023,False
8277,The Villages of Briar Forest,1015,2x2,1138,1436,07/18/2023,False
8278,The Villages of Briar Forest,1015,2x2,1138,1436,07/19/2023,False
8279,The Villages of Briar Forest,1015,2x2,1138,1374,07/20/2023,False
8280,The Villages of Briar Forest,1015,2x2,1138,1374,07/21/2023,False
8281,The Villages of Briar Forest,1015,2x2,1138,1374,07/22/2023,False
8282,The Villages of Briar Forest,1015,2x2,1138,1374,07/23/2023,False
8283,The Villages of Briar Forest,1015,2x2,1138,1374,07/24/2023,False
8284,The Villages of Briar Forest,1015,2x2,1138,1374,07/25/2023,False
8285,The Villages of Briar Forest,1015,2x2,1138,1374,07/26/2023,False
8286,The Villages of Briar Forest,1015,2x2,1138,1374,07/27/2023,False
8287,The Villages of Briar Forest,1015,2x2,1138,1374,07/28/2023,False
8288,The Villages of Briar Forest,1015,2x2,1138,1374,07/29/2023,False
8289,The Villages of Briar Forest,1015,2x2,1138,1374,07/30/2023,False
8290,The Villages of Briar Forest,1015,2x2,1138,1374,07/31/2023,False
8291,The Villages of Briar Forest,1015,2x2,1138,1374,08/01/2023,False
8292,The Villages of Briar Forest,1015,2x2,1138,1374,08/02/2023,False
8293,The Villages of Briar Forest,1015,2x2,1138,1374,08/03/2023,False
8294,The Villages of Briar Forest,1015,2x2,1138,1374,08/04/2023,False
8295,The Villages of Briar Forest,1015,2x2,1138,1698,08/05/2023,False
8296,The Villages of Briar Forest,1015,2x2,1138,1698,08/06/2023,False
8297,The Villages of Briar Forest,1015,2x2,1138,1698,08/07/2023,False
8298,The Villages of Briar Forest,1015,2x2,1138,1698,08/08/2023,False
8299,The Villages of Briar Forest,1015,2x2,1138,1574,08/09/2023,False
8300,The Villages of Briar Forest,1015,2x2,1138,1574,08/10/2023,True
8301,The Villages of Briar Forest,1015,2x2,1138,1596,01/13/2024,False
8302,The Villages of Briar Forest,1015,2x2,1138,1616,01/14/2024,False
8303,The Villages of Briar Forest,1015,2x2,1138,1616,01/15/2024,False
8304,The Villages of Briar Forest,1015,2x2,1138,1616,01/16/2024,False
8305,The Villages of Briar Forest,1015,2x2,1138,1616,01/17/2024,False
8306,The Villages of Briar Forest,1015,2x2,1138,1616,01/18/2024,False
8307,The Villages of Briar Forest,1015,2x2,1138,1616,01/19/2024,False
8308,The Villages of Briar Forest,1015,2x2,1138,1541,01/20/2024,False
8309,The Villages of Briar Forest,1015,2x2,1138,1541,01/21/2024,False
8310,The Villages of Briar Forest,1015,2x2,1138,1541,01/22/2024,False
8311,The Villages of Briar Forest,1015,2x2,1138,1541,01/23/2024,False
8312,The Villages of Briar Forest,1015,2x2,1138,1541,01/24/2024,False
8313,The Villages of Briar Forest,1015,2x2,1138,1541,01/25/2024,False
8314,The Villages of Briar Forest,1015,2x2,1138,1526,01/26/2024,False
8315,The Villages of Briar Forest,1015,2x2,1138,1526,01/27/2024,False
8316,The Villages of Briar Forest,1015,2x2,1138,1526,01/28/2024,False
8317,The Villages of Briar Forest,1015,2x2,1138,1526,01/29/2024,False
8318,The Villages of Briar Forest,1015,2x2,1138,1526,01/30/2024,False
8319,The Villages of Briar Forest,1015,2x2,1138,1601,01/31/2024,False
8320,The Villages of Briar Forest,1015,2x2,1138,1601,02/01/2024,False
8321,The Villages of Briar Forest,1015,2x2,1138,1601,02/02/2024,False
8322,The Villages of Briar Forest,1015,2x2,1138,1636,02/03/2024,False
8323,The Villages of Briar Forest,1015,2x2,1138,1636,02/04/2024,False
8324,The Villages of Briar Forest,1015,2x2,1138,1636,02/05/2024,False
8325,The Villages of Briar Forest,1015,2x2,1138,1636,02/06/2024,False
8326,The Villages of Briar Forest,1015,2x2,1138,1636,02/07/2024,False
8327,The Villages of Briar Forest,1015,2x2,1138,1636,02/08/2024,False
8328,The Villages of Briar Forest,1015,2x2,1138,1636,02/09/2024,False
8329,The Villages of Briar Forest,1015,2x2,1138,1596,02/10/2024,False
8330,The Villages of Briar Forest,1015,2x2,1138,1596,02/11/2024,False
8331,The Villages of Briar Forest,1015,2x2,1138,1596,02/12/2024,False
8332,The Villages of Briar Forest,1015,2x2,1138,1596,02/13/2024,False
8333,The Villages of Briar Forest,1015,2x2,1138,1616,02/14/2024,False
8334,The Villages of Briar Forest,1015,2x2,1138,1616,02/15/2024,False
8335,The Villages of Briar Forest,1015,2x2,1138,1616,02/16/2024,False
8336,The Villages of Briar Forest,1015,2x2,1138,1596,02/17/2024,False
8337,The Villages of Briar Forest,1015,2x2,1138,1596,02/18/2024,False
8338,The Villages of Briar Forest,1015,2x2,1138,1596,02/19/2024,False
8339,The Villages of Briar Forest,1015,2x2,1138,1596,02/20/2024,False
8340,The Villages of Briar Forest,1015,2x2,1138,1596,02/21/2024,False
8341,The Villages of Briar Forest,1015,2x2,1138,1596,02/22/2024,False
8342,The Villages of Briar Forest,1015,2x2,1138,1596,02/23/2024,False
8343,The Villages of Briar Forest,1015,2x2,1138,1596,02/24/2024,False
8344,The Villages of Briar Forest,1015,2x2,1138,1596,02/25/2024,False
8345,The Villages of Briar Forest,1015,2x2,1138,1524,02/26/2024,False
8346,The Villages of Briar Forest,1015,2x2,1138,1554,02/27/2024,False
8347,The Villages of Briar Forest,1015,2x2,1138,1554,02/28/2024,False
8348,The Villages of Briar Forest,1015,2x2,1138,1566,02/29/2024,False
8349,The Villages of Briar Forest,1015,2x2,1138,1566,03/01/2024,False
8350,The Villages of Briar Forest,1015,2x2,1138,1566,03/02/2024,False
8351,The Villages of Briar Forest,1015,2x2,1138,1566,03/03/2024,False
8352,The Villages of Briar Forest,1015,2x2,1138,1566,03/04/2024,False
8353,The Villages of Briar Forest,1015,2x2,1138,1566,03/05/2024,False
8354,The Villages of Briar Forest,1015,2x2,1138,1566,03/06/2024,False
8355,The Villages of Briar Forest,1015,2x2,1138,1566,03/07/2024,False
8356,The Villages of Briar Forest,1015,2x2,1138,1566,03/08/2024,False
8357,The Villages of Briar Forest,1015,2x2,1138,1566,03/09/2024,False
8358,The Villages of Briar Forest,1015,2x2,1138,1566,03/10/2024,False
8359,The Villages of Briar Forest,1015,2x2,1138,1566,03/11/2024,False
8360,The Villages of Briar Forest,1015,2x2,1138,1561,03/12/2024,False
8361,The Villages of Briar Forest,1015,2x2,1138,1561,03/13/2024,False
8362,The Villages of Briar Forest,1015,2x2,1138,1561,03/14/2024,False
8363,The Villages of Briar Forest,1015,2x2,1138,1561,03/15/2024,False
8364,The Villages of Briar Forest,1015,2x2,1138,1561,03/16/2024,True
8365,The Villages of Briar Forest,1015,2x2,1138,1624,06/28/2024,False
8366,The Villages of Briar Forest,1015,2x2,1138,1624,06/29/2024,False
8367,The Villages of Briar Forest,1015,2x2,1138,1624,06/30/2024,False
8368,The Villages of Briar Forest,1015,2x2,1138,1624,07/01/2024,False
8369,The Villages of Briar Forest,1015,2x2,1138,1578,07/02/2024,False
8370,The Villages of Briar Forest,1015,2x2,1138,1578,07/03/2024,False
8371,The Villages of Briar Forest,1015,2x2,1138,1578,07/04/2024,False
8372,The Villages of Briar Forest,1015,2x2,1138,1573,07/05/2024,False
8373,The Villages of Briar Forest,1015,2x2,1138,1573,07/06/2024,False
8374,The Villages of Briar Forest,1015,2x2,1138,1573,07/07/2024,False
8375,The Villages of Briar Forest,1015,2x2,1138,1573,07/08/2024,False
8376,The Villages of Briar Forest,1015,2x2,1138,1573,07/09/2024,False
8377,The Villages of Briar Forest,1015,2x2,1138,1573,07/10/2024,False
8378,The Villages of Briar Forest,1015,2x2,1138,1573,07/11/2024,False
8379,The Villages of Briar Forest,1015,2x2,1138,1573,07/12/2024,False
8380,The Villages of Briar Forest,1015,2x2,1138,1573,07/13/2024,False
8381,The Villages of Briar Forest,1015,2x2,1138,1573,07/14/2024,False
8382,The Villages of Briar Forest,1015,2x2,1138,1573,07/15/2024,False
8383,The Villages of Briar Forest,1015,2x2,1138,1573,07/16/2024,False
8384,The Villages of Briar Forest,1015,2x2,1138,1573,07/17/2024,False
8385,The Villages of Briar Forest,1015,2x2,1138,1573,07/18/2024,False
8386,The Villages of Briar Forest,1015,2x2,1138,1573,07/19/2024,False
8387,The Villages of Briar Forest,1015,2x2,1138,1573,07/20/2024,False
8388,The Villages of Briar Forest,1015,2x2,1138,1573,07/21/2024,False
8389,The Villages of Briar Forest,1015,2x2,1138,1573,07/22/2024,False
8390,The Villages of Briar Forest,1015,2x2,1138,1573,07/23/2024,False
8391,The Villages of Briar Forest,1015,2x2,1138,1573,07/24/2024,False
8392,The Villages of Briar Forest,1015,2x2,1138,1573,07/25/2024,False
8393,The Villages of Briar Forest,1015,2x2,1138,1573,07/26/2024,False
8394,The Villages of Briar Forest,1015,2x2,1138,1573,07/27/2024,False
8395,The Villages of Briar Forest,1015,2x2,1138,1573,07/28/2024,False
8396,The Villages of Briar Forest,1015,2x2,1138,1573,07/29/2024,False
8397,The Villages of Briar Forest,1015,2x2,1138,1573,07/30/2024,False
8398,The Villages of Briar Forest,1015,2x2,1138,1573,07/31/2024,False
8399,The Villages of Briar Forest,1015,2x2,1138,1573,08/01/2024,False
8400,The Villages of Briar Forest,1015,2x2,1138,1573,08/02/2024,False
8401,The Villages of Briar Forest,1015,2x2,1138,1573,08/03/2024,False
8402,The Villages of Briar Forest,1015,2x2,1138,1573,08/04/2024,False
8403,The Villages of Briar Forest,1015,2x2,1138,1573,08/05/2024,False
8404,The Villages of Briar Forest,1015,2x2,1138,1573,08/06/2024,False
8405,The Villages of Briar Forest,1015,2x2,1138,1573,08/07/2024,False
8406,The Villages of Briar Forest,1015,2x2,1138,1573,08/08/2024,False
8407,The Villages of Briar Forest,1015,2x2,1138,1573,08/09/2024,False
8408,The Villages of Briar Forest,1015,2x2,1138,1573,08/10/2024,False
8409,The Villages of Briar Forest,1015,2x2,1138,1573,08/11/2024,False
8410,The Villages of Briar Forest,1015,2x2,1138,1573,08/12/2024,False
8411,The Villages of Briar Forest,1015,2x2,1138,1573,08/13/2024,False
8412,The Villages of Briar Forest,1015,2x2,1138,1573,08/14/2024,False
8413,The Villages of Briar Forest,1015,2x2,1138,1573,08/15/2024,False
8414,The Villages of Briar Forest,1015,2x2,1138,1641,08/16/2024,False
8415,The Villages of Briar Forest,1015,2x2,1138,1641,08/17/2024,False
8416,The Villages of Briar Forest,1015,2x2,1138,1641,08/18/2024,False
8417,The Villages of Briar Forest,1015,2x2,1138,1641,08/19/2024,False
8418,The Villages of Briar Forest,1015,2x2,1138,1641,08/20/2024,False
8419,The Villages of Briar Forest,1015,2x2,1138,1641,08/21/2024,False
8420,The Villages of Briar Forest,1015,2x2,1138,1641,08/22/2024,False
8421,The Villages of Briar Forest,1015,2x2,1138,1641,08/23/2024,False
8422,The Villages of Briar Forest,1015,2x2,1138,1641,08/24/2024,False
8423,The Villages of Briar Forest,1015,2x2,1138,1641,08/25/2024,False
8424,The Villages of Briar Forest,1015,2x2,1138,1641,08/26/2024,False
8425,The Villages of Briar Forest,1015,2x2,1138,1641,08/27/2024,False
8426,The Villages of Briar Forest,1015,2x2,1138,1609,08/28/2024,False
8427,The Villages of Briar Forest,1015,2x2,1138,1609,08/29/2024,False
8428,The Villages of Briar Forest,1015,2x2,1138,1609,08/30/2024,False
8429,The Villages of Briar Forest,1015,2x2,1138,1609,08/31/2024,False
8430,The Villages of Briar Forest,1015,2x2,1138,1609,09/01/2024,False
8431,The Villages of Briar Forest,1015,2x2,1138,1609,09/02/2024,False
8432,The Villages of Briar Forest,1015,2x2,1138,1609,09/03/2024,False
8433,The Villages of Briar Forest,1015,2x2,1138,1609,09/04/2024,False
8434,The Villages of Briar Forest,1015,2x2,1138,1609,09/05/2024,False
8435,The Villages of Briar Forest,1015,2x2,1138,1609,09/06/2024,False
8436,The Villages of Briar Forest,1015,2x2,1138,1609,09/07/2024,False
8437,The Villages of Briar Forest,1015,2x2,1138,1609,09/08/2024,False
8438,The Villages of Briar Forest,1015,2x2,1138,1609,09/09/2024,False
8439,The Villages of Briar Forest,1015,2x2,1138,1609,09/10/2024,False
8440,The Villages of Briar Forest,1015,2x2,1138,1609,09/11/2024,False
8441,The Villages of Briar Forest,1015,2x2,1138,1609,09/12/2024,False
8442,The Villages of Briar Forest,1015,2x2,1138,1609,09/13/2024,False
8443,The Villages of Briar Forest,1015,2x2,1138,1609,09/14/2024,False
8444,The Villages of Briar Forest,1015,2x2,1138,1609,09/15/2024,False
8445,The Villages of Briar Forest,1015,2x2,1138,1609,09/16/2024,False
8446,The Villages of Briar Forest,1015,2x2,1138,1641,09/17/2024,False
8447,The Villages of Briar Forest,1015,2x2,1138,1641,09/18/2024,False
8448,The Villages of Briar Forest,1015,2x2,1138,1641,09/19/2024,False
8449,The Villages of Briar Forest,1015,2x2,1138,1641,09/20/2024,False
8450,The Villages of Briar Forest,1015,2x2,1138,1641,09/21/2024,False
8451,The Villages of Briar Forest,1015,2x2,1138,1641,09/22/2024,False
8452,The Villages of Briar Forest,1015,2x2,1138,1641,09/23/2024,False
8453,The Villages of Briar Forest,1015,2x2,1138,1641,09/24/2024,False
8454,The Villages of Briar Forest,1015,2x2,1138,1641,09/25/2024,False
8455,The Villages of Briar Forest,1015,2x2,1138,1641,09/26/2024,False
8456,The Villages of Briar Forest,1015,2x2,1138,1609,09/27/2024,False
8457,The Villages of Briar Forest,1015,2x2,1138,1609,09/28/2024,False
8458,The Villages of Briar Forest,1015,2x2,1138,1641,09/29/2024,False
8459,The Villages of Briar Forest,1015,2x2,1138,1618,09/30/2024,False
8460,The Villages of Briar Forest,1015,2x2,1138,1618,10/01/2024,False
8461,The Villages of Briar Forest,1015,2x2,1138,1618,10/02/2024,False
8462,The Villages of Briar Forest,1015,2x2,1138,1618,10/03/2024,False
8463,The Villages of Briar Forest,1015,2x2,1138,1618,10/04/2024,False
8464,The Villages of Briar Forest,1015,2x2,1138,1618,10/05/2024,False
8465,The Villages of Briar Forest,1015,2x2,1138,1618,10/06/2024,False
8466,The Villages of Briar Forest,1015,2x2,1138,1618,10/07/2024,False
8467,The Villages of Briar Forest,1015,2x2,1138,1618,10/08/2024,False
8468,The Villages of Briar Forest,1015,2x2,1138,1618,10/09/2024,False
8469,The Villages of Briar Forest,1015,2x2,1138,1573,10/10/2024,False
8470,The Villages of Briar Forest,1015,2x2,1138,1573,10/11/2024,False
8471,The Villages of Briar Forest,1015,2x2,1138,1573,10/12/2024,False
8472,The Villages of Briar Forest,1015,2x2,1138,1573,10/13/2024,False
8473,The Villages of Briar Forest,1015,2x2,1138,1573,10/14/2024,False
8474,The Villages of Briar Forest,1015,2x2,1138,1573,10/15/2024,False
8475,The Villages of Briar Forest,1015,2x2,1138,1573,10/16/2024,False
8476,The Villages of Briar Forest,1015,2x2,1138,1508,10/17/2024,False
8477,The Villages of Briar Forest,1015,2x2,1138,1541,10/18/2024,False
8478,The Villages of Briar Forest,1015,2x2,1138,1541,10/19/2024,False
8479,The Villages of Briar Forest,1015,2x2,1138,1541,10/20/2024,True
8480,The Villages of Briar Forest,1017,1x1,817,1305,07/01/2023,False
8481,The Villages of Briar Forest,1017,1x1,817,1295,07/02/2023,False
8482,The Villages of Briar Forest,1017,1x1,817,1295,07/03/2023,False
8483,The Villages of Briar Forest,1017,1x1,817,1285,07/04/2023,False
8484,The Villages of Briar Forest,1017,1x1,817,1275,07/05/2023,False
8485,The Villages of Briar Forest,1017,1x1,817,1275,07/06/2023,False
8486,The Villages of Briar Forest,1017,1x1,817,1275,07/07/2023,False
8487,The Villages of Briar Forest,1017,1x1,817,1280,07/08/2023,False
8488,The Villages of Briar Forest,1017,1x1,817,1280,07/09/2023,False
8489,The Villages of Briar Forest,1017,1x1,817,1280,07/10/2023,False
8490,The Villages of Briar Forest,1017,1x1,817,1270,07/11/2023,False
8491,The Villages of Briar Forest,1017,1x1,817,1270,07/12/2023,False
8492,The Villages of Briar Forest,1017,1x1,817,1270,07/13/2023,False
8493,The Villages of Briar Forest,1017,1x1,817,1270,07/14/2023,False
8494,The Villages of Briar Forest,1017,1x1,817,1272,07/15/2023,False
8495,The Villages of Briar Forest,1017,1x1,817,1335,07/16/2023,False
8496,The Villages of Briar Forest,1017,1x1,817,1272,07/17/2023,False
8497,The Villages of Briar Forest,1017,1x1,817,1242,07/18/2023,False
8498,The Villages of Briar Forest,1017,1x1,817,1242,07/19/2023,False
8499,The Villages of Briar Forest,1017,1x1,817,1180,07/20/2023,False
8500,The Villages of Briar Forest,1017,1x1,817,1180,07/21/2023,False
8501,The Villages of Briar Forest,1017,1x1,817,1184,07/22/2023,False
8502,The Villages of Briar Forest,1017,1x1,817,1184,07/23/2023,False
8503,The Villages of Briar Forest,1017,1x1,817,1184,07/24/2023,False
8504,The Villages of Briar Forest,1017,1x1,817,1184,07/25/2023,False
8505,The Villages of Briar Forest,1017,1x1,817,1154,07/26/2023,False
8506,The Villages of Briar Forest,1017,1x1,817,1154,07/27/2023,False
8507,The Villages of Briar Forest,1017,1x1,817,1154,07/28/2023,False
8508,The Villages of Briar Forest,1017,1x1,817,1254,07/29/2023,False
8509,The Villages of Briar Forest,1017,1x1,817,1254,07/30/2023,False
8510,The Villages of Briar Forest,1017,1x1,817,1254,07/31/2023,False
8511,The Villages of Briar Forest,1017,1x1,817,1254,08/01/2023,False
8512,The Villages of Briar Forest,1017,1x1,817,1184,08/02/2023,False
8513,The Villages of Briar Forest,1017,1x1,817,1174,08/03/2023,False
8514,The Villages of Briar Forest,1017,1x1,817,1264,08/04/2023,False
8515,The Villages of Briar Forest,1017,1x1,817,1274,08/05/2023,False
8516,The Villages of Briar Forest,1017,1x1,817,1342,08/06/2023,False
8517,The Villages of Briar Forest,1017,1x1,817,1274,08/07/2023,False
8518,The Villages of Briar Forest,1017,1x1,817,1342,08/08/2023,False
8519,The Villages of Briar Forest,1017,1x1,817,1140,08/09/2023,False
8520,The Villages of Briar Forest,1017,1x1,817,1140,08/10/2023,False
8521,The Villages of Briar Forest,1017,1x1,817,1260,08/11/2023,False
8522,The Villages of Briar Forest,1017,1x1,817,1250,08/12/2023,False
8523,The Villages of Briar Forest,1017,1x1,817,1244,08/13/2023,False
8524,The Villages of Briar Forest,1017,1x1,817,1244,08/14/2023,False
8525,The Villages of Briar Forest,1017,1x1,817,1244,08/15/2023,False
8526,The Villages of Briar Forest,1017,1x1,817,1253,08/16/2023,True
8527,The Villages of Briar Forest,1017,1x1,817,1298,05/22/2024,False
8528,The Villages of Briar Forest,1017,1x1,817,1298,05/23/2024,False
8529,The Villages of Briar Forest,1017,1x1,817,1330,05/24/2024,False
8530,The Villages of Briar Forest,1017,1x1,817,1330,05/25/2024,True
8531,The Villages of Briar Forest,1017,1x1,817,1310,12/19/2024,False
8532,The Villages of Briar Forest,1017,1x1,817,1310,12/20/2024,False
8533,The Villages of Briar Forest,1017,1x1,817,1310,12/21/2024,False
8534,The Villages of Briar Forest,1017,1x1,817,1310,12/22/2024,False
8535,The Villages of Briar Forest,1017,1x1,817,1310,12/23/2024,False
8536,The Villages of Briar Forest,1017,1x1,817,1310,12/24/2024,False
8537,The Villages of Briar Forest,1017,1x1,817,1310,12/25/2024,False
8538,The Villages of Briar Forest,1017,1x1,817,1310,12/26/2024,False
8539,The Villages of Briar Forest,1017,1x1,817,1310,12/27/2024,False
8540,The Villages of Briar Forest,1017,1x1,817,1310,12/28/2024,False
8541,The Villages of Briar Forest,1017,1x1,817,1310,12/29/2024,False
8542,The Villages of Briar Forest,1017,1x1,817,1310,12/30/2024,False
8543,The Villages of Briar Forest,1017,1x1,817,1310,12/31/2024,False
8544,The Villages of Briar Forest,1017,1x1,817,1310,01/01/2025,False
8545,The Villages of Briar Forest,1017,1x1,817,1235,01/02/2025,False
8546,The Villages of Briar Forest,1017,1x1,817,1235,01/03/2025,False
8547,The Villages of Briar Forest,1017,1x1,817,1215,01/04/2025,False
8548,The Villages of Briar Forest,1017,1x1,817,1215,01/05/2025,False
8549,The Villages of Briar Forest,1017,1x1,817,1215,01/06/2025,False
8550,The Villages of Briar Forest,1017,1x1,817,1185,01/07/2025,False
8551,The Villages of Briar Forest,1017,1x1,817,1185,01/08/2025,False
8552,The Villages of Briar Forest,1017,1x1,817,1185,01/09/2025,False
8553,The Villages of Briar Forest,1017,1x1,817,1175,01/10/2025,False
8554,The Villages of Briar Forest,1017,1x1,817,1175,01/11/2025,False
8555,The Villages of Briar Forest,1017,1x1,817,1175,01/12/2025,False
8556,The Villages of Briar Forest,1017,1x1,817,1175,01/13/2025,False
8557,The Villages of Briar Forest,1017,1x1,817,1175,01/14/2025,False
8558,The Villages of Briar Forest,1017,1x1,817,1175,01/15/2025,False
8559,The Villages of Briar Forest,1017,1x1,817,1175,01/16/2025,False
8560,The Villages of Briar Forest,1017,1x1,817,1175,01/17/2025,False
8561,The Villages of Briar Forest,1017,1x1,817,1175,01/18/2025,False
8562,The Villages of Briar Forest,1017,1x1,817,1175,01/19/2025,False
8563,The Villages of Briar Forest,1017,1x1,817,1175,01/20/2025,False
8564,The Villages of Briar Forest,1017,1x1,817,1175,01/21/2025,False
8565,The Villages of Briar Forest,1017,1x1,817,1175,01/22/2025,False
8566,The Villages of Briar Forest,1017,1x1,817,1175,01/23/2025,False
8567,The Villages of Briar Forest,1017,1x1,817,1190,01/24/2025,False
8568,The Villages of Briar Forest,1017,1x1,817,1190,01/25/2025,False
8569,The Villages of Briar Forest,1017,1x1,817,1190,01/26/2025,False
8570,The Villages of Briar Forest,1017,1x1,817,1190,01/27/2025,False
8571,The Villages of Briar Forest,1017,1x1,817,1190,01/28/2025,False
8572,The Villages of Briar Forest,1017,1x1,817,1190,01/29/2025,False
8573,The Villages of Briar Forest,1017,1x1,817,1190,01/30/2025,False
8574,The Villages of Briar Forest,1017,1x1,817,1190,01/31/2025,False
8575,The Villages of Briar Forest,1017,1x1,817,1202,02/01/2025,False
8576,The Villages of Briar Forest,1017,1x1,817,1202,02/02/2025,False
8577,The Villages of Briar Forest,1017,1x1,817,1202,02/03/2025,False
8578,The Villages of Briar Forest,1017,1x1,817,1202,02/04/2025,False
8579,The Villages of Briar Forest,1017,1x1,817,1202,02/05/2025,True
8580,The Villages of Briar Forest,1018,2x2,1138,1586,06/17/2023,False
8581,The Villages of Briar Forest,1018,2x2,1138,1586,06/18/2023,False
8582,The Villages of Briar Forest,1018,2x2,1138,1586,06/19/2023,False
8583,The Villages of Briar Forest,1018,2x2,1138,1586,06/20/2023,False
8584,The Villages of Briar Forest,1018,2x2,1138,1586,06/21/2023,False
8585,The Villages of Briar Forest,1018,2x2,1138,1586,06/22/2023,True
8586,The Villages of Briar Forest,1018,2x2,1138,1581,07/21/2024,False
8587,The Villages of Briar Forest,1018,2x2,1138,1581,07/22/2024,False
8588,The Villages of Briar Forest,1018,2x2,1138,1581,07/23/2024,False
8589,The Villages of Briar Forest,1018,2x2,1138,1581,07/24/2024,False
8590,The Villages of Briar Forest,1018,2x2,1138,1581,07/25/2024,False
8591,The Villages of Briar Forest,1018,2x2,1138,1581,07/26/2024,False
8592,The Villages of Briar Forest,1018,2x2,1138,1581,07/27/2024,False
8593,The Villages of Briar Forest,1018,2x2,1138,1581,07/28/2024,False
8594,The Villages of Briar Forest,1018,2x2,1138,1581,07/29/2024,False
8595,The Villages of Briar Forest,1018,2x2,1138,1581,07/30/2024,False
8596,The Villages of Briar Forest,1018,2x2,1138,1581,07/31/2024,False
8597,The Villages of Briar Forest,1018,2x2,1138,1581,08/01/2024,False
8598,The Villages of Briar Forest,1018,2x2,1138,1581,08/02/2024,False
8599,The Villages of Briar Forest,1018,2x2,1138,1591,08/03/2024,False
8600,The Villages of Briar Forest,1018,2x2,1138,1591,08/04/2024,False
8601,The Villages of Briar Forest,1018,2x2,1138,1591,08/05/2024,False
8602,The Villages of Briar Forest,1018,2x2,1138,1591,08/06/2024,False
8603,The Villages of Briar Forest,1018,2x2,1138,1591,08/07/2024,True
8604,The Villages of Briar Forest,1022,1x1,817,1390,12/16/2023,False
8605,The Villages of Briar Forest,1022,1x1,817,1390,12/17/2023,False
8606,The Villages of Briar Forest,1022,1x1,817,1385,12/18/2023,False
8607,The Villages of Briar Forest,1022,1x1,817,1385,12/19/2023,False
8608,The Villages of Briar Forest,1022,1x1,817,1375,12/20/2023,False
8609,The Villages of Briar Forest,1022,1x1,817,1375,12/21/2023,False
8610,The Villages of Briar Forest,1022,1x1,817,1380,12/22/2023,False
8611,The Villages of Briar Forest,1022,1x1,817,1380,12/23/2023,False
8612,The Villages of Briar Forest,1022,1x1,817,1380,12/24/2023,False
8613,The Villages of Briar Forest,1022,1x1,817,1390,12/25/2023,False
8614,The Villages of Briar Forest,1022,1x1,817,1375,12/26/2023,False
8615,The Villages of Briar Forest,1022,1x1,817,1375,12/27/2023,False
8616,The Villages of Briar Forest,1022,1x1,817,1375,12/28/2023,False
8617,The Villages of Briar Forest,1022,1x1,817,1375,12/29/2023,False
8618,The Villages of Briar Forest,1022,1x1,817,1310,12/30/2023,False
8619,The Villages of Briar Forest,1022,1x1,817,1305,12/31/2023,False
8620,The Villages of Briar Forest,1022,1x1,817,1305,01/01/2024,False
8621,The Villages of Briar Forest,1022,1x1,817,1290,01/02/2024,False
8622,The Villages of Briar Forest,1022,1x1,817,1290,01/03/2024,False
8623,The Villages of Briar Forest,1022,1x1,817,1295,01/04/2024,False
8624,The Villages of Briar Forest,1022,1x1,817,1295,01/05/2024,False
8625,The Villages of Briar Forest,1022,1x1,817,1300,01/06/2024,False
8626,The Villages of Briar Forest,1022,1x1,817,1305,01/07/2024,False
8627,The Villages of Briar Forest,1022,1x1,817,1305,01/08/2024,False
8628,The Villages of Briar Forest,1022,1x1,817,1295,01/09/2024,False
8629,The Villages of Briar Forest,1022,1x1,817,1295,01/10/2024,False
8630,The Villages of Briar Forest,1022,1x1,817,1295,01/11/2024,False
8631,The Villages of Briar Forest,1022,1x1,817,1295,01/12/2024,False
8632,The Villages of Briar Forest,1022,1x1,817,1325,01/13/2024,False
8633,The Villages of Briar Forest,1022,1x1,817,1345,01/14/2024,False
8634,The Villages of Briar Forest,1022,1x1,817,1345,01/15/2024,False
8635,The Villages of Briar Forest,1022,1x1,817,1345,01/16/2024,False
8636,The Villages of Briar Forest,1022,1x1,817,1345,01/17/2024,False
8637,The Villages of Briar Forest,1022,1x1,817,1345,01/18/2024,False
8638,The Villages of Briar Forest,1022,1x1,817,1345,01/19/2024,False
8639,The Villages of Briar Forest,1022,1x1,817,1295,01/20/2024,False
8640,The Villages of Briar Forest,1022,1x1,817,1295,01/21/2024,False
8641,The Villages of Briar Forest,1022,1x1,817,1295,01/22/2024,False
8642,The Villages of Briar Forest,1022,1x1,817,1295,01/23/2024,False
8643,The Villages of Briar Forest,1022,1x1,817,1295,01/24/2024,False
8644,The Villages of Briar Forest,1022,1x1,817,1295,01/25/2024,False
8645,The Villages of Briar Forest,1022,1x1,817,1270,01/26/2024,False
8646,The Villages of Briar Forest,1022,1x1,817,1270,01/27/2024,False
8647,The Villages of Briar Forest,1022,1x1,817,1270,01/28/2024,False
8648,The Villages of Briar Forest,1022,1x1,817,1270,01/29/2024,False
8649,The Villages of Briar Forest,1022,1x1,817,1270,01/30/2024,False
8650,The Villages of Briar Forest,1022,1x1,817,1375,01/31/2024,False
8651,The Villages of Briar Forest,1022,1x1,817,1375,02/01/2024,False
8652,The Villages of Briar Forest,1022,1x1,817,1375,02/02/2024,False
8653,The Villages of Briar Forest,1022,1x1,817,1350,02/03/2024,False
8654,The Villages of Briar Forest,1022,1x1,817,1350,02/04/2024,False
8655,The Villages of Briar Forest,1022,1x1,817,1350,02/05/2024,False
8656,The Villages of Briar Forest,1022,1x1,817,1350,02/06/2024,False
8657,The Villages of Briar Forest,1022,1x1,817,1350,02/07/2024,False
8658,The Villages of Briar Forest,1022,1x1,817,1350,02/08/2024,False
8659,The Villages of Briar Forest,1022,1x1,817,1350,02/09/2024,False
8660,The Villages of Briar Forest,1022,1x1,817,1290,02/10/2024,False
8661,The Villages of Briar Forest,1022,1x1,817,1290,02/11/2024,False
8662,The Villages of Briar Forest,1022,1x1,817,1290,02/12/2024,False
8663,The Villages of Briar Forest,1022,1x1,817,1290,02/13/2024,False
8664,The Villages of Briar Forest,1022,1x1,817,1310,02/14/2024,False
8665,The Villages of Briar Forest,1022,1x1,817,1310,02/15/2024,False
8666,The Villages of Briar Forest,1022,1x1,817,1310,02/16/2024,False
8667,The Villages of Briar Forest,1022,1x1,817,1305,02/17/2024,False
8668,The Villages of Briar Forest,1022,1x1,817,1305,02/18/2024,False
8669,The Villages of Briar Forest,1022,1x1,817,1305,02/19/2024,False
8670,The Villages of Briar Forest,1022,1x1,817,1305,02/20/2024,False
8671,The Villages of Briar Forest,1022,1x1,817,1305,02/21/2024,False
8672,The Villages of Briar Forest,1022,1x1,817,1305,02/22/2024,False
8673,The Villages of Briar Forest,1022,1x1,817,1305,02/23/2024,False
8674,The Villages of Briar Forest,1022,1x1,817,1305,02/24/2024,False
8675,The Villages of Briar Forest,1022,1x1,817,1305,02/25/2024,False
8676,The Villages of Briar Forest,1022,1x1,817,1258,02/26/2024,False
8677,The Villages of Briar Forest,1022,1x1,817,1263,02/27/2024,False
8678,The Villages of Briar Forest,1022,1x1,817,1263,02/28/2024,False
8679,The Villages of Briar Forest,1022,1x1,817,1300,02/29/2024,False
8680,The Villages of Briar Forest,1022,1x1,817,1300,03/01/2024,False
8681,The Villages of Briar Forest,1022,1x1,817,1290,03/02/2024,False
8682,The Villages of Briar Forest,1022,1x1,817,1290,03/03/2024,False
8683,The Villages of Briar Forest,1022,1x1,817,1290,03/04/2024,False
8684,The Villages of Briar Forest,1022,1x1,817,1290,03/05/2024,False
8685,The Villages of Briar Forest,1022,1x1,817,1290,03/06/2024,False
8686,The Villages of Briar Forest,1022,1x1,817,1290,03/07/2024,False
8687,The Villages of Briar Forest,1022,1x1,817,1290,03/08/2024,False
8688,The Villages of Briar Forest,1022,1x1,817,1285,03/09/2024,False
8689,The Villages of Briar Forest,1022,1x1,817,1285,03/10/2024,False
8690,The Villages of Briar Forest,1022,1x1,817,1285,03/11/2024,False
8691,The Villages of Briar Forest,1022,1x1,817,1285,03/12/2024,False
8692,The Villages of Briar Forest,1022,1x1,817,1285,03/13/2024,False
8693,The Villages of Briar Forest,1022,1x1,817,1285,03/14/2024,False
8694,The Villages of Briar Forest,1022,1x1,817,1285,03/15/2024,False
8695,The Villages of Briar Forest,1022,1x1,817,1315,03/16/2024,False
8696,The Villages of Briar Forest,1022,1x1,817,1315,03/17/2024,False
8697,The Villages of Briar Forest,1022,1x1,817,1315,03/18/2024,False
8698,The Villages of Briar Forest,1022,1x1,817,1315,03/19/2024,False
8699,The Villages of Briar Forest,1022,1x1,817,1315,03/20/2024,False
8700,The Villages of Briar Forest,1022,1x1,817,1315,03/21/2024,True
8701,The Villages of Briar Forest,1022,1x1,817,1320,01/07/2025,False
8702,The Villages of Briar Forest,1022,1x1,817,1320,01/08/2025,False
8703,The Villages of Briar Forest,1022,1x1,817,1320,01/09/2025,False
8704,The Villages of Briar Forest,1022,1x1,817,1320,01/10/2025,False
8705,The Villages of Briar Forest,1022,1x1,817,1320,01/11/2025,False
8706,The Villages of Briar Forest,1022,1x1,817,1320,01/12/2025,False
8707,The Villages of Briar Forest,1022,1x1,817,1320,01/13/2025,False
8708,The Villages of Briar Forest,1022,1x1,817,1320,01/14/2025,False
8709,The Villages of Briar Forest,1022,1x1,817,1320,01/15/2025,False
8710,The Villages of Briar Forest,1022,1x1,817,1320,01/16/2025,False
8711,The Villages of Briar Forest,1022,1x1,817,1320,01/17/2025,False
8712,The Villages of Briar Forest,1022,1x1,817,1320,01/18/2025,False
8713,The Villages of Briar Forest,1022,1x1,817,1320,01/19/2025,False
8714,The Villages of Briar Forest,1022,1x1,817,1320,01/20/2025,False
8715,The Villages of Briar Forest,1022,1x1,817,1320,01/21/2025,False
8716,The Villages of Briar Forest,1022,1x1,817,1320,01/22/2025,False
8717,The Villages of Briar Forest,1022,1x1,817,1320,01/23/2025,False
8718,The Villages of Briar Forest,1022,1x1,817,1320,01/24/2025,False
8719,The Villages of Briar Forest,1022,1x1,817,1320,01/25/2025,False
8720,The Villages of Briar Forest,1022,1x1,817,1320,01/26/2025,False
8721,The Villages of Briar Forest,1022,1x1,817,1320,01/27/2025,False
8722,The Villages of Briar Forest,1022,1x1,817,1320,01/28/2025,False
8723,The Villages of Briar Forest,1022,1x1,817,1320,01/29/2025,False
8724,The Villages of Briar Forest,1022,1x1,817,1320,01/30/2025,False
8725,The Villages of Briar Forest,1022,1x1,817,1320,01/31/2025,False
8726,The Villages of Briar Forest,1022,1x1,817,1320,02/01/2025,False
8727,The Villages of Briar Forest,1022,1x1,817,1320,02/02/2025,False
8728,The Villages of Briar Forest,1022,1x1,817,1320,02/03/2025,False
8729,The Villages of Briar Forest,1022,1x1,817,1320,02/04/2025,False
8730,The Villages of Briar Forest,1022,1x1,817,1320,02/05/2025,False
8731,The Villages of Briar Forest,1022,1x1,817,1320,02/06/2025,False
8732,The Villages of Briar Forest,1022,1x1,817,1320,02/07/2025,False
8733,The Villages of Briar Forest,1022,1x1,817,1320,02/08/2025,False
8734,The Villages of Briar Forest,1022,1x1,817,1320,02/09/2025,False
8735,The Villages of Briar Forest,1022,1x1,817,1320,02/10/2025,False
8736,The Villages of Briar Forest,1022,1x1,817,1320,02/11/2025,False
8737,The Villages of Briar Forest,1022,1x1,817,1320,02/12/2025,False
8738,The Villages of Briar Forest,1022,1x1,817,1320,02/13/2025,False
8739,The Villages of Briar Forest,1022,1x1,817,1320,02/14/2025,False
8740,The Villages of Briar Forest,1022,1x1,817,1320,02/15/2025,False
8741,The Villages of Briar Forest,1022,1x1,817,1320,02/16/2025,False
8742,The Villages of Briar Forest,1022,1x1,817,1320,02/17/2025,False
8743,The Villages of Briar Forest,1022,1x1,817,1320,02/18/2025,False
8744,The Villages of Briar Forest,1022,1x1,817,1320,02/19/2025,False
8745,The Villages of Briar Forest,1022,1x1,817,1305,02/20/2025,False
8746,The Villages of Briar Forest,1022,1x1,817,1305,02/21/2025,False
8747,The Villages of Briar Forest,1022,1x1,817,1305,02/22/2025,False
8748,The Villages of Briar Forest,1022,1x1,817,1305,02/23/2025,False
8749,The Villages of Briar Forest,1022,1x1,817,1305,02/24/2025,False
8750,The Villages of Briar Forest,1022,1x1,817,1305,02/25/2025,False
8751,The Villages of Briar Forest,1022,1x1,817,1305,02/26/2025,False
8752,The Villages of Briar Forest,1022,1x1,817,1305,02/27/2025,False
8753,The Villages of Briar Forest,1022,1x1,817,1280,02/28/2025,False
8754,The Villages of Briar Forest,1022,1x1,817,1280,03/01/2025,False
8755,The Villages of Briar Forest,1022,1x1,817,1280,03/02/2025,False
8756,The Villages of Briar Forest,1022,1x1,817,1280,03/03/2025,False
8757,The Villages of Briar Forest,1022,1x1,817,1280,03/04/2025,False
8758,The Villages of Briar Forest,1022,1x1,817,1280,03/05/2025,False
8759,The Villages of Briar Forest,1022,1x1,817,1280,03/06/2025,False
8760,The Villages of Briar Forest,1022,1x1,817,1295,03/07/2025,False
8761,The Villages of Briar Forest,1022,1x1,817,1295,03/08/2025,False
8762,The Villages of Briar Forest,1022,1x1,817,1295,03/09/2025,False
8763,The Villages of Briar Forest,1022,1x1,817,1295,03/10/2025,False
8764,The Villages of Briar Forest,1022,1x1,817,1295,03/11/2025,False
8765,The Villages of Briar Forest,1022,1x1,817,1295,03/12/2025,False
8766,The Villages of Briar Forest,1022,1x1,817,1295,03/13/2025,False
8767,The Villages of Briar Forest,1022,1x1,817,1295,03/14/2025,False
8768,The Villages of Briar Forest,1022,1x1,817,1295,03/15/2025,False
8769,The Villages of Briar Forest,1022,1x1,817,1295,03/16/2025,False
8770,The Villages of Briar Forest,1022,1x1,817,1295,03/17/2025,False
8771,The Villages of Briar Forest,1022,1x1,817,1295,03/18/2025,False
8772,The Villages of Briar Forest,1022,1x1,817,1295,03/19/2025,False
8773,The Villages of Briar Forest,1022,1x1,817,1295,03/20/2025,False
8774,The Villages of Briar Forest,1022,1x1,817,1295,03/21/2025,False
8775,The Villages of Briar Forest,1022,1x1,817,1295,03/22/2025,False
8776,The Villages of Briar Forest,1022,1x1,817,1295,03/23/2025,False
8777,The Villages of Briar Forest,1022,1x1,817,1295,03/24/2025,False
8778,The Villages of Briar Forest,1022,1x1,817,1480,03/25/2025,False
8779,The Villages of Briar Forest,1022,1x1,817,1480,03/26/2025,False
8780,The Villages of Briar Forest,1022,1x1,817,1480,03/27/2025,False
8781,The Villages of Briar Forest,1022,1x1,817,1480,03/28/2025,False
8782,The Villages of Briar Forest,1022,1x1,817,1480,03/29/2025,False
8783,The Villages of Briar Forest,1022,1x1,817,1480,03/30/2025,False
8784,The Villages of Briar Forest,1022,1x1,817,1480,03/31/2025,False
8785,The Villages of Briar Forest,1022,1x1,817,1480,04/01/2025,True
8786,The Villages of Briar Forest,1023,1x1,817,1225,07/13/2023,False
8787,The Villages of Briar Forest,1023,1x1,817,1225,07/14/2023,False
8788,The Villages of Briar Forest,1023,1x1,817,1336,07/15/2023,False
8789,The Villages of Briar Forest,1023,1x1,817,1306,07/16/2023,False
8790,The Villages of Briar Forest,1023,1x1,817,1306,07/17/2023,False
8791,The Villages of Briar Forest,1023,1x1,817,1271,07/18/2023,False
8792,The Villages of Briar Forest,1023,1x1,817,1266,07/19/2023,False
8793,The Villages of Briar Forest,1023,1x1,817,1204,07/20/2023,False
8794,The Villages of Briar Forest,1023,1x1,817,1204,07/21/2023,False
8795,The Villages of Briar Forest,1023,1x1,817,1264,07/22/2023,False
8796,The Villages of Briar Forest,1023,1x1,817,1264,07/23/2023,False
8797,The Villages of Briar Forest,1023,1x1,817,1264,07/24/2023,False
8798,The Villages of Briar Forest,1023,1x1,817,1264,07/25/2023,False
8799,The Villages of Briar Forest,1023,1x1,817,1264,07/26/2023,False
8800,The Villages of Briar Forest,1023,1x1,817,1264,07/27/2023,False
8801,The Villages of Briar Forest,1023,1x1,817,1264,07/28/2023,False
8802,The Villages of Briar Forest,1023,1x1,817,1264,07/29/2023,False
8803,The Villages of Briar Forest,1023,1x1,817,1264,07/30/2023,False
8804,The Villages of Briar Forest,1023,1x1,817,1264,07/31/2023,False
8805,The Villages of Briar Forest,1023,1x1,817,1264,08/01/2023,False
8806,The Villages of Briar Forest,1023,1x1,817,1180,08/02/2023,False
8807,The Villages of Briar Forest,1023,1x1,817,1180,08/03/2023,False
8808,The Villages of Briar Forest,1023,1x1,817,1180,08/04/2023,False
8809,The Villages of Briar Forest,1023,1x1,817,1240,08/05/2023,False
8810,The Villages of Briar Forest,1023,1x1,817,1240,08/06/2023,False
8811,The Villages of Briar Forest,1023,1x1,817,1240,08/07/2023,False
8812,The Villages of Briar Forest,1023,1x1,817,1240,08/08/2023,False
8813,The Villages of Briar Forest,1023,1x1,817,1240,08/09/2023,False
8814,The Villages of Briar Forest,1023,1x1,817,1240,08/10/2023,False
8815,The Villages of Briar Forest,1023,1x1,817,1214,08/11/2023,False
8816,The Villages of Briar Forest,1023,1x1,817,1204,08/12/2023,False
8817,The Villages of Briar Forest,1023,1x1,817,1272,08/13/2023,False
8818,The Villages of Briar Forest,1023,1x1,817,1272,08/14/2023,False
8819,The Villages of Briar Forest,1023,1x1,817,1272,08/15/2023,False
8820,The Villages of Briar Forest,1023,1x1,817,1280,08/16/2023,False
8821,The Villages of Briar Forest,1023,1x1,817,1284,08/17/2023,False
8822,The Villages of Briar Forest,1023,1x1,817,1287,08/18/2023,False
8823,The Villages of Briar Forest,1023,1x1,817,1291,08/19/2023,False
8824,The Villages of Briar Forest,1023,1x1,817,1295,08/20/2023,False
8825,The Villages of Briar Forest,1023,1x1,817,1298,08/21/2023,False
8826,The Villages of Briar Forest,1023,1x1,817,1268,08/22/2023,False
8827,The Villages of Briar Forest,1023,1x1,817,1272,08/23/2023,False
8828,The Villages of Briar Forest,1023,1x1,817,1275,08/24/2023,False
8829,The Villages of Briar Forest,1023,1x1,817,1300,08/25/2023,False
8830,The Villages of Briar Forest,1023,1x1,817,1255,08/26/2023,False
8831,The Villages of Briar Forest,1023,1x1,817,1255,08/27/2023,False
8832,The Villages of Briar Forest,1023,1x1,817,1255,08/28/2023,False
8833,The Villages of Briar Forest,1023,1x1,817,1255,08/29/2023,False
8834,The Villages of Briar Forest,1023,1x1,817,1255,08/30/2023,False
8835,The Villages of Briar Forest,1023,1x1,817,1255,08/31/2023,False
8836,The Villages of Briar Forest,1023,1x1,817,1255,09/01/2023,False
8837,The Villages of Briar Forest,1023,1x1,817,1237,09/02/2023,False
8838,The Villages of Briar Forest,1023,1x1,817,1242,09/03/2023,False
8839,The Villages of Briar Forest,1023,1x1,817,1242,09/04/2023,False
8840,The Villages of Briar Forest,1023,1x1,817,1242,09/05/2023,False
8841,The Villages of Briar Forest,1023,1x1,817,1242,09/06/2023,False
8842,The Villages of Briar Forest,1023,1x1,817,1242,09/07/2023,False
8843,The Villages of Briar Forest,1023,1x1,817,1242,09/08/2023,False
8844,The Villages of Briar Forest,1023,1x1,817,1227,09/09/2023,False
8845,The Villages of Briar Forest,1023,1x1,817,1197,09/10/2023,False
8846,The Villages of Briar Forest,1023,1x1,817,1197,09/11/2023,False
8847,The Villages of Briar Forest,1023,1x1,817,1197,09/12/2023,False
8848,The Villages of Briar Forest,1023,1x1,817,1197,09/13/2023,False
8849,The Villages of Briar Forest,1023,1x1,817,1197,09/14/2023,False
8850,The Villages of Briar Forest,1023,1x1,817,1197,09/15/2023,False
8851,The Villages of Briar Forest,1023,1x1,817,1197,09/16/2023,True
8852,The Villages of Briar Forest,1025,2x2,1138,1578,07/25/2023,False
8853,The Villages of Briar Forest,1025,2x2,1138,1608,07/26/2023,False
8854,The Villages of Briar Forest,1025,2x2,1138,1608,07/27/2023,False
8855,The Villages of Briar Forest,1025,2x2,1138,1608,07/28/2023,False
8856,The Villages of Briar Forest,1025,2x2,1138,1608,07/29/2023,False
8857,The Villages of Briar Forest,1025,2x2,1138,1608,07/30/2023,False
8858,The Villages of Briar Forest,1025,2x2,1138,1604,07/31/2023,False
8859,The Villages of Briar Forest,1025,2x2,1138,1604,08/01/2023,False
8860,The Villages of Briar Forest,1025,2x2,1138,1604,08/02/2023,False
8861,The Villages of Briar Forest,1025,2x2,1138,1674,08/03/2023,False
8862,The Villages of Briar Forest,1025,2x2,1138,1680,08/04/2023,False
8863,The Villages of Briar Forest,1025,2x2,1138,1754,08/05/2023,False
8864,The Villages of Briar Forest,1025,2x2,1138,1754,08/06/2023,False
8865,The Villages of Briar Forest,1025,2x2,1138,1754,08/07/2023,False
8866,The Villages of Briar Forest,1025,2x2,1138,1754,08/08/2023,False
8867,The Villages of Briar Forest,1025,2x2,1138,1684,08/09/2023,False
8868,The Villages of Briar Forest,1025,2x2,1138,1640,08/10/2023,False
8869,The Villages of Briar Forest,1025,2x2,1138,1580,08/11/2023,False
8870,The Villages of Briar Forest,1025,2x2,1138,1594,08/12/2023,False
8871,The Villages of Briar Forest,1025,2x2,1138,1604,08/13/2023,False
8872,The Villages of Briar Forest,1025,2x2,1138,1604,08/14/2023,False
8873,The Villages of Briar Forest,1025,2x2,1138,1600,08/15/2023,False
8874,The Villages of Briar Forest,1025,2x2,1138,1652,08/16/2023,False
8875,The Villages of Briar Forest,1025,2x2,1138,1652,08/17/2023,False
8876,The Villages of Briar Forest,1025,2x2,1138,1697,08/18/2023,False
8877,The Villages of Briar Forest,1025,2x2,1138,1702,08/19/2023,False
8878,The Villages of Briar Forest,1025,2x2,1138,1702,08/20/2023,False
8879,The Villages of Briar Forest,1025,2x2,1138,1702,08/21/2023,False
8880,The Villages of Briar Forest,1025,2x2,1138,1702,08/22/2023,False
8881,The Villages of Briar Forest,1025,2x2,1138,1702,08/23/2023,False
8882,The Villages of Briar Forest,1025,2x2,1138,1701,08/24/2023,False
8883,The Villages of Briar Forest,1025,2x2,1138,1701,08/25/2023,False
8884,The Villages of Briar Forest,1025,2x2,1138,1711,08/26/2023,False
8885,The Villages of Briar Forest,1025,2x2,1138,1711,08/27/2023,False
8886,The Villages of Briar Forest,1025,2x2,1138,1711,08/28/2023,False
8887,The Villages of Briar Forest,1025,2x2,1138,1711,08/29/2023,False
8888,The Villages of Briar Forest,1025,2x2,1138,1711,08/30/2023,False
8889,The Villages of Briar Forest,1025,2x2,1138,1711,08/31/2023,False
8890,The Villages of Briar Forest,1025,2x2,1138,1686,09/01/2023,False
8891,The Villages of Briar Forest,1025,2x2,1138,1686,09/02/2023,False
8892,The Villages of Briar Forest,1025,2x2,1138,1686,09/03/2023,False
8893,The Villages of Briar Forest,1025,2x2,1138,1686,09/04/2023,False
8894,The Villages of Briar Forest,1025,2x2,1138,1686,09/05/2023,False
8895,The Villages of Briar Forest,1025,2x2,1138,1686,09/06/2023,False
8896,The Villages of Briar Forest,1025,2x2,1138,1682,09/07/2023,False
8897,The Villages of Briar Forest,1025,2x2,1138,1686,09/08/2023,False
8898,The Villages of Briar Forest,1025,2x2,1138,1692,09/09/2023,False
8899,The Villages of Briar Forest,1025,2x2,1138,1667,09/10/2023,False
8900,The Villages of Briar Forest,1025,2x2,1138,1667,09/11/2023,False
8901,The Villages of Briar Forest,1025,2x2,1138,1667,09/12/2023,False
8902,The Villages of Briar Forest,1025,2x2,1138,1667,09/13/2023,False
8903,The Villages of Briar Forest,1025,2x2,1138,1667,09/14/2023,False
8904,The Villages of Briar Forest,1025,2x2,1138,1683,09/15/2023,False
8905,The Villages of Briar Forest,1025,2x2,1138,1683,09/16/2023,False
8906,The Villages of Briar Forest,1025,2x2,1138,1683,09/17/2023,False
8907,The Villages of Briar Forest,1025,2x2,1138,1683,09/18/2023,False
8908,The Villages of Briar Forest,1025,2x2,1138,1683,09/19/2023,False
8909,The Villages of Briar Forest,1025,2x2,1138,1672,09/20/2023,False
8910,The Villages of Briar Forest,1025,2x2,1138,1683,09/21/2023,False
8911,The Villages of Briar Forest,1025,2x2,1138,1683,09/22/2023,False
8912,The Villages of Briar Forest,1025,2x2,1138,1683,09/23/2023,False
8913,The Villages of Briar Forest,1025,2x2,1138,1683,09/24/2023,False
8914,The Villages of Briar Forest,1025,2x2,1138,1683,09/25/2023,False
8915,The Villages of Briar Forest,1025,2x2,1138,1683,09/26/2023,False
8916,The Villages of Briar Forest,1025,2x2,1138,1683,09/27/2023,False
8917,The Villages of Briar Forest,1025,2x2,1138,1683,09/28/2023,False
8918,The Villages of Briar Forest,1025,2x2,1138,1683,09/29/2023,False
8919,The Villages of Briar Forest,1025,2x2,1138,1683,09/30/2023,False
8920,The Villages of Briar Forest,1025,2x2,1138,1683,10/01/2023,False
8921,The Villages of Briar Forest,1025,2x2,1138,1683,10/02/2023,False
8922,The Villages of Briar Forest,1025,2x2,1138,1683,10/03/2023,False
8923,The Villages of Briar Forest,1025,2x2,1138,1683,10/04/2023,False
8924,The Villages of Briar Forest,1025,2x2,1138,1620,10/05/2023,False
8925,The Villages of Briar Forest,1025,2x2,1138,1620,10/06/2023,False
8926,The Villages of Briar Forest,1025,2x2,1138,1620,10/07/2023,False
8927,The Villages of Briar Forest,1025,2x2,1138,1620,10/08/2023,False
8928,The Villages of Briar Forest,1025,2x2,1138,1620,10/09/2023,False
8929,The Villages of Briar Forest,1025,2x2,1138,1620,10/10/2023,False
8930,The Villages of Briar Forest,1025,2x2,1138,1620,10/11/2023,False
8931,The Villages of Briar Forest,1025,2x2,1138,1620,10/12/2023,False
8932,The Villages of Briar Forest,1025,2x2,1138,1620,10/13/2023,False
8933,The Villages of Briar Forest,1025,2x2,1138,1620,10/14/2023,False
8934,The Villages of Briar Forest,1025,2x2,1138,1620,10/15/2023,False
8935,The Villages of Briar Forest,1025,2x2,1138,1620,10/16/2023,False
8936,The Villages of Briar Forest,1025,2x2,1138,1620,10/17/2023,False
8937,The Villages of Briar Forest,1025,2x2,1138,1620,10/18/2023,False
8938,The Villages of Briar Forest,1025,2x2,1138,1620,10/19/2023,False
8939,The Villages of Briar Forest,1025,2x2,1138,1648,10/20/2023,False
8940,The Villages of Briar Forest,1025,2x2,1138,1538,10/21/2023,False
8941,The Villages of Briar Forest,1025,2x2,1138,1538,10/22/2023,False
8942,The Villages of Briar Forest,1025,2x2,1138,1538,10/23/2023,False
8943,The Villages of Briar Forest,1025,2x2,1138,1538,10/24/2023,False
8944,The Villages of Briar Forest,1025,2x2,1138,1538,10/25/2023,False
8945,The Villages of Briar Forest,1025,2x2,1138,1538,10/26/2023,False
8946,The Villages of Briar Forest,1025,2x2,1138,1538,10/27/2023,False
8947,The Villages of Briar Forest,1025,2x2,1138,1538,10/28/2023,False
8948,The Villages of Briar Forest,1025,2x2,1138,1538,10/29/2023,False
8949,The Villages of Briar Forest,1025,2x2,1138,1538,10/30/2023,False
8950,The Villages of Briar Forest,1025,2x2,1138,1518,10/31/2023,False
8951,The Villages of Briar Forest,1025,2x2,1138,1581,11/01/2023,False
8952,The Villages of Briar Forest,1025,2x2,1138,1581,11/02/2023,False
8953,The Villages of Briar Forest,1025,2x2,1138,1516,11/03/2023,False
8954,The Villages of Briar Forest,1025,2x2,1138,1516,11/04/2023,False
8955,The Villages of Briar Forest,1025,2x2,1138,1516,11/05/2023,False
8956,The Villages of Briar Forest,1025,2x2,1138,1516,11/06/2023,False
8957,The Villages of Briar Forest,1025,2x2,1138,1516,11/07/2023,False
8958,The Villages of Briar Forest,1025,2x2,1138,1516,11/08/2023,False
8959,The Villages of Briar Forest,1025,2x2,1138,1516,11/09/2023,False
8960,The Villages of Briar Forest,1025,2x2,1138,1516,11/10/2023,False
8961,The Villages of Briar Forest,1025,2x2,1138,1516,11/11/2023,False
8962,The Villages of Briar Forest,1025,2x2,1138,1516,11/12/2023,False
8963,The Villages of Briar Forest,1025,2x2,1138,1516,11/13/2023,False
8964,The Villages of Briar Forest,1025,2x2,1138,1516,11/14/2023,False
8965,The Villages of Briar Forest,1025,2x2,1138,1516,11/15/2023,False
8966,The Villages of Briar Forest,1025,2x2,1138,1516,11/16/2023,False
8967,The Villages of Briar Forest,1025,2x2,1138,1516,11/17/2023,False
8968,The Villages of Briar Forest,1025,2x2,1138,1516,11/18/2023,False
8969,The Villages of Briar Forest,1025,2x2,1138,1516,11/19/2023,False
8970,The Villages of Briar Forest,1025,2x2,1138,1516,11/20/2023,False
8971,The Villages of Briar Forest,1025,2x2,1138,1516,11/21/2023,False
8972,The Villages of Briar Forest,1025,2x2,1138,1516,11/22/2023,False
8973,The Villages of Briar Forest,1025,2x2,1138,1536,11/23/2023,False
8974,The Villages of Briar Forest,1025,2x2,1138,1536,11/24/2023,False
8975,The Villages of Briar Forest,1025,2x2,1138,1536,11/25/2023,False
8976,The Villages of Briar Forest,1025,2x2,1138,1536,11/26/2023,False
8977,The Villages of Briar Forest,1025,2x2,1138,1536,11/27/2023,False
8978,The Villages of Briar Forest,1025,2x2,1138,1536,11/28/2023,True
8979,The Villages of Briar Forest,1025,2x2,1138,1556,08/09/2024,False
8980,The Villages of Briar Forest,1025,2x2,1138,1556,08/10/2024,False
8981,The Villages of Briar Forest,1025,2x2,1138,1556,08/11/2024,False
8982,The Villages of Briar Forest,1025,2x2,1138,1556,08/12/2024,False
8983,The Villages of Briar Forest,1025,2x2,1138,1556,08/13/2024,False
8984,The Villages of Briar Forest,1025,2x2,1138,1556,08/14/2024,False
8985,The Villages of Briar Forest,1025,2x2,1138,1556,08/15/2024,False
8986,The Villages of Briar Forest,1025,2x2,1138,1556,08/16/2024,False
8987,The Villages of Briar Forest,1025,2x2,1138,1556,08/17/2024,False
8988,The Villages of Briar Forest,1025,2x2,1138,1556,08/18/2024,False
8989,The Villages of Briar Forest,1025,2x2,1138,1556,08/19/2024,False
8990,The Villages of Briar Forest,1025,2x2,1138,1556,08/20/2024,False
8991,The Villages of Briar Forest,1025,2x2,1138,1556,08/21/2024,False
8992,The Villages of Briar Forest,1025,2x2,1138,1556,08/22/2024,False
8993,The Villages of Briar Forest,1025,2x2,1138,1556,08/23/2024,False
8994,The Villages of Briar Forest,1025,2x2,1138,1556,08/24/2024,False
8995,The Villages of Briar Forest,1025,2x2,1138,1556,08/25/2024,False
8996,The Villages of Briar Forest,1025,2x2,1138,1556,08/26/2024,False
8997,The Villages of Briar Forest,1025,2x2,1138,1556,08/27/2024,False
8998,The Villages of Briar Forest,1025,2x2,1138,1521,08/28/2024,False
8999,The Villages of Briar Forest,1025,2x2,1138,1521,08/29/2024,False
9000,The Villages of Briar Forest,1025,2x2,1138,1531,08/30/2024,False
9001,The Villages of Briar Forest,1025,2x2,1138,1537,08/31/2024,False
9002,The Villages of Briar Forest,1025,2x2,1138,1531,09/01/2024,False
9003,The Villages of Briar Forest,1025,2x2,1138,1531,09/02/2024,False
9004,The Villages of Briar Forest,1025,2x2,1138,1531,09/03/2024,False
9005,The Villages of Briar Forest,1025,2x2,1138,1552,09/04/2024,False
9006,The Villages of Briar Forest,1025,2x2,1138,1552,09/05/2024,False
9007,The Villages of Briar Forest,1025,2x2,1138,1552,09/06/2024,False
9008,The Villages of Briar Forest,1025,2x2,1138,1562,09/07/2024,False
9009,The Villages of Briar Forest,1025,2x2,1138,1562,09/08/2024,True
9010,The Villages of Briar Forest,1025,2x2,1138,1810,03/25/2025,False
9011,The Villages of Briar Forest,1025,2x2,1138,1810,03/26/2025,False
9012,The Villages of Briar Forest,1025,2x2,1138,1810,03/27/2025,False
9013,The Villages of Briar Forest,1025,2x2,1138,1810,03/28/2025,False
9014,The Villages of Briar Forest,1025,2x2,1138,1810,03/29/2025,False
9015,The Villages of Briar Forest,1025,2x2,1138,1810,03/30/2025,False
9016,The Villages of Briar Forest,1025,2x2,1138,1810,03/31/2025,False
9017,The Villages of Briar Forest,1025,2x2,1138,1810,04/01/2025,True
9018,The Villages of Briar Forest,1028,2x2,1138,1731,07/05/2023,False
9019,The Villages of Briar Forest,1028,2x2,1138,1733,07/06/2023,False
9020,The Villages of Briar Forest,1028,2x2,1138,1733,07/07/2023,False
9021,The Villages of Briar Forest,1028,2x2,1138,1713,07/08/2023,False
9022,The Villages of Briar Forest,1028,2x2,1138,1713,07/09/2023,False
9023,The Villages of Briar Forest,1028,2x2,1138,1713,07/10/2023,False
9024,The Villages of Briar Forest,1028,2x2,1138,1623,07/11/2023,False
9025,The Villages of Briar Forest,1028,2x2,1138,1623,07/12/2023,False
9026,The Villages of Briar Forest,1028,2x2,1138,1623,07/13/2023,False
9027,The Villages of Briar Forest,1028,2x2,1138,1623,07/14/2023,False
9028,The Villages of Briar Forest,1028,2x2,1138,1633,07/15/2023,False
9029,The Villages of Briar Forest,1028,2x2,1138,1633,07/16/2023,False
9030,The Villages of Briar Forest,1028,2x2,1138,1627,07/17/2023,False
9031,The Villages of Briar Forest,1028,2x2,1138,1602,07/18/2023,False
9032,The Villages of Briar Forest,1028,2x2,1138,1602,07/19/2023,False
9033,The Villages of Briar Forest,1028,2x2,1138,1546,07/20/2023,False
9034,The Villages of Briar Forest,1028,2x2,1138,1546,07/21/2023,False
9035,The Villages of Briar Forest,1028,2x2,1138,1586,07/22/2023,False
9036,The Villages of Briar Forest,1028,2x2,1138,1580,07/23/2023,False
9037,The Villages of Briar Forest,1028,2x2,1138,1580,07/24/2023,False
9038,The Villages of Briar Forest,1028,2x2,1138,1580,07/25/2023,False
9039,The Villages of Briar Forest,1028,2x2,1138,1604,07/26/2023,False
9040,The Villages of Briar Forest,1028,2x2,1138,1604,07/27/2023,False
9041,The Villages of Briar Forest,1028,2x2,1138,1604,07/28/2023,False
9042,The Villages of Briar Forest,1028,2x2,1138,1604,07/29/2023,False
9043,The Villages of Briar Forest,1028,2x2,1138,1604,07/30/2023,False
9044,The Villages of Briar Forest,1028,2x2,1138,1616,07/31/2023,False
9045,The Villages of Briar Forest,1028,2x2,1138,1616,08/01/2023,False
9046,The Villages of Briar Forest,1028,2x2,1138,1616,08/02/2023,False
9047,The Villages of Briar Forest,1028,2x2,1138,1686,08/03/2023,False
9048,The Villages of Briar Forest,1028,2x2,1138,1690,08/04/2023,False
9049,The Villages of Briar Forest,1028,2x2,1138,1690,08/05/2023,True
9050,The Villages of Briar Forest,1028,2x2,1138,1631,05/11/2024,False
9051,The Villages of Briar Forest,1028,2x2,1138,1631,05/12/2024,False
9052,The Villages of Briar Forest,1028,2x2,1138,1631,05/13/2024,False
9053,The Villages of Briar Forest,1028,2x2,1138,1631,05/14/2024,False
9054,The Villages of Briar Forest,1028,2x2,1138,1631,05/15/2024,False
9055,The Villages of Briar Forest,1028,2x2,1138,1631,05/16/2024,False
9056,The Villages of Briar Forest,1028,2x2,1138,1631,05/17/2024,False
9057,The Villages of Briar Forest,1028,2x2,1138,1631,05/18/2024,False
9058,The Villages of Briar Forest,1028,2x2,1138,1631,05/19/2024,False
9059,The Villages of Briar Forest,1028,2x2,1138,1631,05/20/2024,False
9060,The Villages of Briar Forest,1028,2x2,1138,1631,05/21/2024,False
9061,The Villages of Briar Forest,1028,2x2,1138,1631,05/22/2024,False
9062,The Villages of Briar Forest,1028,2x2,1138,1631,05/23/2024,False
9063,The Villages of Briar Forest,1028,2x2,1138,1641,05/24/2024,False
9064,The Villages of Briar Forest,1028,2x2,1138,1682,05/25/2024,False
9065,The Villages of Briar Forest,1028,2x2,1138,1682,05/26/2024,False
9066,The Villages of Briar Forest,1028,2x2,1138,1682,05/27/2024,False
9067,The Villages of Briar Forest,1028,2x2,1138,1682,05/28/2024,False
9068,The Villages of Briar Forest,1028,2x2,1138,1636,05/29/2024,False
9069,The Villages of Briar Forest,1028,2x2,1138,1677,05/30/2024,False
9070,The Villages of Briar Forest,1028,2x2,1138,1636,05/31/2024,False
9071,The Villages of Briar Forest,1028,2x2,1138,1636,06/01/2024,False
9072,The Villages of Briar Forest,1028,2x2,1138,1636,06/02/2024,False
9073,The Villages of Briar Forest,1028,2x2,1138,1636,06/03/2024,False
9074,The Villages of Briar Forest,1028,2x2,1138,1644,06/04/2024,False
9075,The Villages of Briar Forest,1028,2x2,1138,1636,06/05/2024,False
9076,The Villages of Briar Forest,1028,2x2,1138,1636,06/06/2024,False
9077,The Villages of Briar Forest,1028,2x2,1138,1636,06/07/2024,False
9078,The Villages of Briar Forest,1028,2x2,1138,1677,06/08/2024,False
9079,The Villages of Briar Forest,1028,2x2,1138,1677,06/09/2024,False
9080,The Villages of Briar Forest,1028,2x2,1138,1677,06/10/2024,False
9081,The Villages of Briar Forest,1028,2x2,1138,1677,06/11/2024,False
9082,The Villages of Briar Forest,1028,2x2,1138,1677,06/12/2024,False
9083,The Villages of Briar Forest,1028,2x2,1138,1676,06/13/2024,False
9084,The Villages of Briar Forest,1028,2x2,1138,1676,06/14/2024,False
9085,The Villages of Briar Forest,1028,2x2,1138,1676,06/15/2024,False
9086,The Villages of Briar Forest,1028,2x2,1138,1676,06/16/2024,False
9087,The Villages of Briar Forest,1028,2x2,1138,1676,06/17/2024,False
9088,The Villages of Briar Forest,1028,2x2,1138,1676,06/18/2024,False
9089,The Villages of Briar Forest,1028,2x2,1138,1676,06/19/2024,False
9090,The Villages of Briar Forest,1028,2x2,1138,1676,06/20/2024,False
9091,The Villages of Briar Forest,1028,2x2,1138,1676,06/21/2024,False
9092,The Villages of Briar Forest,1028,2x2,1138,1676,06/22/2024,False
9093,The Villages of Briar Forest,1028,2x2,1138,1676,06/23/2024,False
9094,The Villages of Briar Forest,1028,2x2,1138,1656,06/24/2024,False
9095,The Villages of Briar Forest,1028,2x2,1138,1656,06/25/2024,False
9096,The Villages of Briar Forest,1028,2x2,1138,1656,06/26/2024,False
9097,The Villages of Briar Forest,1028,2x2,1138,1656,06/27/2024,False
9098,The Villages of Briar Forest,1028,2x2,1138,1606,06/28/2024,False
9099,The Villages of Briar Forest,1028,2x2,1138,1606,06/29/2024,False
9100,The Villages of Briar Forest,1028,2x2,1138,1606,06/30/2024,False
9101,The Villages of Briar Forest,1028,2x2,1138,1606,07/01/2024,False
9102,The Villages of Briar Forest,1028,2x2,1138,1606,07/02/2024,False
9103,The Villages of Briar Forest,1028,2x2,1138,1606,07/03/2024,False
9104,The Villages of Briar Forest,1028,2x2,1138,1606,07/04/2024,False
9105,The Villages of Briar Forest,1028,2x2,1138,1606,07/05/2024,False
9106,The Villages of Briar Forest,1028,2x2,1138,1553,07/06/2024,False
9107,The Villages of Briar Forest,1028,2x2,1138,1553,07/07/2024,False
9108,The Villages of Briar Forest,1028,2x2,1138,1553,07/08/2024,False
9109,The Villages of Briar Forest,1028,2x2,1138,1553,07/09/2024,False
9110,The Villages of Briar Forest,1028,2x2,1138,1553,07/10/2024,False
9111,The Villages of Briar Forest,1028,2x2,1138,1553,07/11/2024,False
9112,The Villages of Briar Forest,1028,2x2,1138,1553,07/12/2024,False
9113,The Villages of Briar Forest,1028,2x2,1138,1553,07/13/2024,False
9114,The Villages of Briar Forest,1028,2x2,1138,1553,07/14/2024,False
9115,The Villages of Briar Forest,1028,2x2,1138,1553,07/15/2024,False
9116,The Villages of Briar Forest,1028,2x2,1138,1553,07/16/2024,True
9117,The Villages of Briar Forest,1028,2x2,1138,1546,12/07/2024,False
9118,The Villages of Briar Forest,1028,2x2,1138,1546,12/08/2024,False
9119,The Villages of Briar Forest,1028,2x2,1138,1541,12/09/2024,False
9120,The Villages of Briar Forest,1028,2x2,1138,1541,12/10/2024,True
9121,The Villages of Briar Forest,1111,2x1,924,1242,12/06/2024,False
9122,The Villages of Briar Forest,1111,2x1,924,1237,12/07/2024,False
9123,The Villages of Briar Forest,1111,2x1,924,1237,12/08/2024,False
9124,The Villages of Briar Forest,1111,2x1,924,1232,12/09/2024,False
9125,The Villages of Briar Forest,1111,2x1,924,1242,12/10/2024,False
9126,The Villages of Briar Forest,1111,2x1,924,1242,12/11/2024,False
9127,The Villages of Briar Forest,1111,2x1,924,1252,12/12/2024,False
9128,The Villages of Briar Forest,1111,2x1,924,1287,12/13/2024,False
9129,The Villages of Briar Forest,1111,2x1,924,1292,12/14/2024,False
9130,The Villages of Briar Forest,1111,2x1,924,1297,12/15/2024,False
9131,The Villages of Briar Forest,1111,2x1,924,1297,12/16/2024,False
9132,The Villages of Briar Forest,1111,2x1,924,1297,12/17/2024,False
9133,The Villages of Briar Forest,1111,2x1,924,1297,12/18/2024,False
9134,The Villages of Briar Forest,1111,2x1,924,1297,12/19/2024,False
9135,The Villages of Briar Forest,1111,2x1,924,1297,12/20/2024,False
9136,The Villages of Briar Forest,1111,2x1,924,1297,12/21/2024,False
9137,The Villages of Briar Forest,1111,2x1,924,1302,12/22/2024,False
9138,The Villages of Briar Forest,1111,2x1,924,1297,12/23/2024,False
9139,The Villages of Briar Forest,1111,2x1,924,1292,12/24/2024,False
9140,The Villages of Briar Forest,1111,2x1,924,1287,12/25/2024,False
9141,The Villages of Briar Forest,1111,2x1,924,1287,12/26/2024,False
9142,The Villages of Briar Forest,1111,2x1,924,1307,12/27/2024,False
9143,The Villages of Briar Forest,1111,2x1,924,1312,12/28/2024,False
9144,The Villages of Briar Forest,1111,2x1,924,1312,12/29/2024,False
9145,The Villages of Briar Forest,1111,2x1,924,1307,12/30/2024,False
9146,The Villages of Briar Forest,1111,2x1,924,1307,12/31/2024,False
9147,The Villages of Briar Forest,1111,2x1,924,1302,01/01/2025,False
9148,The Villages of Briar Forest,1111,2x1,924,1302,01/02/2025,False
9149,The Villages of Briar Forest,1111,2x1,924,1287,01/03/2025,False
9150,The Villages of Briar Forest,1111,2x1,924,1297,01/04/2025,False
9151,The Villages of Briar Forest,1111,2x1,924,1292,01/05/2025,False
9152,The Villages of Briar Forest,1111,2x1,924,1277,01/06/2025,False
9153,The Villages of Briar Forest,1111,2x1,924,1317,01/07/2025,False
9154,The Villages of Briar Forest,1111,2x1,924,1332,01/08/2025,False
9155,The Villages of Briar Forest,1111,2x1,924,1327,01/09/2025,False
9156,The Villages of Briar Forest,1111,2x1,924,1327,01/10/2025,False
9157,The Villages of Briar Forest,1111,2x1,924,1327,01/11/2025,False
9158,The Villages of Briar Forest,1111,2x1,924,1327,01/12/2025,False
9159,The Villages of Briar Forest,1111,2x1,924,1327,01/13/2025,False
9160,The Villages of Briar Forest,1111,2x1,924,1327,01/14/2025,False
9161,The Villages of Briar Forest,1111,2x1,924,1327,01/15/2025,False
9162,The Villages of Briar Forest,1111,2x1,924,1327,01/16/2025,False
9163,The Villages of Briar Forest,1111,2x1,924,1327,01/17/2025,False
9164,The Villages of Briar Forest,1111,2x1,924,1327,01/18/2025,False
9165,The Villages of Briar Forest,1111,2x1,924,1327,01/19/2025,False
9166,The Villages of Briar Forest,1111,2x1,924,1327,01/20/2025,False
9167,The Villages of Briar Forest,1111,2x1,924,1264,01/21/2025,False
9168,The Villages of Briar Forest,1111,2x1,924,1264,01/22/2025,False
9169,The Villages of Briar Forest,1111,2x1,924,1264,01/23/2025,False
9170,The Villages of Briar Forest,1111,2x1,924,1264,01/24/2025,False
9171,The Villages of Briar Forest,1111,2x1,924,1264,01/25/2025,False
9172,The Villages of Briar Forest,1111,2x1,924,1264,01/26/2025,False
9173,The Villages of Briar Forest,1111,2x1,924,1264,01/27/2025,False
9174,The Villages of Briar Forest,1111,2x1,924,1194,01/28/2025,False
9175,The Villages of Briar Forest,1111,2x1,924,1194,01/29/2025,False
9176,The Villages of Briar Forest,1111,2x1,924,1194,01/30/2025,False
9177,The Villages of Briar Forest,1111,2x1,924,1204,01/31/2025,False
9178,The Villages of Briar Forest,1111,2x1,924,1204,02/01/2025,False
9179,The Villages of Briar Forest,1111,2x1,924,1204,02/02/2025,False
9180,The Villages of Briar Forest,1111,2x1,924,1204,02/03/2025,False
9181,The Villages of Briar Forest,1111,2x1,924,1204,02/04/2025,False
9182,The Villages of Briar Forest,1111,2x1,924,1204,02/05/2025,False
9183,The Villages of Briar Forest,1111,2x1,924,1204,02/06/2025,False
9184,The Villages of Briar Forest,1111,2x1,924,1199,02/07/2025,False
9185,The Villages of Briar Forest,1111,2x1,924,1199,02/08/2025,False
9186,The Villages of Briar Forest,1111,2x1,924,1199,02/09/2025,False
9187,The Villages of Briar Forest,1111,2x1,924,1199,02/10/2025,False
9188,The Villages of Briar Forest,1111,2x1,924,1199,02/11/2025,False
9189,The Villages of Briar Forest,1111,2x1,924,1199,02/12/2025,False
9190,The Villages of Briar Forest,1111,2x1,924,1199,02/13/2025,False
9191,The Villages of Briar Forest,1111,2x1,924,1250,02/14/2025,False
9192,The Villages of Briar Forest,1111,2x1,924,1250,02/15/2025,False
9193,The Villages of Briar Forest,1111,2x1,924,1250,02/16/2025,False
9194,The Villages of Briar Forest,1111,2x1,924,1250,02/17/2025,False
9195,The Villages of Briar Forest,1111,2x1,924,1250,02/18/2025,False
9196,The Villages of Briar Forest,1111,2x1,924,1250,02/19/2025,False
9197,The Villages of Briar Forest,1111,2x1,924,1312,02/20/2025,False
9198,The Villages of Briar Forest,1111,2x1,924,1250,02/21/2025,False
9199,The Villages of Briar Forest,1111,2x1,924,1250,02/22/2025,False
9200,The Villages of Briar Forest,1111,2x1,924,1250,02/23/2025,False
9201,The Villages of Briar Forest,1111,2x1,924,1250,02/24/2025,False
9202,The Villages of Briar Forest,1111,2x1,924,1250,02/25/2025,False
9203,The Villages of Briar Forest,1111,2x1,924,1250,02/26/2025,False
9204,The Villages of Briar Forest,1111,2x1,924,1250,02/27/2025,False
9205,The Villages of Briar Forest,1111,2x1,924,1279,02/28/2025,False
9206,The Villages of Briar Forest,1111,2x1,924,1264,03/01/2025,False
9207,The Villages of Briar Forest,1111,2x1,924,1264,03/02/2025,False
9208,The Villages of Briar Forest,1111,2x1,924,1264,03/03/2025,False
9209,The Villages of Briar Forest,1111,2x1,924,1264,03/04/2025,True
9210,The Villages of Briar Forest,1112,1x1,690,1127,08/23/2023,False
9211,The Villages of Briar Forest,1112,1x1,690,1128,08/24/2023,False
9212,The Villages of Briar Forest,1112,1x1,690,1128,08/25/2023,False
9213,The Villages of Briar Forest,1112,1x1,690,1083,08/26/2023,False
9214,The Villages of Briar Forest,1112,1x1,690,1083,08/27/2023,False
9215,The Villages of Briar Forest,1112,1x1,690,1083,08/28/2023,False
9216,The Villages of Briar Forest,1112,1x1,690,1083,08/29/2023,False
9217,The Villages of Briar Forest,1112,1x1,690,1083,08/30/2023,False
9218,The Villages of Briar Forest,1112,1x1,690,1083,08/31/2023,False
9219,The Villages of Briar Forest,1112,1x1,690,1083,09/01/2023,False
9220,The Villages of Briar Forest,1112,1x1,690,1117,09/02/2023,False
9221,The Villages of Briar Forest,1112,1x1,690,1113,09/03/2023,False
9222,The Villages of Briar Forest,1112,1x1,690,1113,09/04/2023,False
9223,The Villages of Briar Forest,1112,1x1,690,1113,09/05/2023,False
9224,The Villages of Briar Forest,1112,1x1,690,1113,09/06/2023,False
9225,The Villages of Briar Forest,1112,1x1,690,1113,09/07/2023,False
9226,The Villages of Briar Forest,1112,1x1,690,1113,09/08/2023,False
9227,The Villages of Briar Forest,1112,1x1,690,1098,09/09/2023,False
9228,The Villages of Briar Forest,1112,1x1,690,1068,09/10/2023,False
9229,The Villages of Briar Forest,1112,1x1,690,1068,09/11/2023,False
9230,The Villages of Briar Forest,1112,1x1,690,1068,09/12/2023,False
9231,The Villages of Briar Forest,1112,1x1,690,1068,09/13/2023,False
9232,The Villages of Briar Forest,1112,1x1,690,1068,09/14/2023,False
9233,The Villages of Briar Forest,1112,1x1,690,1068,09/15/2023,False
9234,The Villages of Briar Forest,1112,1x1,690,1098,09/16/2023,False
9235,The Villages of Briar Forest,1112,1x1,690,1098,09/17/2023,False
9236,The Villages of Briar Forest,1112,1x1,690,1098,09/18/2023,False
9237,The Villages of Briar Forest,1112,1x1,690,1098,09/19/2023,False
9238,The Villages of Briar Forest,1112,1x1,690,1098,09/20/2023,False
9239,The Villages of Briar Forest,1112,1x1,690,1098,09/21/2023,False
9240,The Villages of Briar Forest,1112,1x1,690,1093,09/22/2023,False
9241,The Villages of Briar Forest,1112,1x1,690,1093,09/23/2023,False
9242,The Villages of Briar Forest,1112,1x1,690,1093,09/24/2023,False
9243,The Villages of Briar Forest,1112,1x1,690,1093,09/25/2023,False
9244,The Villages of Briar Forest,1112,1x1,690,1093,09/26/2023,False
9245,The Villages of Briar Forest,1112,1x1,690,1093,09/27/2023,False
9246,The Villages of Briar Forest,1112,1x1,690,1093,09/28/2023,False
9247,The Villages of Briar Forest,1112,1x1,690,1093,09/29/2023,False
9248,The Villages of Briar Forest,1112,1x1,690,1042,09/30/2023,False
9249,The Villages of Briar Forest,1112,1x1,690,1042,10/01/2023,False
9250,The Villages of Briar Forest,1112,1x1,690,1042,10/02/2023,False
9251,The Villages of Briar Forest,1112,1x1,690,1042,10/03/2023,False
9252,The Villages of Briar Forest,1112,1x1,690,1042,10/04/2023,False
9253,The Villages of Briar Forest,1112,1x1,690,980,10/05/2023,False
9254,The Villages of Briar Forest,1112,1x1,690,1002,10/06/2023,False
9255,The Villages of Briar Forest,1112,1x1,690,1002,10/07/2023,False
9256,The Villages of Briar Forest,1112,1x1,690,920,10/08/2023,False
9257,The Villages of Briar Forest,1112,1x1,690,920,10/09/2023,False
9258,The Villages of Briar Forest,1112,1x1,690,920,10/10/2023,False
9259,The Villages of Briar Forest,1112,1x1,690,920,10/11/2023,False
9260,The Villages of Briar Forest,1112,1x1,690,920,10/12/2023,False
9261,The Villages of Briar Forest,1112,1x1,690,920,10/13/2023,False
9262,The Villages of Briar Forest,1112,1x1,690,914,10/14/2023,False
9263,The Villages of Briar Forest,1112,1x1,690,914,10/15/2023,False
9264,The Villages of Briar Forest,1112,1x1,690,914,10/16/2023,False
9265,The Villages of Briar Forest,1112,1x1,690,914,10/17/2023,False
9266,The Villages of Briar Forest,1112,1x1,690,914,10/18/2023,False
9267,The Villages of Briar Forest,1112,1x1,690,914,10/19/2023,False
9268,The Villages of Briar Forest,1112,1x1,690,914,10/20/2023,False
9269,The Villages of Briar Forest,1112,1x1,690,914,10/21/2023,False
9270,The Villages of Briar Forest,1112,1x1,690,914,10/22/2023,False
9271,The Villages of Briar Forest,1112,1x1,690,914,10/23/2023,False
9272,The Villages of Briar Forest,1112,1x1,690,914,10/24/2023,False
9273,The Villages of Briar Forest,1112,1x1,690,914,10/25/2023,False
9274,The Villages of Briar Forest,1112,1x1,690,914,10/26/2023,False
9275,The Villages of Briar Forest,1112,1x1,690,914,10/27/2023,False
9276,The Villages of Briar Forest,1112,1x1,690,914,10/28/2023,False
9277,The Villages of Briar Forest,1112,1x1,690,914,10/29/2023,True
9278,The Villages of Briar Forest,1113,1x1,690,1017,11/09/2023,False
9279,The Villages of Briar Forest,1113,1x1,690,1017,11/10/2023,False
9280,The Villages of Briar Forest,1113,1x1,690,1017,11/11/2023,False
9281,The Villages of Briar Forest,1113,1x1,690,1017,11/12/2023,False
9282,The Villages of Briar Forest,1113,1x1,690,1017,11/13/2023,False
9283,The Villages of Briar Forest,1113,1x1,690,1017,11/14/2023,False
9284,The Villages of Briar Forest,1113,1x1,690,1017,11/15/2023,False
9285,The Villages of Briar Forest,1113,1x1,690,1017,11/16/2023,False
9286,The Villages of Briar Forest,1113,1x1,690,997,11/17/2023,False
9287,The Villages of Briar Forest,1113,1x1,690,997,11/18/2023,False
9288,The Villages of Briar Forest,1113,1x1,690,997,11/19/2023,False
9289,The Villages of Briar Forest,1113,1x1,690,997,11/20/2023,False
9290,The Villages of Briar Forest,1113,1x1,690,997,11/21/2023,False
9291,The Villages of Briar Forest,1113,1x1,690,997,11/22/2023,False
9292,The Villages of Briar Forest,1113,1x1,690,997,11/23/2023,True
9293,The Villages of Briar Forest,1113,1x1,690,1175,06/28/2024,False
9294,The Villages of Briar Forest,1113,1x1,690,1175,06/29/2024,False
9295,The Villages of Briar Forest,1113,1x1,690,1175,06/30/2024,False
9296,The Villages of Briar Forest,1113,1x1,690,1175,07/01/2024,False
9297,The Villages of Briar Forest,1113,1x1,690,1129,07/02/2024,False
9298,The Villages of Briar Forest,1113,1x1,690,1129,07/03/2024,False
9299,The Villages of Briar Forest,1113,1x1,690,1129,07/04/2024,False
9300,The Villages of Briar Forest,1113,1x1,690,1129,07/05/2024,False
9301,The Villages of Briar Forest,1113,1x1,690,1129,07/06/2024,False
9302,The Villages of Briar Forest,1113,1x1,690,1129,07/07/2024,False
9303,The Villages of Briar Forest,1113,1x1,690,1072,07/08/2024,False
9304,The Villages of Briar Forest,1113,1x1,690,1072,07/09/2024,False
9305,The Villages of Briar Forest,1113,1x1,690,1137,07/10/2024,False
9306,The Villages of Briar Forest,1113,1x1,690,1137,07/11/2024,False
9307,The Villages of Briar Forest,1113,1x1,690,1157,07/12/2024,False
9308,The Villages of Briar Forest,1113,1x1,690,1157,07/13/2024,False
9309,The Villages of Briar Forest,1113,1x1,690,1157,07/14/2024,False
9310,The Villages of Briar Forest,1113,1x1,690,1157,07/15/2024,False
9311,The Villages of Briar Forest,1113,1x1,690,1157,07/16/2024,False
9312,The Villages of Briar Forest,1113,1x1,690,1157,07/17/2024,False
9313,The Villages of Briar Forest,1113,1x1,690,1157,07/18/2024,False
9314,The Villages of Briar Forest,1113,1x1,690,1157,07/19/2024,False
9315,The Villages of Briar Forest,1113,1x1,690,1157,07/20/2024,False
9316,The Villages of Briar Forest,1113,1x1,690,1157,07/21/2024,False
9317,The Villages of Briar Forest,1113,1x1,690,1157,07/22/2024,False
9318,The Villages of Briar Forest,1113,1x1,690,1157,07/23/2024,False
9319,The Villages of Briar Forest,1113,1x1,690,1157,07/24/2024,False
9320,The Villages of Briar Forest,1113,1x1,690,1157,07/25/2024,False
9321,The Villages of Briar Forest,1113,1x1,690,1157,07/26/2024,False
9322,The Villages of Briar Forest,1113,1x1,690,1132,07/27/2024,False
9323,The Villages of Briar Forest,1113,1x1,690,1132,07/28/2024,False
9324,The Villages of Briar Forest,1113,1x1,690,1132,07/29/2024,False
9325,The Villages of Briar Forest,1113,1x1,690,1132,07/30/2024,False
9326,The Villages of Briar Forest,1113,1x1,690,1132,07/31/2024,False
9327,The Villages of Briar Forest,1113,1x1,690,1134,08/01/2024,False
9328,The Villages of Briar Forest,1113,1x1,690,1134,08/02/2024,True
9329,The Villages of Briar Forest,1113,1x1,690,1052,02/11/2025,False
9330,The Villages of Briar Forest,1113,1x1,690,1052,02/12/2025,False
9331,The Villages of Briar Forest,1113,1x1,690,1052,02/13/2025,False
9332,The Villages of Briar Forest,1113,1x1,690,1067,02/14/2025,False
9333,The Villages of Briar Forest,1113,1x1,690,1067,02/15/2025,False
9334,The Villages of Briar Forest,1113,1x1,690,1067,02/16/2025,False
9335,The Villages of Briar Forest,1113,1x1,690,1067,02/17/2025,False
9336,The Villages of Briar Forest,1113,1x1,690,1067,02/18/2025,False
9337,The Villages of Briar Forest,1113,1x1,690,1067,02/19/2025,False
9338,The Villages of Briar Forest,1113,1x1,690,1067,02/20/2025,False
9339,The Villages of Briar Forest,1113,1x1,690,1004,02/21/2025,False
9340,The Villages of Briar Forest,1113,1x1,690,1004,02/22/2025,False
9341,The Villages of Briar Forest,1113,1x1,690,1004,02/23/2025,False
9342,The Villages of Briar Forest,1113,1x1,690,1004,02/24/2025,False
9343,The Villages of Briar Forest,1113,1x1,690,1004,02/25/2025,False
9344,The Villages of Briar Forest,1113,1x1,690,1004,02/26/2025,False
9345,The Villages of Briar Forest,1113,1x1,690,992,02/27/2025,False
9346,The Villages of Briar Forest,1113,1x1,690,967,02/28/2025,False
9347,The Villages of Briar Forest,1113,1x1,690,980,03/01/2025,False
9348,The Villages of Briar Forest,1113,1x1,690,980,03/02/2025,False
9349,The Villages of Briar Forest,1113,1x1,690,980,03/03/2025,False
9350,The Villages of Briar Forest,1113,1x1,690,980,03/04/2025,False
9351,The Villages of Briar Forest,1113,1x1,690,980,03/05/2025,False
9352,The Villages of Briar Forest,1113,1x1,690,1042,03/06/2025,False
9353,The Villages of Briar Forest,1113,1x1,690,1057,03/07/2025,False
9354,The Villages of Briar Forest,1113,1x1,690,1057,03/08/2025,False
9355,The Villages of Briar Forest,1113,1x1,690,1057,03/09/2025,False
9356,The Villages of Briar Forest,1113,1x1,690,1057,03/10/2025,False
9357,The Villages of Briar Forest,1113,1x1,690,1057,03/11/2025,False
9358,The Villages of Briar Forest,1113,1x1,690,1057,03/12/2025,False
9359,The Villages of Briar Forest,1113,1x1,690,1057,03/13/2025,False
9360,The Villages of Briar Forest,1113,1x1,690,1057,03/14/2025,False
9361,The Villages of Briar Forest,1113,1x1,690,1057,03/15/2025,False
9362,The Villages of Briar Forest,1113,1x1,690,1057,03/16/2025,False
9363,The Villages of Briar Forest,1113,1x1,690,1057,03/17/2025,False
9364,The Villages of Briar Forest,1113,1x1,690,1057,03/18/2025,False
9365,The Villages of Briar Forest,1113,1x1,690,1057,03/19/2025,False
9366,The Villages of Briar Forest,1113,1x1,690,1057,03/20/2025,False
9367,The Villages of Briar Forest,1113,1x1,690,1057,03/21/2025,False
9368,The Villages of Briar Forest,1113,1x1,690,1057,03/22/2025,False
9369,The Villages of Briar Forest,1113,1x1,690,1057,03/23/2025,False
9370,The Villages of Briar Forest,1113,1x1,690,1057,03/24/2025,False
9371,The Villages of Briar Forest,1113,1x1,690,1275,03/25/2025,False
9372,The Villages of Briar Forest,1113,1x1,690,1275,03/26/2025,True
9373,The Villages of Briar Forest,1114,2x1,924,1452,11/21/2024,False
9374,The Villages of Briar Forest,1114,2x1,924,1437,11/22/2024,False
9375,The Villages of Briar Forest,1114,2x1,924,1392,11/23/2024,False
9376,The Villages of Briar Forest,1114,2x1,924,1397,11/24/2024,False
9377,The Villages of Briar Forest,1114,2x1,924,1397,11/25/2024,False
9378,The Villages of Briar Forest,1114,2x1,924,1397,11/26/2024,False
9379,The Villages of Briar Forest,1114,2x1,924,1402,11/27/2024,False
9380,The Villages of Briar Forest,1114,2x1,924,1402,11/28/2024,False
9381,The Villages of Briar Forest,1114,2x1,924,1402,11/29/2024,False
9382,The Villages of Briar Forest,1114,2x1,924,1402,11/30/2024,False
9383,The Villages of Briar Forest,1114,2x1,924,1402,12/01/2024,False
9384,The Villages of Briar Forest,1114,2x1,924,1402,12/02/2024,False
9385,The Villages of Briar Forest,1114,2x1,924,1422,12/03/2024,False
9386,The Villages of Briar Forest,1114,2x1,924,1417,12/04/2024,False
9387,The Villages of Briar Forest,1114,2x1,924,1422,12/05/2024,False
9388,The Villages of Briar Forest,1114,2x1,924,1402,12/06/2024,False
9389,The Villages of Briar Forest,1114,2x1,924,1397,12/07/2024,False
9390,The Villages of Briar Forest,1114,2x1,924,1397,12/08/2024,False
9391,The Villages of Briar Forest,1114,2x1,924,1392,12/09/2024,False
9392,The Villages of Briar Forest,1114,2x1,924,1402,12/10/2024,False
9393,The Villages of Briar Forest,1114,2x1,924,1402,12/11/2024,False
9394,The Villages of Briar Forest,1114,2x1,924,1412,12/12/2024,False
9395,The Villages of Briar Forest,1114,2x1,924,1447,12/13/2024,False
9396,The Villages of Briar Forest,1114,2x1,924,1452,12/14/2024,False
9397,The Villages of Briar Forest,1114,2x1,924,1457,12/15/2024,False
9398,The Villages of Briar Forest,1114,2x1,924,1457,12/16/2024,False
9399,The Villages of Briar Forest,1114,2x1,924,1467,12/17/2024,False
9400,The Villages of Briar Forest,1114,2x1,924,1457,12/18/2024,False
9401,The Villages of Briar Forest,1114,2x1,924,1457,12/19/2024,False
9402,The Villages of Briar Forest,1114,2x1,924,1457,12/20/2024,False
9403,The Villages of Briar Forest,1114,2x1,924,1457,12/21/2024,False
9404,The Villages of Briar Forest,1114,2x1,924,1462,12/22/2024,False
9405,The Villages of Briar Forest,1114,2x1,924,1457,12/23/2024,False
9406,The Villages of Briar Forest,1114,2x1,924,1452,12/24/2024,False
9407,The Villages of Briar Forest,1114,2x1,924,1447,12/25/2024,False
9408,The Villages of Briar Forest,1114,2x1,924,1447,12/26/2024,False
9409,The Villages of Briar Forest,1114,2x1,924,1462,12/27/2024,False
9410,The Villages of Briar Forest,1114,2x1,924,1467,12/28/2024,False
9411,The Villages of Briar Forest,1114,2x1,924,1467,12/29/2024,False
9412,The Villages of Briar Forest,1114,2x1,924,1462,12/30/2024,False
9413,The Villages of Briar Forest,1114,2x1,924,1457,12/31/2024,False
9414,The Villages of Briar Forest,1114,2x1,924,1457,01/01/2025,False
9415,The Villages of Briar Forest,1114,2x1,924,1452,01/02/2025,False
9416,The Villages of Briar Forest,1114,2x1,924,1437,01/03/2025,False
9417,The Villages of Briar Forest,1114,2x1,924,1447,01/04/2025,False
9418,The Villages of Briar Forest,1114,2x1,924,1437,01/05/2025,False
9419,The Villages of Briar Forest,1114,2x1,924,1437,01/06/2025,False
9420,The Villages of Briar Forest,1114,2x1,924,1477,01/07/2025,False
9421,The Villages of Briar Forest,1114,2x1,924,1492,01/08/2025,False
9422,The Villages of Briar Forest,1114,2x1,924,1492,01/09/2025,False
9423,The Villages of Briar Forest,1114,2x1,924,1497,01/10/2025,False
9424,The Villages of Briar Forest,1114,2x1,924,1482,01/11/2025,False
9425,The Villages of Briar Forest,1114,2x1,924,1477,01/12/2025,False
9426,The Villages of Briar Forest,1114,2x1,924,1462,01/13/2025,False
9427,The Villages of Briar Forest,1114,2x1,924,1457,01/14/2025,False
9428,The Villages of Briar Forest,1114,2x1,924,1457,01/15/2025,False
9429,The Villages of Briar Forest,1114,2x1,924,1394,01/16/2025,False
9430,The Villages of Briar Forest,1114,2x1,924,1404,01/17/2025,False
9431,The Villages of Briar Forest,1114,2x1,924,1404,01/18/2025,False
9432,The Villages of Briar Forest,1114,2x1,924,1404,01/19/2025,False
9433,The Villages of Briar Forest,1114,2x1,924,1394,01/20/2025,False
9434,The Villages of Briar Forest,1114,2x1,924,1394,01/21/2025,False
9435,The Villages of Briar Forest,1114,2x1,924,1394,01/22/2025,False
9436,The Villages of Briar Forest,1114,2x1,924,1394,01/23/2025,False
9437,The Villages of Briar Forest,1114,2x1,924,1354,01/24/2025,False
9438,The Villages of Briar Forest,1114,2x1,924,1354,01/25/2025,False
9439,The Villages of Briar Forest,1114,2x1,924,1354,01/26/2025,False
9440,The Villages of Briar Forest,1114,2x1,924,1342,01/27/2025,False
9441,The Villages of Briar Forest,1114,2x1,924,1342,01/28/2025,False
9442,The Villages of Briar Forest,1114,2x1,924,1342,01/29/2025,False
9443,The Villages of Briar Forest,1114,2x1,924,1342,01/30/2025,False
9444,The Villages of Briar Forest,1114,2x1,924,1352,01/31/2025,False
9445,The Villages of Briar Forest,1114,2x1,924,1364,02/01/2025,False
9446,The Villages of Briar Forest,1114,2x1,924,1364,02/02/2025,False
9447,The Villages of Briar Forest,1114,2x1,924,1364,02/03/2025,False
9448,The Villages of Briar Forest,1114,2x1,924,1364,02/04/2025,False
9449,The Villages of Briar Forest,1114,2x1,924,1364,02/05/2025,False
9450,The Villages of Briar Forest,1114,2x1,924,1364,02/06/2025,False
9451,The Villages of Briar Forest,1114,2x1,924,1359,02/07/2025,False
9452,The Villages of Briar Forest,1114,2x1,924,1359,02/08/2025,False
9453,The Villages of Briar Forest,1114,2x1,924,1359,02/09/2025,False
9454,The Villages of Briar Forest,1114,2x1,924,1359,02/10/2025,False
9455,The Villages of Briar Forest,1114,2x1,924,1359,02/11/2025,False
9456,The Villages of Briar Forest,1114,2x1,924,1359,02/12/2025,False
9457,The Villages of Briar Forest,1114,2x1,924,1359,02/13/2025,False
9458,The Villages of Briar Forest,1114,2x1,924,1410,02/14/2025,False
9459,The Villages of Briar Forest,1114,2x1,924,1410,02/15/2025,False
9460,The Villages of Briar Forest,1114,2x1,924,1410,02/16/2025,False
9461,The Villages of Briar Forest,1114,2x1,924,1410,02/17/2025,False
9462,The Villages of Briar Forest,1114,2x1,924,1410,02/18/2025,False
9463,The Villages of Briar Forest,1114,2x1,924,1410,02/19/2025,False
9464,The Villages of Briar Forest,1114,2x1,924,1472,02/20/2025,False
9465,The Villages of Briar Forest,1114,2x1,924,1404,02/21/2025,False
9466,The Villages of Briar Forest,1114,2x1,924,1404,02/22/2025,False
9467,The Villages of Briar Forest,1114,2x1,924,1404,02/23/2025,False
9468,The Villages of Briar Forest,1114,2x1,924,1410,02/24/2025,False
9469,The Villages of Briar Forest,1114,2x1,924,1404,02/25/2025,False
9470,The Villages of Briar Forest,1114,2x1,924,1424,02/26/2025,False
9471,The Villages of Briar Forest,1114,2x1,924,1424,02/27/2025,False
9472,The Villages of Briar Forest,1114,2x1,924,1424,02/28/2025,False
9473,The Villages of Briar Forest,1114,2x1,924,1424,03/01/2025,False
9474,The Villages of Briar Forest,1114,2x1,924,1424,03/02/2025,False
9475,The Villages of Briar Forest,1114,2x1,924,1424,03/03/2025,False
9476,The Villages of Briar Forest,1114,2x1,924,1454,03/04/2025,False
9477,The Villages of Briar Forest,1114,2x1,924,1447,03/05/2025,False
9478,The Villages of Briar Forest,1114,2x1,924,1522,03/06/2025,True
9479,The Villages of Briar Forest,1115,2x1,924,1377,08/29/2024,False
9480,The Villages of Briar Forest,1115,2x1,924,1387,08/30/2024,False
9481,The Villages of Briar Forest,1115,2x1,924,1387,08/31/2024,False
9482,The Villages of Briar Forest,1115,2x1,924,1387,09/01/2024,False
9483,The Villages of Briar Forest,1115,2x1,924,1387,09/02/2024,False
9484,The Villages of Briar Forest,1115,2x1,924,1387,09/03/2024,False
9485,The Villages of Briar Forest,1115,2x1,924,1387,09/04/2024,False
9486,The Villages of Briar Forest,1115,2x1,924,1387,09/05/2024,False
9487,The Villages of Briar Forest,1115,2x1,924,1387,09/06/2024,False
9488,The Villages of Briar Forest,1115,2x1,924,1387,09/07/2024,False
9489,The Villages of Briar Forest,1115,2x1,924,1387,09/08/2024,False
9490,The Villages of Briar Forest,1115,2x1,924,1387,09/09/2024,False
9491,The Villages of Briar Forest,1115,2x1,924,1387,09/10/2024,True
9492,The Villages of Briar Forest,1117,1x1,690,1320,04/25/2024,False
9493,The Villages of Briar Forest,1117,1x1,690,1295,04/26/2024,False
9494,The Villages of Briar Forest,1117,1x1,690,1295,04/27/2024,False
9495,The Villages of Briar Forest,1117,1x1,690,1290,04/28/2024,False
9496,The Villages of Briar Forest,1117,1x1,690,1290,04/29/2024,False
9497,The Villages of Briar Forest,1117,1x1,690,1275,04/30/2024,False
9498,The Villages of Briar Forest,1117,1x1,690,1285,05/01/2024,False
9499,The Villages of Briar Forest,1117,1x1,690,1290,05/02/2024,False
9500,The Villages of Briar Forest,1117,1x1,690,1345,05/03/2024,False
9501,The Villages of Briar Forest,1117,1x1,690,1345,05/04/2024,False
9502,The Villages of Briar Forest,1117,1x1,690,1340,05/05/2024,False
9503,The Villages of Briar Forest,1117,1x1,690,1325,05/06/2024,False
9504,The Villages of Briar Forest,1117,1x1,690,1325,05/07/2024,False
9505,The Villages of Briar Forest,1117,1x1,690,1325,05/08/2024,False
9506,The Villages of Briar Forest,1117,1x1,690,1325,05/09/2024,False
9507,The Villages of Briar Forest,1117,1x1,690,1308,05/10/2024,False
9508,The Villages of Briar Forest,1117,1x1,690,1323,05/11/2024,False
9509,The Villages of Briar Forest,1117,1x1,690,1323,05/12/2024,False
9510,The Villages of Briar Forest,1117,1x1,690,1308,05/13/2024,False
9511,The Villages of Briar Forest,1117,1x1,690,1308,05/14/2024,False
9512,The Villages of Briar Forest,1117,1x1,690,1308,05/15/2024,False
9513,The Villages of Briar Forest,1117,1x1,690,1303,05/16/2024,False
9514,The Villages of Briar Forest,1117,1x1,690,1313,05/17/2024,False
9515,The Villages of Briar Forest,1117,1x1,690,1298,05/18/2024,False
9516,The Villages of Briar Forest,1117,1x1,690,1298,05/19/2024,False
9517,The Villages of Briar Forest,1117,1x1,690,1298,05/20/2024,False
9518,The Villages of Briar Forest,1117,1x1,690,1298,05/21/2024,False
9519,The Villages of Briar Forest,1117,1x1,690,1298,05/22/2024,False
9520,The Villages of Briar Forest,1117,1x1,690,1298,05/23/2024,False
9521,The Villages of Briar Forest,1117,1x1,690,1330,05/24/2024,False
9522,The Villages of Briar Forest,1117,1x1,690,1330,05/25/2024,False
9523,The Villages of Briar Forest,1117,1x1,690,1345,05/26/2024,False
9524,The Villages of Briar Forest,1117,1x1,690,1335,05/27/2024,False
9525,The Villages of Briar Forest,1117,1x1,690,1330,05/28/2024,False
9526,The Villages of Briar Forest,1117,1x1,690,1330,05/29/2024,False
9527,The Villages of Briar Forest,1117,1x1,690,1355,05/30/2024,False
9528,The Villages of Briar Forest,1117,1x1,690,1355,05/31/2024,False
9529,The Villages of Briar Forest,1117,1x1,690,1355,06/01/2024,False
9530,The Villages of Briar Forest,1117,1x1,690,1355,06/02/2024,False
9531,The Villages of Briar Forest,1117,1x1,690,1355,06/03/2024,False
9532,The Villages of Briar Forest,1117,1x1,690,1355,06/04/2024,False
9533,The Villages of Briar Forest,1117,1x1,690,1355,06/05/2024,False
9534,The Villages of Briar Forest,1117,1x1,690,1355,06/06/2024,False
9535,The Villages of Briar Forest,1117,1x1,690,1355,06/07/2024,False
9536,The Villages of Briar Forest,1117,1x1,690,1355,06/08/2024,False
9537,The Villages of Briar Forest,1117,1x1,690,1355,06/09/2024,False
9538,The Villages of Briar Forest,1117,1x1,690,1355,06/10/2024,False
9539,The Villages of Briar Forest,1117,1x1,690,1355,06/11/2024,False
9540,The Villages of Briar Forest,1117,1x1,690,1355,06/12/2024,False
9541,The Villages of Briar Forest,1117,1x1,690,1355,06/13/2024,False
9542,The Villages of Briar Forest,1117,1x1,690,1355,06/14/2024,False
9543,The Villages of Briar Forest,1117,1x1,690,1355,06/15/2024,False
9544,The Villages of Briar Forest,1117,1x1,690,1355,06/16/2024,False
9545,The Villages of Briar Forest,1117,1x1,690,1355,06/17/2024,False
9546,The Villages of Briar Forest,1117,1x1,690,1355,06/18/2024,False
9547,The Villages of Briar Forest,1117,1x1,690,1355,06/19/2024,False
9548,The Villages of Briar Forest,1117,1x1,690,1355,06/20/2024,False
9549,The Villages of Briar Forest,1117,1x1,690,1355,06/21/2024,False
9550,The Villages of Briar Forest,1117,1x1,690,1355,06/22/2024,False
9551,The Villages of Briar Forest,1117,1x1,690,1355,06/23/2024,False
9552,The Villages of Briar Forest,1117,1x1,690,1355,06/24/2024,False
9553,The Villages of Briar Forest,1117,1x1,690,1355,06/25/2024,False
9554,The Villages of Briar Forest,1117,1x1,690,1355,06/26/2024,False
9555,The Villages of Briar Forest,1117,1x1,690,1355,06/27/2024,False
9556,The Villages of Briar Forest,1117,1x1,690,1334,06/28/2024,False
9557,The Villages of Briar Forest,1117,1x1,690,1334,06/29/2024,False
9558,The Villages of Briar Forest,1117,1x1,690,1334,06/30/2024,False
9559,The Villages of Briar Forest,1117,1x1,690,1334,07/01/2024,False
9560,The Villages of Briar Forest,1117,1x1,690,1334,07/02/2024,False
9561,The Villages of Briar Forest,1117,1x1,690,1334,07/03/2024,False
9562,The Villages of Briar Forest,1117,1x1,690,1334,07/04/2024,False
9563,The Villages of Briar Forest,1117,1x1,690,1334,07/05/2024,False
9564,The Villages of Briar Forest,1117,1x1,690,1334,07/06/2024,False
9565,The Villages of Briar Forest,1117,1x1,690,1334,07/07/2024,False
9566,The Villages of Briar Forest,1117,1x1,690,1334,07/08/2024,False
9567,The Villages of Briar Forest,1117,1x1,690,1334,07/09/2024,False
9568,The Villages of Briar Forest,1117,1x1,690,1334,07/10/2024,False
9569,The Villages of Briar Forest,1117,1x1,690,1334,07/11/2024,False
9570,The Villages of Briar Forest,1117,1x1,690,1334,07/12/2024,False
9571,The Villages of Briar Forest,1117,1x1,690,1334,07/13/2024,False
9572,The Villages of Briar Forest,1117,1x1,690,1334,07/14/2024,False
9573,The Villages of Briar Forest,1117,1x1,690,1334,07/15/2024,False
9574,The Villages of Briar Forest,1117,1x1,690,1334,07/16/2024,False
9575,The Villages of Briar Forest,1117,1x1,690,1334,07/17/2024,False
9576,The Villages of Briar Forest,1117,1x1,690,1334,07/18/2024,False
9577,The Villages of Briar Forest,1117,1x1,690,1334,07/19/2024,False
9578,The Villages of Briar Forest,1117,1x1,690,1334,07/20/2024,False
9579,The Villages of Briar Forest,1117,1x1,690,1334,07/21/2024,False
9580,The Villages of Briar Forest,1117,1x1,690,1334,07/22/2024,False
9581,The Villages of Briar Forest,1117,1x1,690,1334,07/23/2024,False
9582,The Villages of Briar Forest,1117,1x1,690,1334,07/24/2024,False
9583,The Villages of Briar Forest,1117,1x1,690,1334,07/25/2024,False
9584,The Villages of Briar Forest,1117,1x1,690,1334,07/26/2024,False
9585,The Villages of Briar Forest,1117,1x1,690,1334,07/27/2024,False
9586,The Villages of Briar Forest,1117,1x1,690,1334,07/28/2024,False
9587,The Villages of Briar Forest,1117,1x1,690,1334,07/29/2024,False
9588,The Villages of Briar Forest,1117,1x1,690,1334,07/30/2024,False
9589,The Villages of Briar Forest,1117,1x1,690,1334,07/31/2024,False
9590,The Villages of Briar Forest,1117,1x1,690,1334,08/01/2024,False
9591,The Villages of Briar Forest,1117,1x1,690,1287,08/02/2024,False
9592,The Villages of Briar Forest,1117,1x1,690,1287,08/03/2024,False
9593,The Villages of Briar Forest,1117,1x1,690,1287,08/04/2024,False
9594,The Villages of Briar Forest,1117,1x1,690,1267,08/05/2024,False
9595,The Villages of Briar Forest,1117,1x1,690,1267,08/06/2024,False
9596,The Villages of Briar Forest,1117,1x1,690,1267,08/07/2024,False
9597,The Villages of Briar Forest,1117,1x1,690,1267,08/08/2024,False
9598,The Villages of Briar Forest,1117,1x1,690,1232,08/09/2024,False
9599,The Villages of Briar Forest,1117,1x1,690,1220,08/10/2024,False
9600,The Villages of Briar Forest,1117,1x1,690,1220,08/11/2024,False
9601,The Villages of Briar Forest,1117,1x1,690,1220,08/12/2024,False
9602,The Villages of Briar Forest,1117,1x1,690,1220,08/13/2024,False
9603,The Villages of Briar Forest,1117,1x1,690,1220,08/14/2024,False
9604,The Villages of Briar Forest,1117,1x1,690,1232,08/15/2024,False
9605,The Villages of Briar Forest,1117,1x1,690,1207,08/16/2024,False
9606,The Villages of Briar Forest,1117,1x1,690,1207,08/17/2024,True
9607,The Villages of Briar Forest,1118,2x1,924,1307,09/19/2024,False
9608,The Villages of Briar Forest,1118,2x1,924,1317,09/20/2024,False
9609,The Villages of Briar Forest,1118,2x1,924,1317,09/21/2024,False
9610,The Villages of Briar Forest,1118,2x1,924,1317,09/22/2024,False
9611,The Villages of Briar Forest,1118,2x1,924,1312,09/23/2024,False
9612,The Villages of Briar Forest,1118,2x1,924,1312,09/24/2024,False
9613,The Villages of Briar Forest,1118,2x1,924,1302,09/25/2024,False
9614,The Villages of Briar Forest,1118,2x1,924,1302,09/26/2024,False
9615,The Villages of Briar Forest,1118,2x1,924,1292,09/27/2024,False
9616,The Villages of Briar Forest,1118,2x1,924,1287,09/28/2024,False
9617,The Villages of Briar Forest,1118,2x1,924,1287,09/29/2024,False
9618,The Villages of Briar Forest,1118,2x1,924,1262,09/30/2024,False
9619,The Villages of Briar Forest,1118,2x1,924,1262,10/01/2024,False
9620,The Villages of Briar Forest,1118,2x1,924,1257,10/02/2024,False
9621,The Villages of Briar Forest,1118,2x1,924,1257,10/03/2024,False
9622,The Villages of Briar Forest,1118,2x1,924,1257,10/04/2024,False
9623,The Villages of Briar Forest,1118,2x1,924,1252,10/05/2024,False
9624,The Villages of Briar Forest,1118,2x1,924,1252,10/06/2024,True
9625,The Villages of Briar Forest,1121,2x1,924,1352,01/08/2025,False
9626,The Villages of Briar Forest,1121,2x1,924,1352,01/09/2025,False
9627,The Villages of Briar Forest,1121,2x1,924,1357,01/10/2025,False
9628,The Villages of Briar Forest,1121,2x1,924,1352,01/11/2025,False
9629,The Villages of Briar Forest,1121,2x1,924,1347,01/12/2025,False
9630,The Villages of Briar Forest,1121,2x1,924,1347,01/13/2025,False
9631,The Villages of Briar Forest,1121,2x1,924,1342,01/14/2025,False
9632,The Villages of Briar Forest,1121,2x1,924,1342,01/15/2025,False
9633,The Villages of Briar Forest,1121,2x1,924,1342,01/16/2025,False
9634,The Villages of Briar Forest,1121,2x1,924,1347,01/17/2025,False
9635,The Villages of Briar Forest,1121,2x1,924,1347,01/18/2025,False
9636,The Villages of Briar Forest,1121,2x1,924,1347,01/19/2025,False
9637,The Villages of Briar Forest,1121,2x1,924,1352,01/20/2025,False
9638,The Villages of Briar Forest,1121,2x1,924,1347,01/21/2025,False
9639,The Villages of Briar Forest,1121,2x1,924,1347,01/22/2025,False
9640,The Villages of Briar Forest,1121,2x1,924,1347,01/23/2025,False
9641,The Villages of Briar Forest,1121,2x1,924,1292,01/24/2025,False
9642,The Villages of Briar Forest,1121,2x1,924,1292,01/25/2025,False
9643,The Villages of Briar Forest,1121,2x1,924,1292,01/26/2025,False
9644,The Villages of Briar Forest,1121,2x1,924,1287,01/27/2025,False
9645,The Villages of Briar Forest,1121,2x1,924,1292,01/28/2025,False
9646,The Villages of Briar Forest,1121,2x1,924,1292,01/29/2025,False
9647,The Villages of Briar Forest,1121,2x1,924,1297,01/30/2025,False
9648,The Villages of Briar Forest,1121,2x1,924,1312,01/31/2025,False
9649,The Villages of Briar Forest,1121,2x1,924,1312,02/01/2025,False
9650,The Villages of Briar Forest,1121,2x1,924,1312,02/02/2025,False
9651,The Villages of Briar Forest,1121,2x1,924,1307,02/03/2025,False
9652,The Villages of Briar Forest,1121,2x1,924,1307,02/04/2025,False
9653,The Villages of Briar Forest,1121,2x1,924,1302,02/05/2025,False
9654,The Villages of Briar Forest,1121,2x1,924,1302,02/06/2025,False
9655,The Villages of Briar Forest,1121,2x1,924,1292,02/07/2025,False
9656,The Villages of Briar Forest,1121,2x1,924,1307,02/08/2025,False
9657,The Villages of Briar Forest,1121,2x1,924,1307,02/09/2025,False
9658,The Villages of Briar Forest,1121,2x1,924,1312,02/10/2025,False
9659,The Villages of Briar Forest,1121,2x1,924,1307,02/11/2025,False
9660,The Villages of Briar Forest,1121,2x1,924,1307,02/12/2025,False
9661,The Villages of Briar Forest,1121,2x1,924,1302,02/13/2025,False
9662,The Villages of Briar Forest,1121,2x1,924,1357,02/14/2025,False
9663,The Villages of Briar Forest,1121,2x1,924,1357,02/15/2025,False
9664,The Villages of Briar Forest,1121,2x1,924,1357,02/16/2025,False
9665,The Villages of Briar Forest,1121,2x1,924,1357,02/17/2025,False
9666,The Villages of Briar Forest,1121,2x1,924,1357,02/18/2025,False
9667,The Villages of Briar Forest,1121,2x1,924,1362,02/19/2025,False
9668,The Villages of Briar Forest,1121,2x1,924,1362,02/20/2025,False
9669,The Villages of Briar Forest,1121,2x1,924,1352,02/21/2025,False
9670,The Villages of Briar Forest,1121,2x1,924,1357,02/22/2025,False
9671,The Villages of Briar Forest,1121,2x1,924,1357,02/23/2025,False
9672,The Villages of Briar Forest,1121,2x1,924,1352,02/24/2025,False
9673,The Villages of Briar Forest,1121,2x1,924,1357,02/25/2025,False
9674,The Villages of Briar Forest,1121,2x1,924,1294,02/26/2025,False
9675,The Villages of Briar Forest,1121,2x1,924,1294,02/27/2025,False
9676,The Villages of Briar Forest,1121,2x1,924,1304,02/28/2025,False
9677,The Villages of Briar Forest,1121,2x1,924,1304,03/01/2025,False
9678,The Villages of Briar Forest,1121,2x1,924,1304,03/02/2025,False
9679,The Villages of Briar Forest,1121,2x1,924,1304,03/03/2025,False
9680,The Villages of Briar Forest,1121,2x1,924,1304,03/04/2025,False
9681,The Villages of Briar Forest,1121,2x1,924,1299,03/05/2025,False
9682,The Villages of Briar Forest,1121,2x1,924,1377,03/06/2025,False
9683,The Villages of Briar Forest,1121,2x1,924,1382,03/07/2025,False
9684,The Villages of Briar Forest,1121,2x1,924,1377,03/08/2025,False
9685,The Villages of Briar Forest,1121,2x1,924,1377,03/09/2025,False
9686,The Villages of Briar Forest,1121,2x1,924,1382,03/10/2025,False
9687,The Villages of Briar Forest,1121,2x1,924,1382,03/11/2025,False
9688,The Villages of Briar Forest,1121,2x1,924,1382,03/12/2025,False
9689,The Villages of Briar Forest,1121,2x1,924,1382,03/13/2025,False
9690,The Villages of Briar Forest,1121,2x1,924,1382,03/14/2025,False
9691,The Villages of Briar Forest,1121,2x1,924,1382,03/15/2025,False
9692,The Villages of Briar Forest,1121,2x1,924,1382,03/16/2025,False
9693,The Villages of Briar Forest,1121,2x1,924,1382,03/17/2025,False
9694,The Villages of Briar Forest,1121,2x1,924,1382,03/18/2025,False
9695,The Villages of Briar Forest,1121,2x1,924,1317,03/19/2025,False
9696,The Villages of Briar Forest,1121,2x1,924,1317,03/20/2025,False
9697,The Villages of Briar Forest,1121,2x1,924,1317,03/21/2025,False
9698,The Villages of Briar Forest,1121,2x1,924,1317,03/22/2025,False
9699,The Villages of Briar Forest,1121,2x1,924,1317,03/23/2025,False
9700,The Villages of Briar Forest,1121,2x1,924,1317,03/24/2025,False
9701,The Villages of Briar Forest,1121,2x1,924,1470,03/25/2025,False
9702,The Villages of Briar Forest,1121,2x1,924,1470,03/26/2025,False
9703,The Villages of Briar Forest,1121,2x1,924,1470,03/27/2025,False
9704,The Villages of Briar Forest,1121,2x1,924,1470,03/28/2025,False
9705,The Villages of Briar Forest,1121,2x1,924,1470,03/29/2025,False
9706,The Villages of Briar Forest,1121,2x1,924,1470,03/30/2025,False
9707,The Villages of Briar Forest,1121,2x1,924,1470,03/31/2025,False
9708,The Villages of Briar Forest,1121,2x1,924,1470,04/01/2025,True
9709,The Villages of Briar Forest,1122,1x1,690,1227,06/09/2024,False
9710,The Villages of Briar Forest,1122,1x1,690,1227,06/10/2024,False
9711,The Villages of Briar Forest,1122,1x1,690,1227,06/11/2024,False
9712,The Villages of Briar Forest,1122,1x1,690,1227,06/12/2024,False
9713,The Villages of Briar Forest,1122,1x1,690,1227,06/13/2024,False
9714,The Villages of Briar Forest,1122,1x1,690,1227,06/14/2024,False
9715,The Villages of Briar Forest,1122,1x1,690,1227,06/15/2024,False
9716,The Villages of Briar Forest,1122,1x1,690,1227,06/16/2024,False
9717,The Villages of Briar Forest,1122,1x1,690,1227,06/17/2024,False
9718,The Villages of Briar Forest,1122,1x1,690,1227,06/18/2024,False
9719,The Villages of Briar Forest,1122,1x1,690,1227,06/19/2024,False
9720,The Villages of Briar Forest,1122,1x1,690,1227,06/20/2024,False
9721,The Villages of Briar Forest,1122,1x1,690,1212,06/21/2024,False
9722,The Villages of Briar Forest,1122,1x1,690,1212,06/22/2024,False
9723,The Villages of Briar Forest,1122,1x1,690,1212,06/23/2024,False
9724,The Villages of Briar Forest,1122,1x1,690,1197,06/24/2024,False
9725,The Villages of Briar Forest,1122,1x1,690,1197,06/25/2024,False
9726,The Villages of Briar Forest,1122,1x1,690,1198,06/26/2024,False
9727,The Villages of Briar Forest,1122,1x1,690,1198,06/27/2024,False
9728,The Villages of Briar Forest,1122,1x1,690,1155,06/28/2024,False
9729,The Villages of Briar Forest,1122,1x1,690,1155,06/29/2024,False
9730,The Villages of Briar Forest,1122,1x1,690,1155,06/30/2024,False
9731,The Villages of Briar Forest,1122,1x1,690,1155,07/01/2024,False
9732,The Villages of Briar Forest,1122,1x1,690,1109,07/02/2024,False
9733,The Villages of Briar Forest,1122,1x1,690,1109,07/03/2024,False
9734,The Villages of Briar Forest,1122,1x1,690,1109,07/04/2024,False
9735,The Villages of Briar Forest,1122,1x1,690,1109,07/05/2024,False
9736,The Villages of Briar Forest,1122,1x1,690,1109,07/06/2024,False
9737,The Villages of Briar Forest,1122,1x1,690,1109,07/07/2024,False
9738,The Villages of Briar Forest,1122,1x1,690,1109,07/08/2024,False
9739,The Villages of Briar Forest,1122,1x1,690,1109,07/09/2024,False
9740,The Villages of Briar Forest,1122,1x1,690,1109,07/10/2024,False
9741,The Villages of Briar Forest,1122,1x1,690,1109,07/11/2024,False
9742,The Villages of Briar Forest,1122,1x1,690,1109,07/12/2024,False
9743,The Villages of Briar Forest,1122,1x1,690,1109,07/13/2024,False
9744,The Villages of Briar Forest,1122,1x1,690,1109,07/14/2024,False
9745,The Villages of Briar Forest,1122,1x1,690,1109,07/15/2024,False
9746,The Villages of Briar Forest,1122,1x1,690,1109,07/16/2024,False
9747,The Villages of Briar Forest,1122,1x1,690,1109,07/17/2024,False
9748,The Villages of Briar Forest,1122,1x1,690,1109,07/18/2024,False
9749,The Villages of Briar Forest,1122,1x1,690,1137,07/19/2024,False
9750,The Villages of Briar Forest,1122,1x1,690,1134,07/20/2024,False
9751,The Villages of Briar Forest,1122,1x1,690,1134,07/21/2024,False
9752,The Villages of Briar Forest,1122,1x1,690,1134,07/22/2024,False
9753,The Villages of Briar Forest,1122,1x1,690,1134,07/23/2024,False
9754,The Villages of Briar Forest,1122,1x1,690,1134,07/24/2024,False
9755,The Villages of Briar Forest,1122,1x1,690,1134,07/25/2024,False
9756,The Villages of Briar Forest,1122,1x1,690,1114,07/26/2024,False
9757,The Villages of Briar Forest,1122,1x1,690,1114,07/27/2024,False
9758,The Villages of Briar Forest,1122,1x1,690,1114,07/28/2024,False
9759,The Villages of Briar Forest,1122,1x1,690,1112,07/29/2024,False
9760,The Villages of Briar Forest,1122,1x1,690,1112,07/30/2024,False
9761,The Villages of Briar Forest,1122,1x1,690,1112,07/31/2024,False
9762,The Villages of Briar Forest,1122,1x1,690,1112,08/01/2024,False
9763,The Villages of Briar Forest,1122,1x1,690,1112,08/02/2024,False
9764,The Villages of Briar Forest,1122,1x1,690,1112,08/03/2024,False
9765,The Villages of Briar Forest,1122,1x1,690,1112,08/04/2024,False
9766,The Villages of Briar Forest,1122,1x1,690,1112,08/05/2024,False
9767,The Villages of Briar Forest,1122,1x1,690,1112,08/06/2024,False
9768,The Villages of Briar Forest,1122,1x1,690,1112,08/07/2024,False
9769,The Villages of Briar Forest,1122,1x1,690,1112,08/08/2024,False
9770,The Villages of Briar Forest,1122,1x1,690,1112,08/09/2024,False
9771,The Villages of Briar Forest,1122,1x1,690,1084,08/10/2024,False
9772,The Villages of Briar Forest,1122,1x1,690,1084,08/11/2024,False
9773,The Villages of Briar Forest,1122,1x1,690,1084,08/12/2024,False
9774,The Villages of Briar Forest,1122,1x1,690,1132,08/13/2024,False
9775,The Villages of Briar Forest,1122,1x1,690,1132,08/14/2024,False
9776,The Villages of Briar Forest,1122,1x1,690,1132,08/15/2024,False
9777,The Villages of Briar Forest,1122,1x1,690,1187,08/16/2024,False
9778,The Villages of Briar Forest,1122,1x1,690,1187,08/17/2024,False
9779,The Villages of Briar Forest,1122,1x1,690,1187,08/18/2024,False
9780,The Villages of Briar Forest,1122,1x1,690,1187,08/19/2024,False
9781,The Villages of Briar Forest,1122,1x1,690,1187,08/20/2024,False
9782,The Villages of Briar Forest,1122,1x1,690,1187,08/21/2024,False
9783,The Villages of Briar Forest,1122,1x1,690,1187,08/22/2024,False
9784,The Villages of Briar Forest,1122,1x1,690,1187,08/23/2024,False
9785,The Villages of Briar Forest,1122,1x1,690,1187,08/24/2024,False
9786,The Villages of Briar Forest,1122,1x1,690,1187,08/25/2024,False
9787,The Villages of Briar Forest,1122,1x1,690,1187,08/26/2024,False
9788,The Villages of Briar Forest,1122,1x1,690,1187,08/27/2024,False
9789,The Villages of Briar Forest,1122,1x1,690,1152,08/28/2024,False
9790,The Villages of Briar Forest,1122,1x1,690,1127,08/29/2024,False
9791,The Villages of Briar Forest,1122,1x1,690,1142,08/30/2024,False
9792,The Villages of Briar Forest,1122,1x1,690,1148,08/31/2024,False
9793,The Villages of Briar Forest,1122,1x1,690,1108,09/01/2024,False
9794,The Villages of Briar Forest,1122,1x1,690,1108,09/02/2024,False
9795,The Villages of Briar Forest,1122,1x1,690,1108,09/03/2024,False
9796,The Villages of Briar Forest,1122,1x1,690,1108,09/04/2024,False
9797,The Villages of Briar Forest,1122,1x1,690,1108,09/05/2024,False
9798,The Villages of Briar Forest,1122,1x1,690,1108,09/06/2024,False
9799,The Villages of Briar Forest,1122,1x1,690,1108,09/07/2024,False
9800,The Villages of Briar Forest,1122,1x1,690,1108,09/08/2024,False
9801,The Villages of Briar Forest,1122,1x1,690,1108,09/09/2024,False
9802,The Villages of Briar Forest,1122,1x1,690,1108,09/10/2024,False
9803,The Villages of Briar Forest,1122,1x1,690,1108,09/11/2024,False
9804,The Villages of Briar Forest,1122,1x1,690,1108,09/12/2024,False
9805,The Villages of Briar Forest,1122,1x1,690,1098,09/13/2024,False
9806,The Villages of Briar Forest,1122,1x1,690,1098,09/14/2024,False
9807,The Villages of Briar Forest,1122,1x1,690,1098,09/15/2024,False
9808,The Villages of Briar Forest,1122,1x1,690,1098,09/16/2024,False
9809,The Villages of Briar Forest,1122,1x1,690,1127,09/17/2024,False
9810,The Villages of Briar Forest,1122,1x1,690,1127,09/18/2024,False
9811,The Villages of Briar Forest,1122,1x1,690,1127,09/19/2024,False
9812,The Villages of Briar Forest,1122,1x1,690,1142,09/20/2024,False
9813,The Villages of Briar Forest,1122,1x1,690,1142,09/21/2024,False
9814,The Villages of Briar Forest,1122,1x1,690,1142,09/22/2024,False
9815,The Villages of Briar Forest,1122,1x1,690,1142,09/23/2024,False
9816,The Villages of Briar Forest,1122,1x1,690,1142,09/24/2024,False
9817,The Villages of Briar Forest,1122,1x1,690,1142,09/25/2024,False
9818,The Villages of Briar Forest,1122,1x1,690,1142,09/26/2024,False
9819,The Villages of Briar Forest,1122,1x1,690,1133,09/27/2024,False
9820,The Villages of Briar Forest,1122,1x1,690,1133,09/28/2024,False
9821,The Villages of Briar Forest,1122,1x1,690,1162,09/29/2024,False
9822,The Villages of Briar Forest,1122,1x1,690,1141,09/30/2024,False
9823,The Villages of Briar Forest,1122,1x1,690,1141,10/01/2024,False
9824,The Villages of Briar Forest,1122,1x1,690,1126,10/02/2024,False
9825,The Villages of Briar Forest,1122,1x1,690,1126,10/03/2024,False
9826,The Villages of Briar Forest,1122,1x1,690,1091,10/04/2024,False
9827,The Villages of Briar Forest,1122,1x1,690,1091,10/05/2024,False
9828,The Villages of Briar Forest,1122,1x1,690,1091,10/06/2024,False
9829,The Villages of Briar Forest,1122,1x1,690,1091,10/07/2024,False
9830,The Villages of Briar Forest,1122,1x1,690,1091,10/08/2024,False
9831,The Villages of Briar Forest,1122,1x1,690,1091,10/09/2024,False
9832,The Villages of Briar Forest,1122,1x1,690,1050,10/10/2024,False
9833,The Villages of Briar Forest,1122,1x1,690,1050,10/11/2024,False
9834,The Villages of Briar Forest,1122,1x1,690,1050,10/12/2024,False
9835,The Villages of Briar Forest,1122,1x1,690,1050,10/13/2024,False
9836,The Villages of Briar Forest,1122,1x1,690,1050,10/14/2024,False
9837,The Villages of Briar Forest,1122,1x1,690,1050,10/15/2024,False
9838,The Villages of Briar Forest,1122,1x1,690,1050,10/16/2024,False
9839,The Villages of Briar Forest,1122,1x1,690,1000,10/17/2024,False
9840,The Villages of Briar Forest,1122,1x1,690,1000,10/18/2024,True
9841,The Villages of Briar Forest,1123,1x1,690,1147,07/13/2023,False
9842,The Villages of Briar Forest,1123,1x1,690,1147,07/14/2023,False
9843,The Villages of Briar Forest,1123,1x1,690,1147,07/15/2023,False
9844,The Villages of Briar Forest,1123,1x1,690,1147,07/16/2023,False
9845,The Villages of Briar Forest,1123,1x1,690,1147,07/17/2023,False
9846,The Villages of Briar Forest,1123,1x1,690,1147,07/18/2023,False
9847,The Villages of Briar Forest,1123,1x1,690,1147,07/19/2023,False
9848,The Villages of Briar Forest,1123,1x1,690,1084,07/20/2023,False
9849,The Villages of Briar Forest,1123,1x1,690,1084,07/21/2023,False
9850,The Villages of Briar Forest,1123,1x1,690,1084,07/22/2023,False
9851,The Villages of Briar Forest,1123,1x1,690,1084,07/23/2023,False
9852,The Villages of Briar Forest,1123,1x1,690,1084,07/24/2023,False
9853,The Villages of Briar Forest,1123,1x1,690,1084,07/25/2023,False
9854,The Villages of Briar Forest,1123,1x1,690,1084,07/26/2023,False
9855,The Villages of Briar Forest,1123,1x1,690,1084,07/27/2023,False
9856,The Villages of Briar Forest,1123,1x1,690,1084,07/28/2023,False
9857,The Villages of Briar Forest,1123,1x1,690,1084,07/29/2023,False
9858,The Villages of Briar Forest,1123,1x1,690,1084,07/30/2023,False
9859,The Villages of Briar Forest,1123,1x1,690,1084,07/31/2023,False
9860,The Villages of Briar Forest,1123,1x1,690,1084,08/01/2023,False
9861,The Villages of Briar Forest,1123,1x1,690,1084,08/02/2023,False
9862,The Villages of Briar Forest,1123,1x1,690,1084,08/03/2023,False
9863,The Villages of Briar Forest,1123,1x1,690,1084,08/04/2023,False
9864,The Villages of Briar Forest,1123,1x1,690,1084,08/05/2023,False
9865,The Villages of Briar Forest,1123,1x1,690,1084,08/06/2023,False
9866,The Villages of Briar Forest,1123,1x1,690,1084,08/07/2023,False
9867,The Villages of Briar Forest,1123,1x1,690,1084,08/08/2023,False
9868,The Villages of Briar Forest,1123,1x1,690,1084,08/09/2023,False
9869,The Villages of Briar Forest,1123,1x1,690,1084,08/10/2023,False
9870,The Villages of Briar Forest,1123,1x1,690,1084,08/11/2023,False
9871,The Villages of Briar Forest,1123,1x1,690,1084,08/12/2023,False
9872,The Villages of Briar Forest,1123,1x1,690,1084,08/13/2023,False
9873,The Villages of Briar Forest,1123,1x1,690,1084,08/14/2023,False
9874,The Villages of Briar Forest,1123,1x1,690,1084,08/15/2023,False
9875,The Villages of Briar Forest,1123,1x1,690,1147,08/16/2023,False
9876,The Villages of Briar Forest,1123,1x1,690,1147,08/17/2023,False
9877,The Villages of Briar Forest,1123,1x1,690,1147,08/18/2023,False
9878,The Villages of Briar Forest,1123,1x1,690,1147,08/19/2023,False
9879,The Villages of Briar Forest,1123,1x1,690,1147,08/20/2023,False
9880,The Villages of Briar Forest,1123,1x1,690,1147,08/21/2023,False
9881,The Villages of Briar Forest,1123,1x1,690,1147,08/22/2023,False
9882,The Villages of Briar Forest,1123,1x1,690,1147,08/23/2023,False
9883,The Villages of Briar Forest,1123,1x1,690,1147,08/24/2023,False
9884,The Villages of Briar Forest,1123,1x1,690,1147,08/25/2023,False
9885,The Villages of Briar Forest,1123,1x1,690,1147,08/26/2023,False
9886,The Villages of Briar Forest,1123,1x1,690,1147,08/27/2023,False
9887,The Villages of Briar Forest,1123,1x1,690,1147,08/28/2023,False
9888,The Villages of Briar Forest,1123,1x1,690,1147,08/29/2023,False
9889,The Villages of Briar Forest,1123,1x1,690,1147,08/30/2023,False
9890,The Villages of Briar Forest,1123,1x1,690,1147,08/31/2023,False
9891,The Villages of Briar Forest,1123,1x1,690,1147,09/01/2023,False
9892,The Villages of Briar Forest,1123,1x1,690,1147,09/02/2023,False
9893,The Villages of Briar Forest,1123,1x1,690,1147,09/03/2023,False
9894,The Villages of Briar Forest,1123,1x1,690,1147,09/04/2023,False
9895,The Villages of Briar Forest,1123,1x1,690,1147,09/05/2023,False
9896,The Villages of Briar Forest,1123,1x1,690,1147,09/06/2023,False
9897,The Villages of Briar Forest,1123,1x1,690,1147,09/07/2023,False
9898,The Villages of Briar Forest,1123,1x1,690,1147,09/08/2023,False
9899,The Villages of Briar Forest,1123,1x1,690,1147,09/09/2023,False
9900,The Villages of Briar Forest,1123,1x1,690,1147,09/10/2023,False
9901,The Villages of Briar Forest,1123,1x1,690,1147,09/11/2023,False
9902,The Villages of Briar Forest,1123,1x1,690,1147,09/12/2023,False
9903,The Villages of Briar Forest,1123,1x1,690,1147,09/13/2023,False
9904,The Villages of Briar Forest,1123,1x1,690,1147,09/14/2023,False
9905,The Villages of Briar Forest,1123,1x1,690,1147,09/15/2023,False
9906,The Villages of Briar Forest,1123,1x1,690,1077,09/16/2023,False
9907,The Villages of Briar Forest,1123,1x1,690,1082,09/17/2023,False
9908,The Villages of Briar Forest,1123,1x1,690,1082,09/18/2023,False
9909,The Villages of Briar Forest,1123,1x1,690,1082,09/19/2023,False
9910,The Villages of Briar Forest,1123,1x1,690,1082,09/20/2023,False
9911,The Villages of Briar Forest,1123,1x1,690,1082,09/21/2023,False
9912,The Villages of Briar Forest,1123,1x1,690,1072,09/22/2023,False
9913,The Villages of Briar Forest,1123,1x1,690,1072,09/23/2023,False
9914,The Villages of Briar Forest,1123,1x1,690,1072,09/24/2023,False
9915,The Villages of Briar Forest,1123,1x1,690,1072,09/25/2023,False
9916,The Villages of Briar Forest,1123,1x1,690,1072,09/26/2023,False
9917,The Villages of Briar Forest,1123,1x1,690,1072,09/27/2023,False
9918,The Villages of Briar Forest,1123,1x1,690,1072,09/28/2023,False
9919,The Villages of Briar Forest,1123,1x1,690,1072,09/29/2023,False
9920,The Villages of Briar Forest,1123,1x1,690,1022,09/30/2023,False
9921,The Villages of Briar Forest,1123,1x1,690,1022,10/01/2023,False
9922,The Villages of Briar Forest,1123,1x1,690,1022,10/02/2023,False
9923,The Villages of Briar Forest,1123,1x1,690,1022,10/03/2023,False
9924,The Villages of Briar Forest,1123,1x1,690,1022,10/04/2023,False
9925,The Villages of Briar Forest,1123,1x1,690,960,10/05/2023,False
9926,The Villages of Briar Forest,1123,1x1,690,982,10/06/2023,False
9927,The Villages of Briar Forest,1123,1x1,690,900,10/07/2023,False
9928,The Villages of Briar Forest,1123,1x1,690,900,10/08/2023,False
9929,The Villages of Briar Forest,1123,1x1,690,900,10/09/2023,False
9930,The Villages of Briar Forest,1123,1x1,690,900,10/10/2023,False
9931,The Villages of Briar Forest,1123,1x1,690,900,10/11/2023,False
9932,The Villages of Briar Forest,1123,1x1,690,900,10/12/2023,True
9933,The Villages of Briar Forest,1123,1x1,690,1057,11/23/2024,False
9934,The Villages of Briar Forest,1123,1x1,690,1057,11/24/2024,False
9935,The Villages of Briar Forest,1123,1x1,690,1057,11/25/2024,False
9936,The Villages of Briar Forest,1123,1x1,690,1057,11/26/2024,False
9937,The Villages of Briar Forest,1123,1x1,690,1057,11/27/2024,False
9938,The Villages of Briar Forest,1123,1x1,690,1057,11/28/2024,False
9939,The Villages of Briar Forest,1123,1x1,690,1052,11/29/2024,False
9940,The Villages of Briar Forest,1123,1x1,690,1052,11/30/2024,False
9941,The Villages of Briar Forest,1123,1x1,690,1052,12/01/2024,False
9942,The Villages of Briar Forest,1123,1x1,690,1052,12/02/2024,False
9943,The Villages of Briar Forest,1123,1x1,690,1102,12/03/2024,False
9944,The Villages of Briar Forest,1123,1x1,690,1102,12/04/2024,False
9945,The Villages of Briar Forest,1123,1x1,690,1102,12/05/2024,False
9946,The Villages of Briar Forest,1123,1x1,690,1102,12/06/2024,False
9947,The Villages of Briar Forest,1123,1x1,690,1072,12/07/2024,False
9948,The Villages of Briar Forest,1123,1x1,690,1072,12/08/2024,False
9949,The Villages of Briar Forest,1123,1x1,690,1072,12/09/2024,False
9950,The Villages of Briar Forest,1123,1x1,690,1072,12/10/2024,False
9951,The Villages of Briar Forest,1123,1x1,690,1072,12/11/2024,True
9952,The Villages of Briar Forest,1124,2x1,924,1427,12/13/2023,False
9953,The Villages of Briar Forest,1124,2x1,924,1427,12/14/2023,False
9954,The Villages of Briar Forest,1124,2x1,924,1437,12/15/2023,False
9955,The Villages of Briar Forest,1124,2x1,924,1437,12/16/2023,False
9956,The Villages of Briar Forest,1124,2x1,924,1437,12/17/2023,False
9957,The Villages of Briar Forest,1124,2x1,924,1437,12/18/2023,False
9958,The Villages of Briar Forest,1124,2x1,924,1437,12/19/2023,False
9959,The Villages of Briar Forest,1124,2x1,924,1437,12/20/2023,False
9960,The Villages of Briar Forest,1124,2x1,924,1437,12/21/2023,False
9961,The Villages of Briar Forest,1124,2x1,924,1437,12/22/2023,False
9962,The Villages of Briar Forest,1124,2x1,924,1437,12/23/2023,False
9963,The Villages of Briar Forest,1124,2x1,924,1437,12/24/2023,False
9964,The Villages of Briar Forest,1124,2x1,924,1437,12/25/2023,False
9965,The Villages of Briar Forest,1124,2x1,924,1437,12/26/2023,False
9966,The Villages of Briar Forest,1124,2x1,924,1437,12/27/2023,False
9967,The Villages of Briar Forest,1124,2x1,924,1437,12/28/2023,False
9968,The Villages of Briar Forest,1124,2x1,924,1437,12/29/2023,False
9969,The Villages of Briar Forest,1124,2x1,924,1437,12/30/2023,True
9970,The Villages of Briar Forest,1124,2x1,924,1294,08/01/2024,False
9971,The Villages of Briar Forest,1124,2x1,924,1300,08/02/2024,False
9972,The Villages of Briar Forest,1124,2x1,924,1300,08/03/2024,False
9973,The Villages of Briar Forest,1124,2x1,924,1300,08/04/2024,False
9974,The Villages of Briar Forest,1124,2x1,924,1300,08/05/2024,False
9975,The Villages of Briar Forest,1124,2x1,924,1300,08/06/2024,False
9976,The Villages of Briar Forest,1124,2x1,924,1300,08/07/2024,False
9977,The Villages of Briar Forest,1124,2x1,924,1300,08/08/2024,False
9978,The Villages of Briar Forest,1124,2x1,924,1300,08/09/2024,False
9979,The Villages of Briar Forest,1124,2x1,924,1300,08/10/2024,False
9980,The Villages of Briar Forest,1124,2x1,924,1300,08/11/2024,False
9981,The Villages of Briar Forest,1124,2x1,924,1300,08/12/2024,False
9982,The Villages of Briar Forest,1124,2x1,924,1300,08/13/2024,False
9983,The Villages of Briar Forest,1124,2x1,924,1300,08/14/2024,False
9984,The Villages of Briar Forest,1124,2x1,924,1300,08/15/2024,False
9985,The Villages of Briar Forest,1124,2x1,924,1362,08/16/2024,False
9986,The Villages of Briar Forest,1124,2x1,924,1362,08/17/2024,False
9987,The Villages of Briar Forest,1124,2x1,924,1362,08/18/2024,False
9988,The Villages of Briar Forest,1124,2x1,924,1362,08/19/2024,False
9989,The Villages of Briar Forest,1124,2x1,924,1422,08/20/2024,False
9990,The Villages of Briar Forest,1124,2x1,924,1422,08/21/2024,False
9991,The Villages of Briar Forest,1124,2x1,924,1422,08/22/2024,False
9992,The Villages of Briar Forest,1124,2x1,924,1422,08/23/2024,False
9993,The Villages of Briar Forest,1124,2x1,924,1422,08/24/2024,False
9994,The Villages of Briar Forest,1124,2x1,924,1422,08/25/2024,False
9995,The Villages of Briar Forest,1124,2x1,924,1422,08/26/2024,False
9996,The Villages of Briar Forest,1124,2x1,924,1422,08/27/2024,False
9997,The Villages of Briar Forest,1124,2x1,924,1387,08/28/2024,False
9998,The Villages of Briar Forest,1124,2x1,924,1387,08/29/2024,False
9999,The Villages of Briar Forest,1124,2x1,924,1392,08/30/2024,False
10000,The Villages of Briar Forest,1124,2x1,924,1398,08/31/2024,False
10001,The Villages of Briar Forest,1124,2x1,924,1353,09/01/2024,False
10002,The Villages of Briar Forest,1124,2x1,924,1353,09/02/2024,False
10003,The Villages of Briar Forest,1124,2x1,924,1353,09/03/2024,False
10004,The Villages of Briar Forest,1124,2x1,924,1353,09/04/2024,False
10005,The Villages of Briar Forest,1124,2x1,924,1353,09/05/2024,True
10006,The Villages of Briar Forest,1126,1x1,690,1242,06/07/2024,False
10007,The Villages of Briar Forest,1126,1x1,690,1252,06/08/2024,False
10008,The Villages of Briar Forest,1126,1x1,690,1217,06/09/2024,False
10009,The Villages of Briar Forest,1126,1x1,690,1222,06/10/2024,False
10010,The Villages of Briar Forest,1126,1x1,690,1217,06/11/2024,False
10011,The Villages of Briar Forest,1126,1x1,690,1217,06/12/2024,False
10012,The Villages of Briar Forest,1126,1x1,690,1212,06/13/2024,False
10013,The Villages of Briar Forest,1126,1x1,690,1212,06/14/2024,False
10014,The Villages of Briar Forest,1126,1x1,690,1212,06/15/2024,False
10015,The Villages of Briar Forest,1126,1x1,690,1212,06/16/2024,False
10016,The Villages of Briar Forest,1126,1x1,690,1197,06/17/2024,False
10017,The Villages of Briar Forest,1126,1x1,690,1167,06/18/2024,False
10018,The Villages of Briar Forest,1126,1x1,690,1167,06/19/2024,False
10019,The Villages of Briar Forest,1126,1x1,690,1167,06/20/2024,False
10020,The Villages of Briar Forest,1126,1x1,690,1157,06/21/2024,False
10021,The Villages of Briar Forest,1126,1x1,690,1157,06/22/2024,False
10022,The Villages of Briar Forest,1126,1x1,690,1157,06/23/2024,False
10023,The Villages of Briar Forest,1126,1x1,690,1142,06/24/2024,False
10024,The Villages of Briar Forest,1126,1x1,690,1142,06/25/2024,False
10025,The Villages of Briar Forest,1126,1x1,690,1142,06/26/2024,False
10026,The Villages of Briar Forest,1126,1x1,690,1142,06/27/2024,False
10027,The Villages of Briar Forest,1126,1x1,690,1164,06/28/2024,False
10028,The Villages of Briar Forest,1126,1x1,690,1164,06/29/2024,False
10029,The Villages of Briar Forest,1126,1x1,690,1164,06/30/2024,False
10030,The Villages of Briar Forest,1126,1x1,690,1164,07/01/2024,False
10031,The Villages of Briar Forest,1126,1x1,690,1122,07/02/2024,False
10032,The Villages of Briar Forest,1126,1x1,690,1122,07/03/2024,False
10033,The Villages of Briar Forest,1126,1x1,690,1122,07/04/2024,False
10034,The Villages of Briar Forest,1126,1x1,690,1122,07/05/2024,False
10035,The Villages of Briar Forest,1126,1x1,690,1122,07/06/2024,False
10036,The Villages of Briar Forest,1126,1x1,690,1122,07/07/2024,False
10037,The Villages of Briar Forest,1126,1x1,690,1117,07/08/2024,False
10038,The Villages of Briar Forest,1126,1x1,690,1117,07/09/2024,False
10039,The Villages of Briar Forest,1126,1x1,690,1182,07/10/2024,False
10040,The Villages of Briar Forest,1126,1x1,690,1182,07/11/2024,False
10041,The Villages of Briar Forest,1126,1x1,690,1202,07/12/2024,False
10042,The Villages of Briar Forest,1126,1x1,690,1202,07/13/2024,False
10043,The Villages of Briar Forest,1126,1x1,690,1202,07/14/2024,False
10044,The Villages of Briar Forest,1126,1x1,690,1202,07/15/2024,False
10045,The Villages of Briar Forest,1126,1x1,690,1202,07/16/2024,False
10046,The Villages of Briar Forest,1126,1x1,690,1202,07/17/2024,False
10047,The Villages of Briar Forest,1126,1x1,690,1202,07/18/2024,False
10048,The Villages of Briar Forest,1126,1x1,690,1202,07/19/2024,False
10049,The Villages of Briar Forest,1126,1x1,690,1197,07/20/2024,False
10050,The Villages of Briar Forest,1126,1x1,690,1197,07/21/2024,False
10051,The Villages of Briar Forest,1126,1x1,690,1197,07/22/2024,False
10052,The Villages of Briar Forest,1126,1x1,690,1197,07/23/2024,False
10053,The Villages of Briar Forest,1126,1x1,690,1197,07/24/2024,False
10054,The Villages of Briar Forest,1126,1x1,690,1197,07/25/2024,False
10055,The Villages of Briar Forest,1126,1x1,690,1177,07/26/2024,False
10056,The Villages of Briar Forest,1126,1x1,690,1177,07/27/2024,False
10057,The Villages of Briar Forest,1126,1x1,690,1177,07/28/2024,False
10058,The Villages of Briar Forest,1126,1x1,690,1177,07/29/2024,False
10059,The Villages of Briar Forest,1126,1x1,690,1177,07/30/2024,False
10060,The Villages of Briar Forest,1126,1x1,690,1177,07/31/2024,False
10061,The Villages of Briar Forest,1126,1x1,690,1177,08/01/2024,False
10062,The Villages of Briar Forest,1126,1x1,690,1182,08/02/2024,False
10063,The Villages of Briar Forest,1126,1x1,690,1182,08/03/2024,False
10064,The Villages of Briar Forest,1126,1x1,690,1182,08/04/2024,False
10065,The Villages of Briar Forest,1126,1x1,690,1182,08/05/2024,False
10066,The Villages of Briar Forest,1126,1x1,690,1182,08/06/2024,False
10067,The Villages of Briar Forest,1126,1x1,690,1182,08/07/2024,False
10068,The Villages of Briar Forest,1126,1x1,690,1182,08/08/2024,False
10069,The Villages of Briar Forest,1126,1x1,690,1142,08/09/2024,False
10070,The Villages of Briar Forest,1126,1x1,690,1142,08/10/2024,False
10071,The Villages of Briar Forest,1126,1x1,690,1142,08/11/2024,False
10072,The Villages of Briar Forest,1126,1x1,690,1142,08/12/2024,False
10073,The Villages of Briar Forest,1126,1x1,690,1157,08/13/2024,False
10074,The Villages of Briar Forest,1126,1x1,690,1157,08/14/2024,False
10075,The Villages of Briar Forest,1126,1x1,690,1157,08/15/2024,False
10076,The Villages of Briar Forest,1126,1x1,690,1137,08/16/2024,False
10077,The Villages of Briar Forest,1126,1x1,690,1137,08/17/2024,False
10078,The Villages of Briar Forest,1126,1x1,690,1137,08/18/2024,False
10079,The Villages of Briar Forest,1126,1x1,690,1137,08/19/2024,False
10080,The Villages of Briar Forest,1126,1x1,690,1137,08/20/2024,False
10081,The Villages of Briar Forest,1126,1x1,690,1137,08/21/2024,False
10082,The Villages of Briar Forest,1126,1x1,690,1137,08/22/2024,False
10083,The Villages of Briar Forest,1126,1x1,690,1137,08/23/2024,False
10084,The Villages of Briar Forest,1126,1x1,690,1137,08/24/2024,False
10085,The Villages of Briar Forest,1126,1x1,690,1137,08/25/2024,False
10086,The Villages of Briar Forest,1126,1x1,690,1137,08/26/2024,False
10087,The Villages of Briar Forest,1126,1x1,690,1137,08/27/2024,False
10088,The Villages of Briar Forest,1126,1x1,690,1108,08/28/2024,False
10089,The Villages of Briar Forest,1126,1x1,690,1083,08/29/2024,False
10090,The Villages of Briar Forest,1126,1x1,690,1085,08/30/2024,False
10091,The Villages of Briar Forest,1126,1x1,690,1088,08/31/2024,False
10092,The Villages of Briar Forest,1126,1x1,690,1085,09/01/2024,False
10093,The Villages of Briar Forest,1126,1x1,690,1085,09/02/2024,False
10094,The Villages of Briar Forest,1126,1x1,690,1085,09/03/2024,False
10095,The Villages of Briar Forest,1126,1x1,690,1085,09/04/2024,False
10096,The Villages of Briar Forest,1126,1x1,690,1085,09/05/2024,False
10097,The Villages of Briar Forest,1126,1x1,690,1085,09/06/2024,False
10098,The Villages of Briar Forest,1126,1x1,690,1085,09/07/2024,False
10099,The Villages of Briar Forest,1126,1x1,690,1088,09/08/2024,False
10100,The Villages of Briar Forest,1126,1x1,690,1085,09/09/2024,False
10101,The Villages of Briar Forest,1126,1x1,690,1085,09/10/2024,False
10102,The Villages of Briar Forest,1126,1x1,690,1085,09/11/2024,False
10103,The Villages of Briar Forest,1126,1x1,690,1082,09/12/2024,False
10104,The Villages of Briar Forest,1126,1x1,690,1168,09/13/2024,False
10105,The Villages of Briar Forest,1126,1x1,690,1163,09/14/2024,False
10106,The Villages of Briar Forest,1126,1x1,690,1163,09/15/2024,False
10107,The Villages of Briar Forest,1126,1x1,690,1168,09/16/2024,False
10108,The Villages of Briar Forest,1126,1x1,690,1197,09/17/2024,False
10109,The Villages of Briar Forest,1126,1x1,690,1192,09/18/2024,False
10110,The Villages of Briar Forest,1126,1x1,690,1192,09/19/2024,False
10111,The Villages of Briar Forest,1126,1x1,690,1202,09/20/2024,False
10112,The Villages of Briar Forest,1126,1x1,690,1202,09/21/2024,False
10113,The Villages of Briar Forest,1126,1x1,690,1202,09/22/2024,False
10114,The Villages of Briar Forest,1126,1x1,690,1202,09/23/2024,False
10115,The Villages of Briar Forest,1126,1x1,690,1197,09/24/2024,False
10116,The Villages of Briar Forest,1126,1x1,690,1197,09/25/2024,False
10117,The Villages of Briar Forest,1126,1x1,690,1197,09/26/2024,False
10118,The Villages of Briar Forest,1126,1x1,690,1138,09/27/2024,False
10119,The Villages of Briar Forest,1126,1x1,690,1123,09/28/2024,False
10120,The Villages of Briar Forest,1126,1x1,690,1152,09/29/2024,False
10121,The Villages of Briar Forest,1126,1x1,690,1126,09/30/2024,False
10122,The Villages of Briar Forest,1126,1x1,690,1126,10/01/2024,False
10123,The Villages of Briar Forest,1126,1x1,690,1126,10/02/2024,False
10124,The Villages of Briar Forest,1126,1x1,690,1126,10/03/2024,False
10125,The Villages of Briar Forest,1126,1x1,690,1089,10/04/2024,False
10126,The Villages of Briar Forest,1126,1x1,690,1089,10/05/2024,False
10127,The Villages of Briar Forest,1126,1x1,690,1089,10/06/2024,False
10128,The Villages of Briar Forest,1126,1x1,690,1089,10/07/2024,False
10129,The Villages of Briar Forest,1126,1x1,690,1089,10/08/2024,False
10130,The Villages of Briar Forest,1126,1x1,690,1089,10/09/2024,False
10131,The Villages of Briar Forest,1126,1x1,690,1044,10/10/2024,False
10132,The Villages of Briar Forest,1126,1x1,690,1044,10/11/2024,False
10133,The Villages of Briar Forest,1126,1x1,690,1050,10/12/2024,False
10134,The Villages of Briar Forest,1126,1x1,690,1050,10/13/2024,False
10135,The Villages of Briar Forest,1126,1x1,690,1050,10/14/2024,False
10136,The Villages of Briar Forest,1126,1x1,690,1000,10/15/2024,False
10137,The Villages of Briar Forest,1126,1x1,690,1000,10/16/2024,False
10138,The Villages of Briar Forest,1126,1x1,690,1000,10/17/2024,False
10139,The Villages of Briar Forest,1126,1x1,690,1000,10/18/2024,False
10140,The Villages of Briar Forest,1126,1x1,690,1000,10/19/2024,False
10141,The Villages of Briar Forest,1126,1x1,690,1000,10/20/2024,False
10142,The Villages of Briar Forest,1126,1x1,690,1000,10/21/2024,False
10143,The Villages of Briar Forest,1126,1x1,690,1000,10/22/2024,False
10144,The Villages of Briar Forest,1126,1x1,690,1000,10/23/2024,False
10145,The Villages of Briar Forest,1126,1x1,690,1000,10/24/2024,False
10146,The Villages of Briar Forest,1126,1x1,690,1000,10/25/2024,False
10147,The Villages of Briar Forest,1126,1x1,690,1000,10/26/2024,False
10148,The Villages of Briar Forest,1126,1x1,690,1000,10/27/2024,False
10149,The Villages of Briar Forest,1126,1x1,690,1062,10/28/2024,False
10150,The Villages of Briar Forest,1126,1x1,690,1062,10/29/2024,False
10151,The Villages of Briar Forest,1126,1x1,690,1062,10/30/2024,False
10152,The Villages of Briar Forest,1126,1x1,690,1062,10/31/2024,False
10153,The Villages of Briar Forest,1126,1x1,690,1062,11/01/2024,False
10154,The Villages of Briar Forest,1126,1x1,690,1062,11/02/2024,False
10155,The Villages of Briar Forest,1126,1x1,690,1062,11/03/2024,False
10156,The Villages of Briar Forest,1126,1x1,690,1062,11/04/2024,True
10157,The Villages of Briar Forest,1127,1x1,690,1242,07/04/2023,False
10158,The Villages of Briar Forest,1127,1x1,690,1233,07/05/2023,False
10159,The Villages of Briar Forest,1127,1x1,690,1223,07/06/2023,False
10160,The Villages of Briar Forest,1127,1x1,690,1218,07/07/2023,False
10161,The Villages of Briar Forest,1127,1x1,690,1263,07/08/2023,False
10162,The Villages of Briar Forest,1127,1x1,690,1258,07/09/2023,False
10163,The Villages of Briar Forest,1127,1x1,690,1258,07/10/2023,False
10164,The Villages of Briar Forest,1127,1x1,690,1183,07/11/2023,False
10165,The Villages of Briar Forest,1127,1x1,690,1183,07/12/2023,False
10166,The Villages of Briar Forest,1127,1x1,690,1143,07/13/2023,False
10167,The Villages of Briar Forest,1127,1x1,690,1143,07/14/2023,False
10168,The Villages of Briar Forest,1127,1x1,690,1209,07/15/2023,False
10169,The Villages of Briar Forest,1127,1x1,690,1209,07/16/2023,False
10170,The Villages of Briar Forest,1127,1x1,690,1209,07/17/2023,False
10171,The Villages of Briar Forest,1127,1x1,690,1179,07/18/2023,False
10172,The Villages of Briar Forest,1127,1x1,690,1164,07/19/2023,False
10173,The Villages of Briar Forest,1127,1x1,690,1096,07/20/2023,False
10174,The Villages of Briar Forest,1127,1x1,690,1096,07/21/2023,False
10175,The Villages of Briar Forest,1127,1x1,690,1156,07/22/2023,False
10176,The Villages of Briar Forest,1127,1x1,690,1156,07/23/2023,False
10177,The Villages of Briar Forest,1127,1x1,690,1152,07/24/2023,False
10178,The Villages of Briar Forest,1127,1x1,690,1152,07/25/2023,False
10179,The Villages of Briar Forest,1127,1x1,690,1146,07/26/2023,False
10180,The Villages of Briar Forest,1127,1x1,690,1146,07/27/2023,False
10181,The Villages of Briar Forest,1127,1x1,690,1146,07/28/2023,False
10182,The Villages of Briar Forest,1127,1x1,690,1162,07/29/2023,False
10183,The Villages of Briar Forest,1127,1x1,690,1162,07/30/2023,False
10184,The Villages of Briar Forest,1127,1x1,690,1146,07/31/2023,False
10185,The Villages of Briar Forest,1127,1x1,690,1140,08/01/2023,False
10186,The Villages of Briar Forest,1127,1x1,690,1116,08/02/2023,False
10187,The Villages of Briar Forest,1127,1x1,690,1112,08/03/2023,False
10188,The Villages of Briar Forest,1127,1x1,690,1106,08/04/2023,False
10189,The Villages of Briar Forest,1127,1x1,690,1160,08/05/2023,False
10190,The Villages of Briar Forest,1127,1x1,690,1160,08/06/2023,False
10191,The Villages of Briar Forest,1127,1x1,690,1160,08/07/2023,False
10192,The Villages of Briar Forest,1127,1x1,690,1150,08/08/2023,False
10193,The Villages of Briar Forest,1127,1x1,690,1156,08/09/2023,False
10194,The Villages of Briar Forest,1127,1x1,690,1156,08/10/2023,False
10195,The Villages of Briar Forest,1127,1x1,690,1146,08/11/2023,False
10196,The Villages of Briar Forest,1127,1x1,690,1160,08/12/2023,False
10197,The Villages of Briar Forest,1127,1x1,690,1176,08/13/2023,False
10198,The Villages of Briar Forest,1127,1x1,690,1176,08/14/2023,False
10199,The Villages of Briar Forest,1127,1x1,690,1166,08/15/2023,False
10200,The Villages of Briar Forest,1127,1x1,690,1228,08/16/2023,False
10201,The Villages of Briar Forest,1127,1x1,690,1228,08/17/2023,False
10202,The Villages of Briar Forest,1127,1x1,690,1108,08/18/2023,False
10203,The Villages of Briar Forest,1127,1x1,690,1108,08/19/2023,True
10204,The Villages of Briar Forest,1128,2x1,924,1322,01/20/2024,False
10205,The Villages of Briar Forest,1128,2x1,924,1322,01/21/2024,False
10206,The Villages of Briar Forest,1128,2x1,924,1322,01/22/2024,False
10207,The Villages of Briar Forest,1128,2x1,924,1322,01/23/2024,False
10208,The Villages of Briar Forest,1128,2x1,924,1322,01/24/2024,False
10209,The Villages of Briar Forest,1128,2x1,924,1322,01/25/2024,False
10210,The Villages of Briar Forest,1128,2x1,924,1307,01/26/2024,False
10211,The Villages of Briar Forest,1128,2x1,924,1307,01/27/2024,False
10212,The Villages of Briar Forest,1128,2x1,924,1307,01/28/2024,False
10213,The Villages of Briar Forest,1128,2x1,924,1307,01/29/2024,False
10214,The Villages of Briar Forest,1128,2x1,924,1307,01/30/2024,False
10215,The Villages of Briar Forest,1128,2x1,924,1382,01/31/2024,False
10216,The Villages of Briar Forest,1128,2x1,924,1382,02/01/2024,False
10217,The Villages of Briar Forest,1128,2x1,924,1382,02/02/2024,False
10218,The Villages of Briar Forest,1128,2x1,924,1417,02/03/2024,False
10219,The Villages of Briar Forest,1128,2x1,924,1417,02/04/2024,False
10220,The Villages of Briar Forest,1128,2x1,924,1417,02/05/2024,False
10221,The Villages of Briar Forest,1128,2x1,924,1417,02/06/2024,False
10222,The Villages of Briar Forest,1128,2x1,924,1417,02/07/2024,False
10223,The Villages of Briar Forest,1128,2x1,924,1417,02/08/2024,False
10224,The Villages of Briar Forest,1128,2x1,924,1417,02/09/2024,True
10225,The Villages of Briar Forest,1128,2x1,924,1307,01/03/2025,False
10226,The Villages of Briar Forest,1128,2x1,924,1307,01/04/2025,False
10227,The Villages of Briar Forest,1128,2x1,924,1307,01/05/2025,False
10228,The Villages of Briar Forest,1128,2x1,924,1307,01/06/2025,False
10229,The Villages of Briar Forest,1128,2x1,924,1347,01/07/2025,False
10230,The Villages of Briar Forest,1128,2x1,924,1347,01/08/2025,False
10231,The Villages of Briar Forest,1128,2x1,924,1347,01/09/2025,False
10232,The Villages of Briar Forest,1128,2x1,924,1357,01/10/2025,False
10233,The Villages of Briar Forest,1128,2x1,924,1357,01/11/2025,False
10234,The Villages of Briar Forest,1128,2x1,924,1357,01/12/2025,False
10235,The Villages of Briar Forest,1128,2x1,924,1357,01/13/2025,False
10236,The Villages of Briar Forest,1128,2x1,924,1357,01/14/2025,False
10237,The Villages of Briar Forest,1128,2x1,924,1357,01/15/2025,False
10238,The Villages of Briar Forest,1128,2x1,924,1357,01/16/2025,False
10239,The Villages of Briar Forest,1128,2x1,924,1357,01/17/2025,False
10240,The Villages of Briar Forest,1128,2x1,924,1357,01/18/2025,False
10241,The Villages of Briar Forest,1128,2x1,924,1357,01/19/2025,False
10242,The Villages of Briar Forest,1128,2x1,924,1357,01/20/2025,False
10243,The Villages of Briar Forest,1128,2x1,924,1357,01/21/2025,False
10244,The Villages of Briar Forest,1128,2x1,924,1357,01/22/2025,False
10245,The Villages of Briar Forest,1128,2x1,924,1357,01/23/2025,False
10246,The Villages of Briar Forest,1128,2x1,924,1317,01/24/2025,False
10247,The Villages of Briar Forest,1128,2x1,924,1317,01/25/2025,False
10248,The Villages of Briar Forest,1128,2x1,924,1317,01/26/2025,False
10249,The Villages of Briar Forest,1128,2x1,924,1317,01/27/2025,False
10250,The Villages of Briar Forest,1128,2x1,924,1317,01/28/2025,False
10251,The Villages of Briar Forest,1128,2x1,924,1317,01/29/2025,False
10252,The Villages of Briar Forest,1128,2x1,924,1317,01/30/2025,False
10253,The Villages of Briar Forest,1128,2x1,924,1327,01/31/2025,False
10254,The Villages of Briar Forest,1128,2x1,924,1340,02/01/2025,False
10255,The Villages of Briar Forest,1128,2x1,924,1340,02/02/2025,False
10256,The Villages of Briar Forest,1128,2x1,924,1340,02/03/2025,False
10257,The Villages of Briar Forest,1128,2x1,924,1340,02/04/2025,False
10258,The Villages of Briar Forest,1128,2x1,924,1340,02/05/2025,False
10259,The Villages of Briar Forest,1128,2x1,924,1340,02/06/2025,False
10260,The Villages of Briar Forest,1128,2x1,924,1334,02/07/2025,False
10261,The Villages of Briar Forest,1128,2x1,924,1334,02/08/2025,False
10262,The Villages of Briar Forest,1128,2x1,924,1334,02/09/2025,False
10263,The Villages of Briar Forest,1128,2x1,924,1334,02/10/2025,False
10264,The Villages of Briar Forest,1128,2x1,924,1334,02/11/2025,False
10265,The Villages of Briar Forest,1128,2x1,924,1334,02/12/2025,False
10266,The Villages of Briar Forest,1128,2x1,924,1334,02/13/2025,False
10267,The Villages of Briar Forest,1128,2x1,924,1384,02/14/2025,False
10268,The Villages of Briar Forest,1128,2x1,924,1384,02/15/2025,False
10269,The Villages of Briar Forest,1128,2x1,924,1384,02/16/2025,False
10270,The Villages of Briar Forest,1128,2x1,924,1384,02/17/2025,False
10271,The Villages of Briar Forest,1128,2x1,924,1384,02/18/2025,False
10272,The Villages of Briar Forest,1128,2x1,924,1384,02/19/2025,False
10273,The Villages of Briar Forest,1128,2x1,924,1447,02/20/2025,False
10274,The Villages of Briar Forest,1128,2x1,924,1379,02/21/2025,False
10275,The Villages of Briar Forest,1128,2x1,924,1379,02/22/2025,False
10276,The Villages of Briar Forest,1128,2x1,924,1379,02/23/2025,False
10277,The Villages of Briar Forest,1128,2x1,924,1384,02/24/2025,False
10278,The Villages of Briar Forest,1128,2x1,924,1379,02/25/2025,False
10279,The Villages of Briar Forest,1128,2x1,924,1379,02/26/2025,True
10280,The Villages of Briar Forest,1211,2x1,924,1407,09/06/2024,False
10281,The Villages of Briar Forest,1211,2x1,924,1417,09/07/2024,False
10282,The Villages of Briar Forest,1211,2x1,924,1417,09/08/2024,False
10283,The Villages of Briar Forest,1211,2x1,924,1417,09/09/2024,False
10284,The Villages of Briar Forest,1211,2x1,924,1417,09/10/2024,False
10285,The Villages of Briar Forest,1211,2x1,924,1417,09/11/2024,False
10286,The Villages of Briar Forest,1211,2x1,924,1417,09/12/2024,False
10287,The Villages of Briar Forest,1211,2x1,924,1427,09/13/2024,False
10288,The Villages of Briar Forest,1211,2x1,924,1427,09/14/2024,False
10289,The Villages of Briar Forest,1211,2x1,924,1427,09/15/2024,False
10290,The Villages of Briar Forest,1211,2x1,924,1417,09/16/2024,False
10291,The Villages of Briar Forest,1211,2x1,924,1392,09/17/2024,False
10292,The Villages of Briar Forest,1211,2x1,924,1392,09/18/2024,False
10293,The Villages of Briar Forest,1211,2x1,924,1392,09/19/2024,False
10294,The Villages of Briar Forest,1211,2x1,924,1452,09/20/2024,False
10295,The Villages of Briar Forest,1211,2x1,924,1452,09/21/2024,False
10296,The Villages of Briar Forest,1211,2x1,924,1452,09/22/2024,False
10297,The Villages of Briar Forest,1211,2x1,924,1447,09/23/2024,False
10298,The Villages of Briar Forest,1211,2x1,924,1447,09/24/2024,False
10299,The Villages of Briar Forest,1211,2x1,924,1437,09/25/2024,False
10300,The Villages of Briar Forest,1211,2x1,924,1437,09/26/2024,False
10301,The Villages of Briar Forest,1211,2x1,924,1392,09/27/2024,False
10302,The Villages of Briar Forest,1211,2x1,924,1380,09/28/2024,False
10303,The Villages of Briar Forest,1211,2x1,924,1412,09/29/2024,False
10304,The Villages of Briar Forest,1211,2x1,924,1379,09/30/2024,False
10305,The Villages of Briar Forest,1211,2x1,924,1379,10/01/2024,False
10306,The Villages of Briar Forest,1211,2x1,924,1374,10/02/2024,False
10307,The Villages of Briar Forest,1211,2x1,924,1369,10/03/2024,False
10308,The Villages of Briar Forest,1211,2x1,924,1374,10/04/2024,False
10309,The Villages of Briar Forest,1211,2x1,924,1369,10/05/2024,False
10310,The Villages of Briar Forest,1211,2x1,924,1384,10/06/2024,False
10311,The Villages of Briar Forest,1211,2x1,924,1364,10/07/2024,False
10312,The Villages of Briar Forest,1211,2x1,924,1379,10/08/2024,False
10313,The Villages of Briar Forest,1211,2x1,924,1379,10/09/2024,False
10314,The Villages of Briar Forest,1211,2x1,924,1334,10/10/2024,False
10315,The Villages of Briar Forest,1211,2x1,924,1334,10/11/2024,False
10316,The Villages of Briar Forest,1211,2x1,924,1329,10/12/2024,False
10317,The Villages of Briar Forest,1211,2x1,924,1329,10/13/2024,False
10318,The Villages of Briar Forest,1211,2x1,924,1329,10/14/2024,False
10319,The Villages of Briar Forest,1211,2x1,924,1324,10/15/2024,False
10320,The Villages of Briar Forest,1211,2x1,924,1319,10/16/2024,False
10321,The Villages of Briar Forest,1211,2x1,924,1334,10/17/2024,False
10322,The Villages of Briar Forest,1211,2x1,924,1314,10/18/2024,False
10323,The Villages of Briar Forest,1211,2x1,924,1314,10/19/2024,False
10324,The Villages of Briar Forest,1211,2x1,924,1314,10/20/2024,False
10325,The Villages of Briar Forest,1211,2x1,924,1314,10/21/2024,False
10326,The Villages of Briar Forest,1211,2x1,924,1320,10/22/2024,False
10327,The Villages of Briar Forest,1211,2x1,924,1320,10/23/2024,False
10328,The Villages of Briar Forest,1211,2x1,924,1320,10/24/2024,False
10329,The Villages of Briar Forest,1211,2x1,924,1320,10/25/2024,False
10330,The Villages of Briar Forest,1211,2x1,924,1314,10/26/2024,False
10331,The Villages of Briar Forest,1211,2x1,924,1314,10/27/2024,False
10332,The Villages of Briar Forest,1211,2x1,924,1402,10/28/2024,False
10333,The Villages of Briar Forest,1211,2x1,924,1412,10/29/2024,False
10334,The Villages of Briar Forest,1211,2x1,924,1427,10/30/2024,False
10335,The Villages of Briar Forest,1211,2x1,924,1432,10/31/2024,False
10336,The Villages of Briar Forest,1211,2x1,924,1432,11/01/2024,False
10337,The Villages of Briar Forest,1211,2x1,924,1432,11/02/2024,False
10338,The Villages of Briar Forest,1211,2x1,924,1432,11/03/2024,False
10339,The Villages of Briar Forest,1211,2x1,924,1417,11/04/2024,False
10340,The Villages of Briar Forest,1211,2x1,924,1372,11/05/2024,False
10341,The Villages of Briar Forest,1211,2x1,924,1367,11/06/2024,False
10342,The Villages of Briar Forest,1211,2x1,924,1387,11/07/2024,False
10343,The Villages of Briar Forest,1211,2x1,924,1417,11/08/2024,False
10344,The Villages of Briar Forest,1211,2x1,924,1397,11/09/2024,False
10345,The Villages of Briar Forest,1211,2x1,924,1377,11/10/2024,False
10346,The Villages of Briar Forest,1211,2x1,924,1372,11/11/2024,False
10347,The Villages of Briar Forest,1211,2x1,924,1372,11/12/2024,True
10348,The Villages of Briar Forest,1212,1x1,690,1122,11/21/2023,False
10349,The Villages of Briar Forest,1212,1x1,690,1122,11/22/2023,False
10350,The Villages of Briar Forest,1212,1x1,690,1127,11/23/2023,False
10351,The Villages of Briar Forest,1212,1x1,690,1107,11/24/2023,False
10352,The Villages of Briar Forest,1212,1x1,690,1112,11/25/2023,False
10353,The Villages of Briar Forest,1212,1x1,690,1112,11/26/2023,False
10354,The Villages of Briar Forest,1212,1x1,690,1117,11/27/2023,False
10355,The Villages of Briar Forest,1212,1x1,690,1117,11/28/2023,False
10356,The Villages of Briar Forest,1212,1x1,690,1127,11/29/2023,False
10357,The Villages of Briar Forest,1212,1x1,690,1127,11/30/2023,False
10358,The Villages of Briar Forest,1212,1x1,690,1217,12/01/2023,False
10359,The Villages of Briar Forest,1212,1x1,690,1232,12/02/2023,False
10360,The Villages of Briar Forest,1212,1x1,690,1217,12/03/2023,False
10361,The Villages of Briar Forest,1212,1x1,690,1217,12/04/2023,False
10362,The Villages of Briar Forest,1212,1x1,690,1202,12/05/2023,False
10363,The Villages of Briar Forest,1212,1x1,690,1202,12/06/2023,False
10364,The Villages of Briar Forest,1212,1x1,690,1227,12/07/2023,False
10365,The Villages of Briar Forest,1212,1x1,690,1257,12/08/2023,False
10366,The Villages of Briar Forest,1212,1x1,690,1257,12/09/2023,False
10367,The Villages of Briar Forest,1212,1x1,690,1272,12/10/2023,False
10368,The Villages of Briar Forest,1212,1x1,690,1257,12/11/2023,False
10369,The Villages of Briar Forest,1212,1x1,690,1277,12/12/2023,False
10370,The Villages of Briar Forest,1212,1x1,690,1272,12/13/2023,False
10371,The Villages of Briar Forest,1212,1x1,690,1272,12/14/2023,False
10372,The Villages of Briar Forest,1212,1x1,690,1252,12/15/2023,False
10373,The Villages of Briar Forest,1212,1x1,690,1247,12/16/2023,False
10374,The Villages of Briar Forest,1212,1x1,690,1247,12/17/2023,False
10375,The Villages of Briar Forest,1212,1x1,690,1237,12/18/2023,False
10376,The Villages of Briar Forest,1212,1x1,690,1237,12/19/2023,False
10377,The Villages of Briar Forest,1212,1x1,690,1237,12/20/2023,False
10378,The Villages of Briar Forest,1212,1x1,690,1237,12/21/2023,False
10379,The Villages of Briar Forest,1212,1x1,690,1237,12/22/2023,False
10380,The Villages of Briar Forest,1212,1x1,690,1237,12/23/2023,False
10381,The Villages of Briar Forest,1212,1x1,690,1237,12/24/2023,False
10382,The Villages of Briar Forest,1212,1x1,690,1237,12/25/2023,False
10383,The Villages of Briar Forest,1212,1x1,690,1237,12/26/2023,False
10384,The Villages of Briar Forest,1212,1x1,690,1237,12/27/2023,False
10385,The Villages of Briar Forest,1212,1x1,690,1237,12/28/2023,False
10386,The Villages of Briar Forest,1212,1x1,690,1237,12/29/2023,False
10387,The Villages of Briar Forest,1212,1x1,690,1177,12/30/2023,False
10388,The Villages of Briar Forest,1212,1x1,690,1177,12/31/2023,False
10389,The Villages of Briar Forest,1212,1x1,690,1177,01/01/2024,False
10390,The Villages of Briar Forest,1212,1x1,690,1177,01/02/2024,False
10391,The Villages of Briar Forest,1212,1x1,690,1177,01/03/2024,False
10392,The Villages of Briar Forest,1212,1x1,690,1177,01/04/2024,False
10393,The Villages of Briar Forest,1212,1x1,690,1177,01/05/2024,False
10394,The Villages of Briar Forest,1212,1x1,690,1182,01/06/2024,False
10395,The Villages of Briar Forest,1212,1x1,690,1182,01/07/2024,False
10396,The Villages of Briar Forest,1212,1x1,690,1182,01/08/2024,False
10397,The Villages of Briar Forest,1212,1x1,690,1182,01/09/2024,False
10398,The Villages of Briar Forest,1212,1x1,690,1182,01/10/2024,False
10399,The Villages of Briar Forest,1212,1x1,690,1182,01/11/2024,False
10400,The Villages of Briar Forest,1212,1x1,690,1182,01/12/2024,False
10401,The Villages of Briar Forest,1212,1x1,690,1212,01/13/2024,False
10402,The Villages of Briar Forest,1212,1x1,690,1232,01/14/2024,False
10403,The Villages of Briar Forest,1212,1x1,690,1232,01/15/2024,False
10404,The Villages of Briar Forest,1212,1x1,690,1232,01/16/2024,False
10405,The Villages of Briar Forest,1212,1x1,690,1232,01/17/2024,False
10406,The Villages of Briar Forest,1212,1x1,690,1232,01/18/2024,False
10407,The Villages of Briar Forest,1212,1x1,690,1232,01/19/2024,False
10408,The Villages of Briar Forest,1212,1x1,690,1182,01/20/2024,False
10409,The Villages of Briar Forest,1212,1x1,690,1182,01/21/2024,False
10410,The Villages of Briar Forest,1212,1x1,690,1182,01/22/2024,False
10411,The Villages of Briar Forest,1212,1x1,690,1182,01/23/2024,False
10412,The Villages of Briar Forest,1212,1x1,690,1182,01/24/2024,False
10413,The Villages of Briar Forest,1212,1x1,690,1182,01/25/2024,False
10414,The Villages of Briar Forest,1212,1x1,690,1157,01/26/2024,False
10415,The Villages of Briar Forest,1212,1x1,690,1157,01/27/2024,False
10416,The Villages of Briar Forest,1212,1x1,690,1157,01/28/2024,False
10417,The Villages of Briar Forest,1212,1x1,690,1157,01/29/2024,False
10418,The Villages of Briar Forest,1212,1x1,690,1157,01/30/2024,False
10419,The Villages of Briar Forest,1212,1x1,690,1262,01/31/2024,False
10420,The Villages of Briar Forest,1212,1x1,690,1262,02/01/2024,False
10421,The Villages of Briar Forest,1212,1x1,690,1262,02/02/2024,False
10422,The Villages of Briar Forest,1212,1x1,690,1237,02/03/2024,False
10423,The Villages of Briar Forest,1212,1x1,690,1237,02/04/2024,False
10424,The Villages of Briar Forest,1212,1x1,690,1237,02/05/2024,False
10425,The Villages of Briar Forest,1212,1x1,690,1237,02/06/2024,False
10426,The Villages of Briar Forest,1212,1x1,690,1237,02/07/2024,False
10427,The Villages of Briar Forest,1212,1x1,690,1237,02/08/2024,False
10428,The Villages of Briar Forest,1212,1x1,690,1237,02/09/2024,False
10429,The Villages of Briar Forest,1212,1x1,690,1177,02/10/2024,False
10430,The Villages of Briar Forest,1212,1x1,690,1177,02/11/2024,False
10431,The Villages of Briar Forest,1212,1x1,690,1177,02/12/2024,False
10432,The Villages of Briar Forest,1212,1x1,690,1177,02/13/2024,False
10433,The Villages of Briar Forest,1212,1x1,690,1197,02/14/2024,False
10434,The Villages of Briar Forest,1212,1x1,690,1197,02/15/2024,False
10435,The Villages of Briar Forest,1212,1x1,690,1197,02/16/2024,False
10436,The Villages of Briar Forest,1212,1x1,690,1192,02/17/2024,False
10437,The Villages of Briar Forest,1212,1x1,690,1192,02/18/2024,False
10438,The Villages of Briar Forest,1212,1x1,690,1192,02/19/2024,False
10439,The Villages of Briar Forest,1212,1x1,690,1192,02/20/2024,False
10440,The Villages of Briar Forest,1212,1x1,690,1192,02/21/2024,False
10441,The Villages of Briar Forest,1212,1x1,690,1192,02/22/2024,False
10442,The Villages of Briar Forest,1212,1x1,690,1192,02/23/2024,False
10443,The Villages of Briar Forest,1212,1x1,690,1192,02/24/2024,False
10444,The Villages of Briar Forest,1212,1x1,690,1192,02/25/2024,False
10445,The Villages of Briar Forest,1212,1x1,690,1145,02/26/2024,False
10446,The Villages of Briar Forest,1212,1x1,690,1150,02/27/2024,False
10447,The Villages of Briar Forest,1212,1x1,690,1150,02/28/2024,False
10448,The Villages of Briar Forest,1212,1x1,690,1187,02/29/2024,False
10449,The Villages of Briar Forest,1212,1x1,690,1187,03/01/2024,False
10450,The Villages of Briar Forest,1212,1x1,690,1177,03/02/2024,False
10451,The Villages of Briar Forest,1212,1x1,690,1177,03/03/2024,False
10452,The Villages of Briar Forest,1212,1x1,690,1177,03/04/2024,False
10453,The Villages of Briar Forest,1212,1x1,690,1177,03/05/2024,False
10454,The Villages of Briar Forest,1212,1x1,690,1177,03/06/2024,False
10455,The Villages of Briar Forest,1212,1x1,690,1177,03/07/2024,False
10456,The Villages of Briar Forest,1212,1x1,690,1177,03/08/2024,False
10457,The Villages of Briar Forest,1212,1x1,690,1172,03/09/2024,False
10458,The Villages of Briar Forest,1212,1x1,690,1172,03/10/2024,False
10459,The Villages of Briar Forest,1212,1x1,690,1172,03/11/2024,False
10460,The Villages of Briar Forest,1212,1x1,690,1172,03/12/2024,False
10461,The Villages of Briar Forest,1212,1x1,690,1172,03/13/2024,False
10462,The Villages of Briar Forest,1212,1x1,690,1172,03/14/2024,True
10463,The Villages of Briar Forest,1212,1x1,690,1236,10/09/2024,False
10464,The Villages of Briar Forest,1212,1x1,690,1194,10/10/2024,False
10465,The Villages of Briar Forest,1212,1x1,690,1194,10/11/2024,False
10466,The Villages of Briar Forest,1212,1x1,690,1194,10/12/2024,False
10467,The Villages of Briar Forest,1212,1x1,690,1194,10/13/2024,False
10468,The Villages of Briar Forest,1212,1x1,690,1194,10/14/2024,False
10469,The Villages of Briar Forest,1212,1x1,690,1144,10/15/2024,False
10470,The Villages of Briar Forest,1212,1x1,690,1144,10/16/2024,False
10471,The Villages of Briar Forest,1212,1x1,690,1144,10/17/2024,False
10472,The Villages of Briar Forest,1212,1x1,690,1144,10/18/2024,False
10473,The Villages of Briar Forest,1212,1x1,690,1144,10/19/2024,False
10474,The Villages of Briar Forest,1212,1x1,690,1144,10/20/2024,False
10475,The Villages of Briar Forest,1212,1x1,690,1144,10/21/2024,False
10476,The Villages of Briar Forest,1212,1x1,690,1144,10/22/2024,False
10477,The Villages of Briar Forest,1212,1x1,690,1144,10/23/2024,False
10478,The Villages of Briar Forest,1212,1x1,690,1144,10/24/2024,False
10479,The Villages of Briar Forest,1212,1x1,690,1144,10/25/2024,False
10480,The Villages of Briar Forest,1212,1x1,690,1144,10/26/2024,False
10481,The Villages of Briar Forest,1212,1x1,690,1144,10/27/2024,False
10482,The Villages of Briar Forest,1212,1x1,690,1207,10/28/2024,False
10483,The Villages of Briar Forest,1212,1x1,690,1207,10/29/2024,False
10484,The Villages of Briar Forest,1212,1x1,690,1207,10/30/2024,False
10485,The Villages of Briar Forest,1212,1x1,690,1207,10/31/2024,False
10486,The Villages of Briar Forest,1212,1x1,690,1207,11/01/2024,False
10487,The Villages of Briar Forest,1212,1x1,690,1207,11/02/2024,False
10488,The Villages of Briar Forest,1212,1x1,690,1207,11/03/2024,False
10489,The Villages of Briar Forest,1212,1x1,690,1207,11/04/2024,False
10490,The Villages of Briar Forest,1212,1x1,690,1165,11/05/2024,False
10491,The Villages of Briar Forest,1212,1x1,690,1165,11/06/2024,False
10492,The Villages of Briar Forest,1212,1x1,690,1165,11/07/2024,False
10493,The Villages of Briar Forest,1212,1x1,690,1165,11/08/2024,False
10494,The Villages of Briar Forest,1212,1x1,690,1165,11/09/2024,False
10495,The Villages of Briar Forest,1212,1x1,690,1165,11/10/2024,False
10496,The Villages of Briar Forest,1212,1x1,690,1165,11/11/2024,False
10497,The Villages of Briar Forest,1212,1x1,690,1165,11/12/2024,False
10498,The Villages of Briar Forest,1212,1x1,690,1165,11/13/2024,False
10499,The Villages of Briar Forest,1212,1x1,690,1165,11/14/2024,False
10500,The Villages of Briar Forest,1212,1x1,690,1165,11/15/2024,False
10501,The Villages of Briar Forest,1212,1x1,690,1165,11/16/2024,False
10502,The Villages of Briar Forest,1212,1x1,690,1165,11/17/2024,False
10503,The Villages of Briar Forest,1212,1x1,690,1165,11/18/2024,False
10504,The Villages of Briar Forest,1212,1x1,690,1165,11/19/2024,False
10505,The Villages of Briar Forest,1212,1x1,690,1165,11/20/2024,False
10506,The Villages of Briar Forest,1212,1x1,690,1165,11/21/2024,False
10507,The Villages of Briar Forest,1212,1x1,690,1217,11/22/2024,False
10508,The Villages of Briar Forest,1212,1x1,690,1140,11/23/2024,False
10509,The Villages of Briar Forest,1212,1x1,690,1140,11/24/2024,False
10510,The Villages of Briar Forest,1212,1x1,690,1140,11/25/2024,False
10511,The Villages of Briar Forest,1212,1x1,690,1202,11/26/2024,False
10512,The Villages of Briar Forest,1212,1x1,690,1140,11/27/2024,False
10513,The Villages of Briar Forest,1212,1x1,690,1140,11/28/2024,False
10514,The Villages of Briar Forest,1212,1x1,690,1134,11/29/2024,False
10515,The Villages of Briar Forest,1212,1x1,690,1134,11/30/2024,False
10516,The Villages of Briar Forest,1212,1x1,690,1129,12/01/2024,False
10517,The Villages of Briar Forest,1212,1x1,690,1129,12/02/2024,False
10518,The Villages of Briar Forest,1212,1x1,690,1179,12/03/2024,False
10519,The Villages of Briar Forest,1212,1x1,690,1179,12/04/2024,False
10520,The Villages of Briar Forest,1212,1x1,690,1179,12/05/2024,False
10521,The Villages of Briar Forest,1212,1x1,690,1179,12/06/2024,False
10522,The Villages of Briar Forest,1212,1x1,690,1179,12/07/2024,False
10523,The Villages of Briar Forest,1212,1x1,690,1179,12/08/2024,False
10524,The Villages of Briar Forest,1212,1x1,690,1149,12/09/2024,False
10525,The Villages of Briar Forest,1212,1x1,690,1149,12/10/2024,False
10526,The Villages of Briar Forest,1212,1x1,690,1149,12/11/2024,False
10527,The Villages of Briar Forest,1212,1x1,690,1149,12/12/2024,False
10528,The Villages of Briar Forest,1212,1x1,690,1194,12/13/2024,False
10529,The Villages of Briar Forest,1212,1x1,690,1194,12/14/2024,False
10530,The Villages of Briar Forest,1212,1x1,690,1194,12/15/2024,False
10531,The Villages of Briar Forest,1212,1x1,690,1194,12/16/2024,False
10532,The Villages of Briar Forest,1212,1x1,690,1194,12/17/2024,False
10533,The Villages of Briar Forest,1212,1x1,690,1236,12/18/2024,False
10534,The Villages of Briar Forest,1212,1x1,690,1236,12/19/2024,False
10535,The Villages of Briar Forest,1212,1x1,690,1194,12/20/2024,False
10536,The Villages of Briar Forest,1212,1x1,690,1194,12/21/2024,False
10537,The Villages of Briar Forest,1212,1x1,690,1194,12/22/2024,False
10538,The Villages of Briar Forest,1212,1x1,690,1194,12/23/2024,False
10539,The Villages of Briar Forest,1212,1x1,690,1194,12/24/2024,False
10540,The Villages of Briar Forest,1212,1x1,690,1194,12/25/2024,False
10541,The Villages of Briar Forest,1212,1x1,690,1194,12/26/2024,False
10542,The Villages of Briar Forest,1212,1x1,690,1189,12/27/2024,False
10543,The Villages of Briar Forest,1212,1x1,690,1189,12/28/2024,False
10544,The Villages of Briar Forest,1212,1x1,690,1189,12/29/2024,False
10545,The Villages of Briar Forest,1212,1x1,690,1189,12/30/2024,False
10546,The Villages of Briar Forest,1212,1x1,690,1189,12/31/2024,False
10547,The Villages of Briar Forest,1212,1x1,690,1257,01/01/2025,False
10548,The Villages of Briar Forest,1212,1x1,690,1182,01/02/2025,False
10549,The Villages of Briar Forest,1212,1x1,690,1182,01/03/2025,False
10550,The Villages of Briar Forest,1212,1x1,690,1162,01/04/2025,False
10551,The Villages of Briar Forest,1212,1x1,690,1162,01/05/2025,False
10552,The Villages of Briar Forest,1212,1x1,690,1162,01/06/2025,False
10553,The Villages of Briar Forest,1212,1x1,690,1132,01/07/2025,False
10554,The Villages of Briar Forest,1212,1x1,690,1132,01/08/2025,False
10555,The Villages of Briar Forest,1212,1x1,690,1132,01/09/2025,False
10556,The Villages of Briar Forest,1212,1x1,690,1122,01/10/2025,False
10557,The Villages of Briar Forest,1212,1x1,690,1122,01/11/2025,False
10558,The Villages of Briar Forest,1212,1x1,690,1122,01/12/2025,False
10559,The Villages of Briar Forest,1212,1x1,690,1122,01/13/2025,False
10560,The Villages of Briar Forest,1212,1x1,690,1122,01/14/2025,False
10561,The Villages of Briar Forest,1212,1x1,690,1122,01/15/2025,False
10562,The Villages of Briar Forest,1212,1x1,690,1122,01/16/2025,False
10563,The Villages of Briar Forest,1212,1x1,690,1122,01/17/2025,True
10564,The Villages of Briar Forest,1213,1x1,690,1123,06/28/2023,False
10565,The Villages of Briar Forest,1213,1x1,690,1092,06/29/2023,False
10566,The Villages of Briar Forest,1213,1x1,690,1092,06/30/2023,False
10567,The Villages of Briar Forest,1213,1x1,690,1092,07/01/2023,False
10568,The Villages of Briar Forest,1213,1x1,690,1092,07/02/2023,False
10569,The Villages of Briar Forest,1213,1x1,690,1092,07/03/2023,False
10570,The Villages of Briar Forest,1213,1x1,690,1092,07/04/2023,False
10571,The Villages of Briar Forest,1213,1x1,690,1092,07/05/2023,False
10572,The Villages of Briar Forest,1213,1x1,690,1092,07/06/2023,False
10573,The Villages of Briar Forest,1213,1x1,690,1092,07/07/2023,False
10574,The Villages of Briar Forest,1213,1x1,690,1102,07/08/2023,False
10575,The Villages of Briar Forest,1213,1x1,690,1102,07/09/2023,False
10576,The Villages of Briar Forest,1213,1x1,690,1102,07/10/2023,False
10577,The Villages of Briar Forest,1213,1x1,690,1087,07/11/2023,False
10578,The Villages of Briar Forest,1213,1x1,690,1087,07/12/2023,False
10579,The Villages of Briar Forest,1213,1x1,690,1087,07/13/2023,True
10580,The Villages of Briar Forest,1214,2x1,924,1422,04/02/2024,False
10581,The Villages of Briar Forest,1214,2x1,924,1422,04/03/2024,False
10582,The Villages of Briar Forest,1214,2x1,924,1422,04/04/2024,False
10583,The Villages of Briar Forest,1214,2x1,924,1422,04/05/2024,False
10584,The Villages of Briar Forest,1214,2x1,924,1477,04/06/2024,False
10585,The Villages of Briar Forest,1214,2x1,924,1477,04/07/2024,False
10586,The Villages of Briar Forest,1214,2x1,924,1477,04/08/2024,False
10587,The Villages of Briar Forest,1214,2x1,924,1482,04/09/2024,False
10588,The Villages of Briar Forest,1214,2x1,924,1482,04/10/2024,False
10589,The Villages of Briar Forest,1214,2x1,924,1482,04/11/2024,False
10590,The Villages of Briar Forest,1214,2x1,924,1482,04/12/2024,False
10591,The Villages of Briar Forest,1214,2x1,924,1432,04/13/2024,False
10592,The Villages of Briar Forest,1214,2x1,924,1432,04/14/2024,False
10593,The Villages of Briar Forest,1214,2x1,924,1432,04/15/2024,False
10594,The Villages of Briar Forest,1214,2x1,924,1432,04/16/2024,False
10595,The Villages of Briar Forest,1214,2x1,924,1432,04/17/2024,False
10596,The Villages of Briar Forest,1214,2x1,924,1432,04/18/2024,False
10597,The Villages of Briar Forest,1214,2x1,924,1432,04/19/2024,False
10598,The Villages of Briar Forest,1214,2x1,924,1432,04/20/2024,False
10599,The Villages of Briar Forest,1214,2x1,924,1432,04/21/2024,False
10600,The Villages of Briar Forest,1214,2x1,924,1432,04/22/2024,False
10601,The Villages of Briar Forest,1214,2x1,924,1432,04/23/2024,False
10602,The Villages of Briar Forest,1214,2x1,924,1432,04/24/2024,False
10603,The Villages of Briar Forest,1214,2x1,924,1432,04/25/2024,False
10604,The Villages of Briar Forest,1214,2x1,924,1407,04/26/2024,False
10605,The Villages of Briar Forest,1214,2x1,924,1407,04/27/2024,False
10606,The Villages of Briar Forest,1214,2x1,924,1407,04/28/2024,False
10607,The Villages of Briar Forest,1214,2x1,924,1407,04/29/2024,False
10608,The Villages of Briar Forest,1214,2x1,924,1407,04/30/2024,False
10609,The Villages of Briar Forest,1214,2x1,924,1407,05/01/2024,False
10610,The Villages of Briar Forest,1214,2x1,924,1407,05/02/2024,False
10611,The Villages of Briar Forest,1214,2x1,924,1407,05/03/2024,False
10612,The Villages of Briar Forest,1214,2x1,924,1407,05/04/2024,False
10613,The Villages of Briar Forest,1214,2x1,924,1407,05/05/2024,False
10614,The Villages of Briar Forest,1214,2x1,924,1407,05/06/2024,False
10615,The Villages of Briar Forest,1214,2x1,924,1407,05/07/2024,False
10616,The Villages of Briar Forest,1214,2x1,924,1407,05/08/2024,False
10617,The Villages of Briar Forest,1214,2x1,924,1407,05/09/2024,False
10618,The Villages of Briar Forest,1214,2x1,924,1390,05/10/2024,False
10619,The Villages of Briar Forest,1214,2x1,924,1390,05/11/2024,False
10620,The Villages of Briar Forest,1214,2x1,924,1390,05/12/2024,False
10621,The Villages of Briar Forest,1214,2x1,924,1390,05/13/2024,False
10622,The Villages of Briar Forest,1214,2x1,924,1390,05/14/2024,False
10623,The Villages of Briar Forest,1214,2x1,924,1390,05/15/2024,False
10624,The Villages of Briar Forest,1214,2x1,924,1390,05/16/2024,False
10625,The Villages of Briar Forest,1214,2x1,924,1390,05/17/2024,False
10626,The Villages of Briar Forest,1214,2x1,924,1390,05/18/2024,False
10627,The Villages of Briar Forest,1214,2x1,924,1390,05/19/2024,False
10628,The Villages of Briar Forest,1214,2x1,924,1390,05/20/2024,False
10629,The Villages of Briar Forest,1214,2x1,924,1390,05/21/2024,False
10630,The Villages of Briar Forest,1214,2x1,924,1390,05/22/2024,False
10631,The Villages of Briar Forest,1214,2x1,924,1390,05/23/2024,False
10632,The Villages of Briar Forest,1214,2x1,924,1390,05/24/2024,False
10633,The Villages of Briar Forest,1214,2x1,924,1390,05/25/2024,False
10634,The Villages of Briar Forest,1214,2x1,924,1390,05/26/2024,False
10635,The Villages of Briar Forest,1214,2x1,924,1390,05/27/2024,False
10636,The Villages of Briar Forest,1214,2x1,924,1390,05/28/2024,False
10637,The Villages of Briar Forest,1214,2x1,924,1390,05/29/2024,False
10638,The Villages of Briar Forest,1214,2x1,924,1390,05/30/2024,False
10639,The Villages of Briar Forest,1214,2x1,924,1390,05/31/2024,False
10640,The Villages of Briar Forest,1214,2x1,924,1390,06/01/2024,False
10641,The Villages of Briar Forest,1214,2x1,924,1390,06/02/2024,False
10642,The Villages of Briar Forest,1214,2x1,924,1390,06/03/2024,False
10643,The Villages of Briar Forest,1214,2x1,924,1390,06/04/2024,False
10644,The Villages of Briar Forest,1214,2x1,924,1390,06/05/2024,False
10645,The Villages of Briar Forest,1214,2x1,924,1390,06/06/2024,False
10646,The Villages of Briar Forest,1214,2x1,924,1323,06/07/2024,False
10647,The Villages of Briar Forest,1214,2x1,924,1372,06/08/2024,False
10648,The Villages of Briar Forest,1214,2x1,924,1372,06/09/2024,False
10649,The Villages of Briar Forest,1214,2x1,924,1372,06/10/2024,False
10650,The Villages of Briar Forest,1214,2x1,924,1372,06/11/2024,False
10651,The Villages of Briar Forest,1214,2x1,924,1372,06/12/2024,False
10652,The Villages of Briar Forest,1214,2x1,924,1372,06/13/2024,False
10653,The Villages of Briar Forest,1214,2x1,924,1372,06/14/2024,False
10654,The Villages of Briar Forest,1214,2x1,924,1372,06/15/2024,False
10655,The Villages of Briar Forest,1214,2x1,924,1372,06/16/2024,False
10656,The Villages of Briar Forest,1214,2x1,924,1372,06/17/2024,False
10657,The Villages of Briar Forest,1214,2x1,924,1372,06/18/2024,False
10658,The Villages of Briar Forest,1214,2x1,924,1372,06/19/2024,False
10659,The Villages of Briar Forest,1214,2x1,924,1372,06/20/2024,False
10660,The Villages of Briar Forest,1214,2x1,924,1372,06/21/2024,False
10661,The Villages of Briar Forest,1214,2x1,924,1372,06/22/2024,False
10662,The Villages of Briar Forest,1214,2x1,924,1372,06/23/2024,False
10663,The Villages of Briar Forest,1214,2x1,924,1352,06/24/2024,False
10664,The Villages of Briar Forest,1214,2x1,924,1352,06/25/2024,False
10665,The Villages of Briar Forest,1214,2x1,924,1352,06/26/2024,False
10666,The Villages of Briar Forest,1214,2x1,924,1352,06/27/2024,False
10667,The Villages of Briar Forest,1214,2x1,924,1302,06/28/2024,False
10668,The Villages of Briar Forest,1214,2x1,924,1302,06/29/2024,False
10669,The Villages of Briar Forest,1214,2x1,924,1302,06/30/2024,False
10670,The Villages of Briar Forest,1214,2x1,924,1300,07/01/2024,False
10671,The Villages of Briar Forest,1214,2x1,924,1254,07/02/2024,False
10672,The Villages of Briar Forest,1214,2x1,924,1254,07/03/2024,True
10673,The Villages of Briar Forest,1215,2x1,924,1422,04/04/2024,False
10674,The Villages of Briar Forest,1215,2x1,924,1422,04/05/2024,False
10675,The Villages of Briar Forest,1215,2x1,924,1477,04/06/2024,False
10676,The Villages of Briar Forest,1215,2x1,924,1477,04/07/2024,False
10677,The Villages of Briar Forest,1215,2x1,924,1477,04/08/2024,False
10678,The Villages of Briar Forest,1215,2x1,924,1482,04/09/2024,False
10679,The Villages of Briar Forest,1215,2x1,924,1482,04/10/2024,False
10680,The Villages of Briar Forest,1215,2x1,924,1482,04/11/2024,False
10681,The Villages of Briar Forest,1215,2x1,924,1482,04/12/2024,False
10682,The Villages of Briar Forest,1215,2x1,924,1432,04/13/2024,False
10683,The Villages of Briar Forest,1215,2x1,924,1432,04/14/2024,False
10684,The Villages of Briar Forest,1215,2x1,924,1432,04/15/2024,False
10685,The Villages of Briar Forest,1215,2x1,924,1432,04/16/2024,False
10686,The Villages of Briar Forest,1215,2x1,924,1432,04/17/2024,False
10687,The Villages of Briar Forest,1215,2x1,924,1432,04/18/2024,False
10688,The Villages of Briar Forest,1215,2x1,924,1432,04/19/2024,True
10689,The Villages of Briar Forest,1216,1x1,690,1327,08/08/2024,False
10690,The Villages of Briar Forest,1216,1x1,690,1287,08/09/2024,False
10691,The Villages of Briar Forest,1216,1x1,690,1287,08/10/2024,False
10692,The Villages of Briar Forest,1216,1x1,690,1287,08/11/2024,False
10693,The Villages of Briar Forest,1216,1x1,690,1287,08/12/2024,False
10694,The Villages of Briar Forest,1216,1x1,690,1287,08/13/2024,False
10695,The Villages of Briar Forest,1216,1x1,690,1287,08/14/2024,False
10696,The Villages of Briar Forest,1216,1x1,690,1287,08/15/2024,False
10697,The Villages of Briar Forest,1216,1x1,690,1272,08/16/2024,False
10698,The Villages of Briar Forest,1216,1x1,690,1272,08/17/2024,False
10699,The Villages of Briar Forest,1216,1x1,690,1272,08/18/2024,False
10700,The Villages of Briar Forest,1216,1x1,690,1272,08/19/2024,False
10701,The Villages of Briar Forest,1216,1x1,690,1272,08/20/2024,False
10702,The Villages of Briar Forest,1216,1x1,690,1272,08/21/2024,False
10703,The Villages of Briar Forest,1216,1x1,690,1272,08/22/2024,False
10704,The Villages of Briar Forest,1216,1x1,690,1272,08/23/2024,False
10705,The Villages of Briar Forest,1216,1x1,690,1272,08/24/2024,False
10706,The Villages of Briar Forest,1216,1x1,690,1272,08/25/2024,False
10707,The Villages of Briar Forest,1216,1x1,690,1272,08/26/2024,False
10708,The Villages of Briar Forest,1216,1x1,690,1272,08/27/2024,False
10709,The Villages of Briar Forest,1216,1x1,690,1272,08/28/2024,False
10710,The Villages of Briar Forest,1216,1x1,690,1247,08/29/2024,False
10711,The Villages of Briar Forest,1216,1x1,690,1262,08/30/2024,False
10712,The Villages of Briar Forest,1216,1x1,690,1262,08/31/2024,False
10713,The Villages of Briar Forest,1216,1x1,690,1262,09/01/2024,False
10714,The Villages of Briar Forest,1216,1x1,690,1262,09/02/2024,False
10715,The Villages of Briar Forest,1216,1x1,690,1262,09/03/2024,False
10716,The Villages of Briar Forest,1216,1x1,690,1262,09/04/2024,False
10717,The Villages of Briar Forest,1216,1x1,690,1262,09/05/2024,False
10718,The Villages of Briar Forest,1216,1x1,690,1262,09/06/2024,False
10719,The Villages of Briar Forest,1216,1x1,690,1262,09/07/2024,False
10720,The Villages of Briar Forest,1216,1x1,690,1262,09/08/2024,False
10721,The Villages of Briar Forest,1216,1x1,690,1262,09/09/2024,False
10722,The Villages of Briar Forest,1216,1x1,690,1262,09/10/2024,False
10723,The Villages of Briar Forest,1216,1x1,690,1262,09/11/2024,False
10724,The Villages of Briar Forest,1216,1x1,690,1262,09/12/2024,False
10725,The Villages of Briar Forest,1216,1x1,690,1312,09/13/2024,False
10726,The Villages of Briar Forest,1216,1x1,690,1312,09/14/2024,False
10727,The Villages of Briar Forest,1216,1x1,690,1312,09/15/2024,False
10728,The Villages of Briar Forest,1216,1x1,690,1297,09/16/2024,False
10729,The Villages of Briar Forest,1216,1x1,690,1297,09/17/2024,False
10730,The Villages of Briar Forest,1216,1x1,690,1297,09/18/2024,False
10731,The Villages of Briar Forest,1216,1x1,690,1292,09/19/2024,False
10732,The Villages of Briar Forest,1216,1x1,690,1307,09/20/2024,False
10733,The Villages of Briar Forest,1216,1x1,690,1302,09/21/2024,False
10734,The Villages of Briar Forest,1216,1x1,690,1302,09/22/2024,False
10735,The Villages of Briar Forest,1216,1x1,690,1292,09/23/2024,False
10736,The Villages of Briar Forest,1216,1x1,690,1292,09/24/2024,False
10737,The Villages of Briar Forest,1216,1x1,690,1287,09/25/2024,False
10738,The Villages of Briar Forest,1216,1x1,690,1287,09/26/2024,False
10739,The Villages of Briar Forest,1216,1x1,690,1292,09/27/2024,False
10740,The Villages of Briar Forest,1216,1x1,690,1292,09/28/2024,False
10741,The Villages of Briar Forest,1216,1x1,690,1292,09/29/2024,False
10742,The Villages of Briar Forest,1216,1x1,690,1286,09/30/2024,False
10743,The Villages of Briar Forest,1216,1x1,690,1286,10/01/2024,False
10744,The Villages of Briar Forest,1216,1x1,690,1271,10/02/2024,False
10745,The Villages of Briar Forest,1216,1x1,690,1271,10/03/2024,False
10746,The Villages of Briar Forest,1216,1x1,690,1236,10/04/2024,False
10747,The Villages of Briar Forest,1216,1x1,690,1236,10/05/2024,False
10748,The Villages of Briar Forest,1216,1x1,690,1236,10/06/2024,False
10749,The Villages of Briar Forest,1216,1x1,690,1236,10/07/2024,False
10750,The Villages of Briar Forest,1216,1x1,690,1236,10/08/2024,False
10751,The Villages of Briar Forest,1216,1x1,690,1236,10/09/2024,False
10752,The Villages of Briar Forest,1216,1x1,690,1194,10/10/2024,False
10753,The Villages of Briar Forest,1216,1x1,690,1194,10/11/2024,False
10754,The Villages of Briar Forest,1216,1x1,690,1194,10/12/2024,False
10755,The Villages of Briar Forest,1216,1x1,690,1194,10/13/2024,False
10756,The Villages of Briar Forest,1216,1x1,690,1194,10/14/2024,False
10757,The Villages of Briar Forest,1216,1x1,690,1144,10/15/2024,False
10758,The Villages of Briar Forest,1216,1x1,690,1144,10/16/2024,False
10759,The Villages of Briar Forest,1216,1x1,690,1144,10/17/2024,False
10760,The Villages of Briar Forest,1216,1x1,690,1144,10/18/2024,False
10761,The Villages of Briar Forest,1216,1x1,690,1144,10/19/2024,False
10762,The Villages of Briar Forest,1216,1x1,690,1144,10/20/2024,False
10763,The Villages of Briar Forest,1216,1x1,690,1144,10/21/2024,False
10764,The Villages of Briar Forest,1216,1x1,690,1144,10/22/2024,True
10765,The Villages of Briar Forest,1217,1x1,690,1187,09/28/2024,False
10766,The Villages of Briar Forest,1217,1x1,690,1187,09/29/2024,False
10767,The Villages of Briar Forest,1217,1x1,690,1181,09/30/2024,False
10768,The Villages of Briar Forest,1217,1x1,690,1181,10/01/2024,False
10769,The Villages of Briar Forest,1217,1x1,690,1166,10/02/2024,False
10770,The Villages of Briar Forest,1217,1x1,690,1166,10/03/2024,False
10771,The Villages of Briar Forest,1217,1x1,690,1131,10/04/2024,False
10772,The Villages of Briar Forest,1217,1x1,690,1131,10/05/2024,False
10773,The Villages of Briar Forest,1217,1x1,690,1131,10/06/2024,False
10774,The Villages of Briar Forest,1217,1x1,690,1131,10/07/2024,False
10775,The Villages of Briar Forest,1217,1x1,690,1131,10/08/2024,False
10776,The Villages of Briar Forest,1217,1x1,690,1131,10/09/2024,False
10777,The Villages of Briar Forest,1217,1x1,690,1090,10/10/2024,False
10778,The Villages of Briar Forest,1217,1x1,690,1090,10/11/2024,False
10779,The Villages of Briar Forest,1217,1x1,690,1090,10/12/2024,False
10780,The Villages of Briar Forest,1217,1x1,690,1090,10/13/2024,False
10781,The Villages of Briar Forest,1217,1x1,690,1090,10/14/2024,False
10782,The Villages of Briar Forest,1217,1x1,690,1040,10/15/2024,False
10783,The Villages of Briar Forest,1217,1x1,690,1040,10/16/2024,False
10784,The Villages of Briar Forest,1217,1x1,690,1040,10/17/2024,False
10785,The Villages of Briar Forest,1217,1x1,690,1040,10/18/2024,False
10786,The Villages of Briar Forest,1217,1x1,690,1040,10/19/2024,False
10787,The Villages of Briar Forest,1217,1x1,690,1040,10/20/2024,False
10788,The Villages of Briar Forest,1217,1x1,690,1040,10/21/2024,False
10789,The Villages of Briar Forest,1217,1x1,690,1040,10/22/2024,False
10790,The Villages of Briar Forest,1217,1x1,690,1040,10/23/2024,False
10791,The Villages of Briar Forest,1217,1x1,690,1040,10/24/2024,False
10792,The Villages of Briar Forest,1217,1x1,690,1040,10/25/2024,False
10793,The Villages of Briar Forest,1217,1x1,690,1040,10/26/2024,False
10794,The Villages of Briar Forest,1217,1x1,690,1040,10/27/2024,False
10795,The Villages of Briar Forest,1217,1x1,690,1102,10/28/2024,False
10796,The Villages of Briar Forest,1217,1x1,690,1102,10/29/2024,False
10797,The Villages of Briar Forest,1217,1x1,690,1102,10/30/2024,False
10798,The Villages of Briar Forest,1217,1x1,690,1102,10/31/2024,False
10799,The Villages of Briar Forest,1217,1x1,690,1102,11/01/2024,False
10800,The Villages of Briar Forest,1217,1x1,690,1102,11/02/2024,False
10801,The Villages of Briar Forest,1217,1x1,690,1102,11/03/2024,False
10802,The Villages of Briar Forest,1217,1x1,690,1102,11/04/2024,False
10803,The Villages of Briar Forest,1217,1x1,690,1060,11/05/2024,False
10804,The Villages of Briar Forest,1217,1x1,690,1060,11/06/2024,False
10805,The Villages of Briar Forest,1217,1x1,690,1060,11/07/2024,False
10806,The Villages of Briar Forest,1217,1x1,690,1060,11/08/2024,False
10807,The Villages of Briar Forest,1217,1x1,690,1060,11/09/2024,False
10808,The Villages of Briar Forest,1217,1x1,690,1060,11/10/2024,False
10809,The Villages of Briar Forest,1217,1x1,690,1060,11/11/2024,False
10810,The Villages of Briar Forest,1217,1x1,690,1060,11/12/2024,False
10811,The Villages of Briar Forest,1217,1x1,690,1060,11/13/2024,False
10812,The Villages of Briar Forest,1217,1x1,690,1060,11/14/2024,False
10813,The Villages of Briar Forest,1217,1x1,690,1060,11/15/2024,False
10814,The Villages of Briar Forest,1217,1x1,690,1060,11/16/2024,False
10815,The Villages of Briar Forest,1217,1x1,690,1060,11/17/2024,False
10816,The Villages of Briar Forest,1217,1x1,690,1060,11/18/2024,False
10817,The Villages of Briar Forest,1217,1x1,690,1060,11/19/2024,False
10818,The Villages of Briar Forest,1217,1x1,690,1060,11/20/2024,False
10819,The Villages of Briar Forest,1217,1x1,690,1060,11/21/2024,False
10820,The Villages of Briar Forest,1217,1x1,690,1112,11/22/2024,False
10821,The Villages of Briar Forest,1217,1x1,690,1034,11/23/2024,False
10822,The Villages of Briar Forest,1217,1x1,690,1034,11/24/2024,False
10823,The Villages of Briar Forest,1217,1x1,690,1034,11/25/2024,False
10824,The Villages of Briar Forest,1217,1x1,690,1097,11/26/2024,False
10825,The Villages of Briar Forest,1217,1x1,690,1034,11/27/2024,False
10826,The Villages of Briar Forest,1217,1x1,690,1034,11/28/2024,False
10827,The Villages of Briar Forest,1217,1x1,690,1030,11/29/2024,False
10828,The Villages of Briar Forest,1217,1x1,690,1030,11/30/2024,False
10829,The Villages of Briar Forest,1217,1x1,690,1024,12/01/2024,False
10830,The Villages of Briar Forest,1217,1x1,690,1024,12/02/2024,False
10831,The Villages of Briar Forest,1217,1x1,690,1074,12/03/2024,False
10832,The Villages of Briar Forest,1217,1x1,690,1074,12/04/2024,False
10833,The Villages of Briar Forest,1217,1x1,690,1074,12/05/2024,False
10834,The Villages of Briar Forest,1217,1x1,690,1074,12/06/2024,False
10835,The Villages of Briar Forest,1217,1x1,690,1044,12/07/2024,False
10836,The Villages of Briar Forest,1217,1x1,690,1044,12/08/2024,False
10837,The Villages of Briar Forest,1217,1x1,690,1044,12/09/2024,True
10838,The Villages of Briar Forest,1218,2x1,924,1427,08/30/2023,False
10839,The Villages of Briar Forest,1218,2x1,924,1427,08/31/2023,False
10840,The Villages of Briar Forest,1218,2x1,924,1402,09/01/2023,False
10841,The Villages of Briar Forest,1218,2x1,924,1402,09/02/2023,False
10842,The Villages of Briar Forest,1218,2x1,924,1402,09/03/2023,False
10843,The Villages of Briar Forest,1218,2x1,924,1402,09/04/2023,False
10844,The Villages of Briar Forest,1218,2x1,924,1402,09/05/2023,False
10845,The Villages of Briar Forest,1218,2x1,924,1402,09/06/2023,False
10846,The Villages of Briar Forest,1218,2x1,924,1402,09/07/2023,False
10847,The Villages of Briar Forest,1218,2x1,924,1402,09/08/2023,False
10848,The Villages of Briar Forest,1218,2x1,924,1412,09/09/2023,False
10849,The Villages of Briar Forest,1218,2x1,924,1387,09/10/2023,False
10850,The Villages of Briar Forest,1218,2x1,924,1387,09/11/2023,False
10851,The Villages of Briar Forest,1218,2x1,924,1387,09/12/2023,False
10852,The Villages of Briar Forest,1218,2x1,924,1387,09/13/2023,False
10853,The Villages of Briar Forest,1218,2x1,924,1387,09/14/2023,False
10854,The Villages of Briar Forest,1218,2x1,924,1387,09/15/2023,False
10855,The Villages of Briar Forest,1218,2x1,924,1387,09/16/2023,False
10856,The Villages of Briar Forest,1218,2x1,924,1387,09/17/2023,False
10857,The Villages of Briar Forest,1218,2x1,924,1387,09/18/2023,False
10858,The Villages of Briar Forest,1218,2x1,924,1387,09/19/2023,False
10859,The Villages of Briar Forest,1218,2x1,924,1387,09/20/2023,False
10860,The Villages of Briar Forest,1218,2x1,924,1387,09/21/2023,False
10861,The Villages of Briar Forest,1218,2x1,924,1387,09/22/2023,False
10862,The Villages of Briar Forest,1218,2x1,924,1387,09/23/2023,False
10863,The Villages of Briar Forest,1218,2x1,924,1387,09/24/2023,False
10864,The Villages of Briar Forest,1218,2x1,924,1387,09/25/2023,False
10865,The Villages of Briar Forest,1218,2x1,924,1387,09/26/2023,False
10866,The Villages of Briar Forest,1218,2x1,924,1387,09/27/2023,False
10867,The Villages of Briar Forest,1218,2x1,924,1387,09/28/2023,False
10868,The Villages of Briar Forest,1218,2x1,924,1387,09/29/2023,False
10869,The Villages of Briar Forest,1218,2x1,924,1387,09/30/2023,False
10870,The Villages of Briar Forest,1218,2x1,924,1387,10/01/2023,False
10871,The Villages of Briar Forest,1218,2x1,924,1387,10/02/2023,False
10872,The Villages of Briar Forest,1218,2x1,924,1387,10/03/2023,False
10873,The Villages of Briar Forest,1218,2x1,924,1387,10/04/2023,False
10874,The Villages of Briar Forest,1218,2x1,924,1387,10/05/2023,False
10875,The Villages of Briar Forest,1218,2x1,924,1417,10/06/2023,False
10876,The Villages of Briar Forest,1218,2x1,924,1392,10/07/2023,False
10877,The Villages of Briar Forest,1218,2x1,924,1392,10/08/2023,False
10878,The Villages of Briar Forest,1218,2x1,924,1392,10/09/2023,False
10879,The Villages of Briar Forest,1218,2x1,924,1392,10/10/2023,False
10880,The Villages of Briar Forest,1218,2x1,924,1392,10/11/2023,False
10881,The Villages of Briar Forest,1218,2x1,924,1392,10/12/2023,False
10882,The Villages of Briar Forest,1218,2x1,924,1392,10/13/2023,False
10883,The Villages of Briar Forest,1218,2x1,924,1402,10/14/2023,False
10884,The Villages of Briar Forest,1218,2x1,924,1402,10/15/2023,False
10885,The Villages of Briar Forest,1218,2x1,924,1402,10/16/2023,False
10886,The Villages of Briar Forest,1218,2x1,924,1402,10/17/2023,False
10887,The Villages of Briar Forest,1218,2x1,924,1402,10/18/2023,False
10888,The Villages of Briar Forest,1218,2x1,924,1402,10/19/2023,False
10889,The Villages of Briar Forest,1218,2x1,924,1402,10/20/2023,False
10890,The Villages of Briar Forest,1218,2x1,924,1372,10/21/2023,False
10891,The Villages of Briar Forest,1218,2x1,924,1372,10/22/2023,False
10892,The Villages of Briar Forest,1218,2x1,924,1372,10/23/2023,False
10893,The Villages of Briar Forest,1218,2x1,924,1372,10/24/2023,False
10894,The Villages of Briar Forest,1218,2x1,924,1372,10/25/2023,False
10895,The Villages of Briar Forest,1218,2x1,924,1372,10/26/2023,False
10896,The Villages of Briar Forest,1218,2x1,924,1372,10/27/2023,False
10897,The Villages of Briar Forest,1218,2x1,924,1352,10/28/2023,False
10898,The Villages of Briar Forest,1218,2x1,924,1352,10/29/2023,False
10899,The Villages of Briar Forest,1218,2x1,924,1352,10/30/2023,False
10900,The Villages of Briar Forest,1218,2x1,924,1352,10/31/2023,False
10901,The Villages of Briar Forest,1218,2x1,924,1352,11/01/2023,False
10902,The Villages of Briar Forest,1218,2x1,924,1352,11/02/2023,False
10903,The Villages of Briar Forest,1218,2x1,924,1287,11/03/2023,False
10904,The Villages of Briar Forest,1218,2x1,924,1287,11/04/2023,False
10905,The Villages of Briar Forest,1218,2x1,924,1287,11/05/2023,False
10906,The Villages of Briar Forest,1218,2x1,924,1287,11/06/2023,False
10907,The Villages of Briar Forest,1218,2x1,924,1287,11/07/2023,False
10908,The Villages of Briar Forest,1218,2x1,924,1287,11/08/2023,False
10909,The Villages of Briar Forest,1218,2x1,924,1287,11/09/2023,False
10910,The Villages of Briar Forest,1218,2x1,924,1277,11/10/2023,False
10911,The Villages of Briar Forest,1218,2x1,924,1277,11/11/2023,False
10912,The Villages of Briar Forest,1218,2x1,924,1277,11/12/2023,False
10913,The Villages of Briar Forest,1218,2x1,924,1277,11/13/2023,False
10914,The Villages of Briar Forest,1218,2x1,924,1277,11/14/2023,False
10915,The Villages of Briar Forest,1218,2x1,924,1277,11/15/2023,False
10916,The Villages of Briar Forest,1218,2x1,924,1277,11/16/2023,False
10917,The Villages of Briar Forest,1218,2x1,924,1277,11/17/2023,False
10918,The Villages of Briar Forest,1218,2x1,924,1307,11/18/2023,False
10919,The Villages of Briar Forest,1218,2x1,924,1307,11/19/2023,False
10920,The Villages of Briar Forest,1218,2x1,924,1307,11/20/2023,False
10921,The Villages of Briar Forest,1218,2x1,924,1307,11/21/2023,False
10922,The Villages of Briar Forest,1218,2x1,924,1307,11/22/2023,False
10923,The Villages of Briar Forest,1218,2x1,924,1307,11/23/2023,False
10924,The Villages of Briar Forest,1218,2x1,924,1307,11/24/2023,False
10925,The Villages of Briar Forest,1218,2x1,924,1307,11/25/2023,False
10926,The Villages of Briar Forest,1218,2x1,924,1307,11/26/2023,False
10927,The Villages of Briar Forest,1218,2x1,924,1307,11/27/2023,False
10928,The Villages of Briar Forest,1218,2x1,924,1307,11/28/2023,False
10929,The Villages of Briar Forest,1218,2x1,924,1307,11/29/2023,False
10930,The Villages of Briar Forest,1218,2x1,924,1307,11/30/2023,False
10931,The Villages of Briar Forest,1218,2x1,924,1307,12/01/2023,True
10932,The Villages of Briar Forest,1221,2x1,924,1193,06/17/2023,False
10933,The Villages of Briar Forest,1221,2x1,924,1193,06/18/2023,False
10934,The Villages of Briar Forest,1221,2x1,924,1193,06/19/2023,False
10935,The Villages of Briar Forest,1221,2x1,924,1194,06/20/2023,False
10936,The Villages of Briar Forest,1221,2x1,924,1194,06/21/2023,False
10937,The Villages of Briar Forest,1221,2x1,924,1193,06/22/2023,False
10938,The Villages of Briar Forest,1221,2x1,924,1194,06/23/2023,False
10939,The Villages of Briar Forest,1221,2x1,924,1194,06/24/2023,False
10940,The Villages of Briar Forest,1221,2x1,924,1194,06/25/2023,False
10941,The Villages of Briar Forest,1221,2x1,924,1194,06/26/2023,False
10942,The Villages of Briar Forest,1221,2x1,924,1414,06/27/2023,False
10943,The Villages of Briar Forest,1221,2x1,924,1414,06/28/2023,False
10944,The Villages of Briar Forest,1221,2x1,924,1404,06/29/2023,False
10945,The Villages of Briar Forest,1221,2x1,924,1404,06/30/2023,False
10946,The Villages of Briar Forest,1221,2x1,924,1403,07/01/2023,False
10947,The Villages of Briar Forest,1221,2x1,924,1403,07/02/2023,False
10948,The Villages of Briar Forest,1221,2x1,924,1403,07/03/2023,False
10949,The Villages of Briar Forest,1221,2x1,924,1403,07/04/2023,False
10950,The Villages of Briar Forest,1221,2x1,924,1403,07/05/2023,False
10951,The Villages of Briar Forest,1221,2x1,924,1403,07/06/2023,False
10952,The Villages of Briar Forest,1221,2x1,924,1403,07/07/2023,False
10953,The Villages of Briar Forest,1221,2x1,924,1403,07/08/2023,False
10954,The Villages of Briar Forest,1221,2x1,924,1403,07/09/2023,False
10955,The Villages of Briar Forest,1221,2x1,924,1403,07/10/2023,False
10956,The Villages of Briar Forest,1221,2x1,924,1293,07/11/2023,False
10957,The Villages of Briar Forest,1221,2x1,924,1293,07/12/2023,False
10958,The Villages of Briar Forest,1221,2x1,924,1304,07/13/2023,False
10959,The Villages of Briar Forest,1221,2x1,924,1293,07/14/2023,False
10960,The Villages of Briar Forest,1221,2x1,924,1368,07/15/2023,False
10961,The Villages of Briar Forest,1221,2x1,924,1368,07/16/2023,False
10962,The Villages of Briar Forest,1221,2x1,924,1368,07/17/2023,False
10963,The Villages of Briar Forest,1221,2x1,924,1368,07/18/2023,False
10964,The Villages of Briar Forest,1221,2x1,924,1368,07/19/2023,False
10965,The Villages of Briar Forest,1221,2x1,924,1306,07/20/2023,False
10966,The Villages of Briar Forest,1221,2x1,924,1306,07/21/2023,False
10967,The Villages of Briar Forest,1221,2x1,924,1306,07/22/2023,False
10968,The Villages of Briar Forest,1221,2x1,924,1306,07/23/2023,False
10969,The Villages of Briar Forest,1221,2x1,924,1306,07/24/2023,False
10970,The Villages of Briar Forest,1221,2x1,924,1306,07/25/2023,False
10971,The Villages of Briar Forest,1221,2x1,924,1240,07/26/2023,False
10972,The Villages of Briar Forest,1221,2x1,924,1240,07/27/2023,False
10973,The Villages of Briar Forest,1221,2x1,924,1240,07/28/2023,False
10974,The Villages of Briar Forest,1221,2x1,924,1300,07/29/2023,False
10975,The Villages of Briar Forest,1221,2x1,924,1300,07/30/2023,False
10976,The Villages of Briar Forest,1221,2x1,924,1300,07/31/2023,False
10977,The Villages of Briar Forest,1221,2x1,924,1300,08/01/2023,False
10978,The Villages of Briar Forest,1221,2x1,924,1290,08/02/2023,False
10979,The Villages of Briar Forest,1221,2x1,924,1360,08/03/2023,False
10980,The Villages of Briar Forest,1221,2x1,924,1356,08/04/2023,False
10981,The Villages of Briar Forest,1221,2x1,924,1346,08/05/2023,False
10982,The Villages of Briar Forest,1221,2x1,924,1350,08/06/2023,False
10983,The Villages of Briar Forest,1221,2x1,924,1350,08/07/2023,False
10984,The Villages of Briar Forest,1221,2x1,924,1346,08/08/2023,False
10985,The Villages of Briar Forest,1221,2x1,924,1316,08/09/2023,False
10986,The Villages of Briar Forest,1221,2x1,924,1310,08/10/2023,False
10987,The Villages of Briar Forest,1221,2x1,924,1310,08/11/2023,False
10988,The Villages of Briar Forest,1221,2x1,924,1310,08/12/2023,False
10989,The Villages of Briar Forest,1221,2x1,924,1310,08/13/2023,False
10990,The Villages of Briar Forest,1221,2x1,924,1310,08/14/2023,False
10991,The Villages of Briar Forest,1221,2x1,924,1310,08/15/2023,False
10992,The Villages of Briar Forest,1221,2x1,924,1373,08/16/2023,False
10993,The Villages of Briar Forest,1221,2x1,924,1373,08/17/2023,False
10994,The Villages of Briar Forest,1221,2x1,924,1373,08/18/2023,False
10995,The Villages of Briar Forest,1221,2x1,924,1373,08/19/2023,False
10996,The Villages of Briar Forest,1221,2x1,924,1373,08/20/2023,False
10997,The Villages of Briar Forest,1221,2x1,924,1373,08/21/2023,False
10998,The Villages of Briar Forest,1221,2x1,924,1373,08/22/2023,False
10999,The Villages of Briar Forest,1221,2x1,924,1373,08/23/2023,False
11000,The Villages of Briar Forest,1221,2x1,924,1373,08/24/2023,False
11001,The Villages of Briar Forest,1221,2x1,924,1373,08/25/2023,False
11002,The Villages of Briar Forest,1221,2x1,924,1373,08/26/2023,False
11003,The Villages of Briar Forest,1221,2x1,924,1373,08/27/2023,False
11004,The Villages of Briar Forest,1221,2x1,924,1373,08/28/2023,False
11005,The Villages of Briar Forest,1221,2x1,924,1373,08/29/2023,False
11006,The Villages of Briar Forest,1221,2x1,924,1373,08/30/2023,False
11007,The Villages of Briar Forest,1221,2x1,924,1373,08/31/2023,False
11008,The Villages of Briar Forest,1221,2x1,924,1373,09/01/2023,False
11009,The Villages of Briar Forest,1221,2x1,924,1373,09/02/2023,False
11010,The Villages of Briar Forest,1221,2x1,924,1373,09/03/2023,False
11011,The Villages of Briar Forest,1221,2x1,924,1373,09/04/2023,False
11012,The Villages of Briar Forest,1221,2x1,924,1373,09/05/2023,False
11013,The Villages of Briar Forest,1221,2x1,924,1373,09/06/2023,False
11014,The Villages of Briar Forest,1221,2x1,924,1373,09/07/2023,False
11015,The Villages of Briar Forest,1221,2x1,924,1373,09/08/2023,False
11016,The Villages of Briar Forest,1221,2x1,924,1373,09/09/2023,False
11017,The Villages of Briar Forest,1221,2x1,924,1373,09/10/2023,False
11018,The Villages of Briar Forest,1221,2x1,924,1373,09/11/2023,False
11019,The Villages of Briar Forest,1221,2x1,924,1373,09/12/2023,False
11020,The Villages of Briar Forest,1221,2x1,924,1373,09/13/2023,False
11021,The Villages of Briar Forest,1221,2x1,924,1373,09/14/2023,False
11022,The Villages of Briar Forest,1221,2x1,924,1373,09/15/2023,False
11023,The Villages of Briar Forest,1221,2x1,924,1373,09/16/2023,False
11024,The Villages of Briar Forest,1221,2x1,924,1373,09/17/2023,False
11025,The Villages of Briar Forest,1221,2x1,924,1373,09/18/2023,False
11026,The Villages of Briar Forest,1221,2x1,924,1342,09/19/2023,False
11027,The Villages of Briar Forest,1221,2x1,924,1347,09/20/2023,False
11028,The Villages of Briar Forest,1221,2x1,924,1343,09/21/2023,False
11029,The Villages of Briar Forest,1221,2x1,924,1343,09/22/2023,False
11030,The Villages of Briar Forest,1221,2x1,924,1343,09/23/2023,False
11031,The Villages of Briar Forest,1221,2x1,924,1343,09/24/2023,False
11032,The Villages of Briar Forest,1221,2x1,924,1343,09/25/2023,False
11033,The Villages of Briar Forest,1221,2x1,924,1359,09/26/2023,False
11034,The Villages of Briar Forest,1221,2x1,924,1359,09/27/2023,False
11035,The Villages of Briar Forest,1221,2x1,924,1359,09/28/2023,False
11036,The Villages of Briar Forest,1221,2x1,924,1359,09/29/2023,False
11037,The Villages of Briar Forest,1221,2x1,924,1343,09/30/2023,False
11038,The Villages of Briar Forest,1221,2x1,924,1343,10/01/2023,False
11039,The Villages of Briar Forest,1221,2x1,924,1343,10/02/2023,False
11040,The Villages of Briar Forest,1221,2x1,924,1343,10/03/2023,False
11041,The Villages of Briar Forest,1221,2x1,924,1343,10/04/2023,False
11042,The Villages of Briar Forest,1221,2x1,924,1280,10/05/2023,False
11043,The Villages of Briar Forest,1221,2x1,924,1310,10/06/2023,False
11044,The Villages of Briar Forest,1221,2x1,924,1290,10/07/2023,False
11045,The Villages of Briar Forest,1221,2x1,924,1290,10/08/2023,False
11046,The Villages of Briar Forest,1221,2x1,924,1290,10/09/2023,False
11047,The Villages of Briar Forest,1221,2x1,924,1290,10/10/2023,False
11048,The Villages of Briar Forest,1221,2x1,924,1290,10/11/2023,False
11049,The Villages of Briar Forest,1221,2x1,924,1290,10/12/2023,False
11050,The Villages of Briar Forest,1221,2x1,924,1290,10/13/2023,False
11051,The Villages of Briar Forest,1221,2x1,924,1244,10/14/2023,False
11052,The Villages of Briar Forest,1221,2x1,924,1244,10/15/2023,False
11053,The Villages of Briar Forest,1221,2x1,924,1244,10/16/2023,False
11054,The Villages of Briar Forest,1221,2x1,924,1244,10/17/2023,False
11055,The Villages of Briar Forest,1221,2x1,924,1244,10/18/2023,False
11056,The Villages of Briar Forest,1221,2x1,924,1244,10/19/2023,False
11057,The Villages of Briar Forest,1221,2x1,924,1244,10/20/2023,False
11058,The Villages of Briar Forest,1221,2x1,924,1214,10/21/2023,False
11059,The Villages of Briar Forest,1221,2x1,924,1214,10/22/2023,False
11060,The Villages of Briar Forest,1221,2x1,924,1214,10/23/2023,False
11061,The Villages of Briar Forest,1221,2x1,924,1214,10/24/2023,False
11062,The Villages of Briar Forest,1221,2x1,924,1214,10/25/2023,False
11063,The Villages of Briar Forest,1221,2x1,924,1214,10/26/2023,False
11064,The Villages of Briar Forest,1221,2x1,924,1214,10/27/2023,False
11065,The Villages of Briar Forest,1221,2x1,924,1194,10/28/2023,False
11066,The Villages of Briar Forest,1221,2x1,924,1194,10/29/2023,False
11067,The Villages of Briar Forest,1221,2x1,924,1194,10/30/2023,False
11068,The Villages of Briar Forest,1221,2x1,924,1194,10/31/2023,False
11069,The Villages of Briar Forest,1221,2x1,924,1257,11/01/2023,False
11070,The Villages of Briar Forest,1221,2x1,924,1257,11/02/2023,False
11071,The Villages of Briar Forest,1221,2x1,924,1192,11/03/2023,False
11072,The Villages of Briar Forest,1221,2x1,924,1192,11/04/2023,False
11073,The Villages of Briar Forest,1221,2x1,924,1192,11/05/2023,False
11074,The Villages of Briar Forest,1221,2x1,924,1192,11/06/2023,False
11075,The Villages of Briar Forest,1221,2x1,924,1192,11/07/2023,False
11076,The Villages of Briar Forest,1221,2x1,924,1192,11/08/2023,False
11077,The Villages of Briar Forest,1221,2x1,924,1192,11/09/2023,False
11078,The Villages of Briar Forest,1221,2x1,924,1192,11/10/2023,False
11079,The Villages of Briar Forest,1221,2x1,924,1192,11/11/2023,False
11080,The Villages of Briar Forest,1221,2x1,924,1192,11/12/2023,False
11081,The Villages of Briar Forest,1221,2x1,924,1192,11/13/2023,False
11082,The Villages of Briar Forest,1221,2x1,924,1192,11/14/2023,False
11083,The Villages of Briar Forest,1221,2x1,924,1192,11/15/2023,False
11084,The Villages of Briar Forest,1221,2x1,924,1192,11/16/2023,True
11085,The Villages of Briar Forest,1221,2x1,924,1367,03/05/2025,False
11086,The Villages of Briar Forest,1221,2x1,924,1377,03/06/2025,False
11087,The Villages of Briar Forest,1221,2x1,924,1382,03/07/2025,False
11088,The Villages of Briar Forest,1221,2x1,924,1382,03/08/2025,False
11089,The Villages of Briar Forest,1221,2x1,924,1382,03/09/2025,False
11090,The Villages of Briar Forest,1221,2x1,924,1382,03/10/2025,False
11091,The Villages of Briar Forest,1221,2x1,924,1382,03/11/2025,True
11092,The Villages of Briar Forest,1222,1x1,690,1122,10/10/2024,False
11093,The Villages of Briar Forest,1222,1x1,690,1122,10/11/2024,False
11094,The Villages of Briar Forest,1222,1x1,690,1127,10/12/2024,False
11095,The Villages of Briar Forest,1222,1x1,690,1127,10/13/2024,False
11096,The Villages of Briar Forest,1222,1x1,690,1127,10/14/2024,False
11097,The Villages of Briar Forest,1222,1x1,690,1087,10/15/2024,False
11098,The Villages of Briar Forest,1222,1x1,690,1077,10/16/2024,False
11099,The Villages of Briar Forest,1222,1x1,690,1072,10/17/2024,False
11100,The Villages of Briar Forest,1222,1x1,690,1062,10/18/2024,False
11101,The Villages of Briar Forest,1222,1x1,690,1072,10/19/2024,False
11102,The Villages of Briar Forest,1222,1x1,690,1072,10/20/2024,False
11103,The Villages of Briar Forest,1222,1x1,690,1072,10/21/2024,False
11104,The Villages of Briar Forest,1222,1x1,690,1082,10/22/2024,False
11105,The Villages of Briar Forest,1222,1x1,690,1077,10/23/2024,False
11106,The Villages of Briar Forest,1222,1x1,690,1072,10/24/2024,False
11107,The Villages of Briar Forest,1222,1x1,690,1062,10/25/2024,False
11108,The Villages of Briar Forest,1222,1x1,690,1062,10/26/2024,False
11109,The Villages of Briar Forest,1222,1x1,690,1062,10/27/2024,False
11110,The Villages of Briar Forest,1222,1x1,690,1062,10/28/2024,False
11111,The Villages of Briar Forest,1222,1x1,690,1062,10/29/2024,False
11112,The Villages of Briar Forest,1222,1x1,690,1062,10/30/2024,False
11113,The Villages of Briar Forest,1222,1x1,690,1062,10/31/2024,True
11114,The Villages of Briar Forest,1226,1x1,690,939,06/22/2023,False
11115,The Villages of Briar Forest,1226,1x1,690,959,06/23/2023,False
11116,The Villages of Briar Forest,1226,1x1,690,959,06/24/2023,False
11117,The Villages of Briar Forest,1226,1x1,690,954,06/25/2023,False
11118,The Villages of Briar Forest,1226,1x1,690,954,06/26/2023,True
11119,The Villages of Briar Forest,1226,1x1,690,1142,12/10/2023,False
11120,The Villages of Briar Forest,1226,1x1,690,1137,12/11/2023,False
11121,The Villages of Briar Forest,1226,1x1,690,1137,12/12/2023,True
11122,The Villages of Briar Forest,1226,1x1,690,1072,12/07/2024,False
11123,The Villages of Briar Forest,1226,1x1,690,1072,12/08/2024,False
11124,The Villages of Briar Forest,1226,1x1,690,1072,12/09/2024,False
11125,The Villages of Briar Forest,1226,1x1,690,1072,12/10/2024,False
11126,The Villages of Briar Forest,1226,1x1,690,1072,12/11/2024,False
11127,The Villages of Briar Forest,1226,1x1,690,1072,12/12/2024,False
11128,The Villages of Briar Forest,1226,1x1,690,1072,12/13/2024,False
11129,The Villages of Briar Forest,1226,1x1,690,1072,12/14/2024,False
11130,The Villages of Briar Forest,1226,1x1,690,1072,12/15/2024,False
11131,The Villages of Briar Forest,1226,1x1,690,1072,12/16/2024,False
11132,The Villages of Briar Forest,1226,1x1,690,1072,12/17/2024,False
11133,The Villages of Briar Forest,1226,1x1,690,1072,12/18/2024,False
11134,The Villages of Briar Forest,1226,1x1,690,1072,12/19/2024,False
11135,The Villages of Briar Forest,1226,1x1,690,1072,12/20/2024,False
11136,The Villages of Briar Forest,1226,1x1,690,1072,12/21/2024,False
11137,The Villages of Briar Forest,1226,1x1,690,1072,12/22/2024,False
11138,The Villages of Briar Forest,1226,1x1,690,1072,12/23/2024,False
11139,The Villages of Briar Forest,1226,1x1,690,1072,12/24/2024,False
11140,The Villages of Briar Forest,1226,1x1,690,1072,12/25/2024,False
11141,The Villages of Briar Forest,1226,1x1,690,1072,12/26/2024,False
11142,The Villages of Briar Forest,1226,1x1,690,1072,12/27/2024,False
11143,The Villages of Briar Forest,1226,1x1,690,1072,12/28/2024,False
11144,The Villages of Briar Forest,1226,1x1,690,1072,12/29/2024,False
11145,The Villages of Briar Forest,1226,1x1,690,1072,12/30/2024,False
11146,The Villages of Briar Forest,1226,1x1,690,1072,12/31/2024,False
11147,The Villages of Briar Forest,1226,1x1,690,1072,01/01/2025,False
11148,The Villages of Briar Forest,1226,1x1,690,1072,01/02/2025,False
11149,The Villages of Briar Forest,1226,1x1,690,1072,01/03/2025,False
11150,The Villages of Briar Forest,1226,1x1,690,1072,01/04/2025,False
11151,The Villages of Briar Forest,1226,1x1,690,1072,01/05/2025,False
11152,The Villages of Briar Forest,1226,1x1,690,1072,01/06/2025,False
11153,The Villages of Briar Forest,1226,1x1,690,1072,01/07/2025,False
11154,The Villages of Briar Forest,1226,1x1,690,1072,01/08/2025,False
11155,The Villages of Briar Forest,1226,1x1,690,1072,01/09/2025,False
11156,The Villages of Briar Forest,1226,1x1,690,1072,01/10/2025,False
11157,The Villages of Briar Forest,1226,1x1,690,1072,01/11/2025,False
11158,The Villages of Briar Forest,1226,1x1,690,1072,01/12/2025,False
11159,The Villages of Briar Forest,1226,1x1,690,1072,01/13/2025,False
11160,The Villages of Briar Forest,1226,1x1,690,1072,01/14/2025,False
11161,The Villages of Briar Forest,1226,1x1,690,1072,01/15/2025,False
11162,The Villages of Briar Forest,1226,1x1,690,1072,01/16/2025,False
11163,The Villages of Briar Forest,1226,1x1,690,1072,01/17/2025,False
11164,The Villages of Briar Forest,1226,1x1,690,1072,01/18/2025,False
11165,The Villages of Briar Forest,1226,1x1,690,1072,01/19/2025,False
11166,The Villages of Briar Forest,1226,1x1,690,1072,01/20/2025,False
11167,The Villages of Briar Forest,1226,1x1,690,1072,01/21/2025,False
11168,The Villages of Briar Forest,1226,1x1,690,1072,01/22/2025,False
11169,The Villages of Briar Forest,1226,1x1,690,1072,01/23/2025,False
11170,The Villages of Briar Forest,1226,1x1,690,1072,01/24/2025,False
11171,The Villages of Briar Forest,1226,1x1,690,1072,01/25/2025,False
11172,The Villages of Briar Forest,1226,1x1,690,1072,01/26/2025,False
11173,The Villages of Briar Forest,1226,1x1,690,1072,01/27/2025,False
11174,The Villages of Briar Forest,1226,1x1,690,1072,01/28/2025,False
11175,The Villages of Briar Forest,1226,1x1,690,1072,01/29/2025,False
11176,The Villages of Briar Forest,1226,1x1,690,1072,01/30/2025,False
11177,The Villages of Briar Forest,1226,1x1,690,1072,01/31/2025,False
11178,The Villages of Briar Forest,1226,1x1,690,1072,02/01/2025,False
11179,The Villages of Briar Forest,1226,1x1,690,1072,02/02/2025,False
11180,The Villages of Briar Forest,1226,1x1,690,1072,02/03/2025,False
11181,The Villages of Briar Forest,1226,1x1,690,1072,02/04/2025,False
11182,The Villages of Briar Forest,1226,1x1,690,1072,02/05/2025,False
11183,The Villages of Briar Forest,1226,1x1,690,1072,02/06/2025,False
11184,The Villages of Briar Forest,1226,1x1,690,997,02/07/2025,False
11185,The Villages of Briar Forest,1226,1x1,690,997,02/08/2025,False
11186,The Villages of Briar Forest,1226,1x1,690,997,02/09/2025,False
11187,The Villages of Briar Forest,1226,1x1,690,997,02/10/2025,False
11188,The Villages of Briar Forest,1226,1x1,690,997,02/11/2025,False
11189,The Villages of Briar Forest,1226,1x1,690,997,02/12/2025,False
11190,The Villages of Briar Forest,1226,1x1,690,997,02/13/2025,False
11191,The Villages of Briar Forest,1226,1x1,690,997,02/14/2025,False
11192,The Villages of Briar Forest,1226,1x1,690,997,02/15/2025,False
11193,The Villages of Briar Forest,1226,1x1,690,997,02/16/2025,False
11194,The Villages of Briar Forest,1226,1x1,690,997,02/17/2025,False
11195,The Villages of Briar Forest,1226,1x1,690,997,02/18/2025,False
11196,The Villages of Briar Forest,1226,1x1,690,997,02/19/2025,False
11197,The Villages of Briar Forest,1226,1x1,690,1072,02/20/2025,False
11198,The Villages of Briar Forest,1226,1x1,690,997,02/21/2025,False
11199,The Villages of Briar Forest,1226,1x1,690,984,02/22/2025,False
11200,The Villages of Briar Forest,1226,1x1,690,984,02/23/2025,False
11201,The Villages of Briar Forest,1226,1x1,690,984,02/24/2025,False
11202,The Villages of Briar Forest,1226,1x1,690,984,02/25/2025,False
11203,The Villages of Briar Forest,1226,1x1,690,984,02/26/2025,False
11204,The Villages of Briar Forest,1226,1x1,690,984,02/27/2025,False
11205,The Villages of Briar Forest,1226,1x1,690,960,02/28/2025,False
11206,The Villages of Briar Forest,1226,1x1,690,960,03/01/2025,False
11207,The Villages of Briar Forest,1226,1x1,690,960,03/02/2025,False
11208,The Villages of Briar Forest,1226,1x1,690,960,03/03/2025,False
11209,The Villages of Briar Forest,1226,1x1,690,960,03/04/2025,False
11210,The Villages of Briar Forest,1226,1x1,690,960,03/05/2025,False
11211,The Villages of Briar Forest,1226,1x1,690,1022,03/06/2025,False
11212,The Villages of Briar Forest,1226,1x1,690,1037,03/07/2025,False
11213,The Villages of Briar Forest,1226,1x1,690,1037,03/08/2025,False
11214,The Villages of Briar Forest,1226,1x1,690,1037,03/09/2025,False
11215,The Villages of Briar Forest,1226,1x1,690,1037,03/10/2025,False
11216,The Villages of Briar Forest,1226,1x1,690,1037,03/11/2025,False
11217,The Villages of Briar Forest,1226,1x1,690,1037,03/12/2025,False
11218,The Villages of Briar Forest,1226,1x1,690,1037,03/13/2025,False
11219,The Villages of Briar Forest,1226,1x1,690,1037,03/14/2025,False
11220,The Villages of Briar Forest,1226,1x1,690,1037,03/15/2025,False
11221,The Villages of Briar Forest,1226,1x1,690,1037,03/16/2025,False
11222,The Villages of Briar Forest,1226,1x1,690,1037,03/17/2025,False
11223,The Villages of Briar Forest,1226,1x1,690,1037,03/18/2025,False
11224,The Villages of Briar Forest,1226,1x1,690,1037,03/19/2025,False
11225,The Villages of Briar Forest,1226,1x1,690,1037,03/20/2025,False
11226,The Villages of Briar Forest,1226,1x1,690,1037,03/21/2025,False
11227,The Villages of Briar Forest,1226,1x1,690,1037,03/22/2025,False
11228,The Villages of Briar Forest,1226,1x1,690,1037,03/23/2025,False
11229,The Villages of Briar Forest,1226,1x1,690,1037,03/24/2025,False
11230,The Villages of Briar Forest,1226,1x1,690,1255,03/25/2025,False
11231,The Villages of Briar Forest,1226,1x1,690,1255,03/26/2025,True
11232,The Villages of Briar Forest,1228,2x1,924,1424,07/29/2023,False
11233,The Villages of Briar Forest,1228,2x1,924,1426,07/30/2023,False
11234,The Villages of Briar Forest,1228,2x1,924,1516,07/31/2023,False
11235,The Villages of Briar Forest,1228,2x1,924,1450,08/01/2023,False
11236,The Villages of Briar Forest,1228,2x1,924,1530,08/02/2023,False
11237,The Villages of Briar Forest,1228,2x1,924,1604,08/03/2023,False
11238,The Villages of Briar Forest,1228,2x1,924,1640,08/04/2023,False
11239,The Villages of Briar Forest,1228,2x1,924,1654,08/05/2023,False
11240,The Villages of Briar Forest,1228,2x1,924,1654,08/06/2023,False
11241,The Villages of Briar Forest,1228,2x1,924,1654,08/07/2023,False
11242,The Villages of Briar Forest,1228,2x1,924,1654,08/08/2023,False
11243,The Villages of Briar Forest,1228,2x1,924,1530,08/09/2023,False
11244,The Villages of Briar Forest,1228,2x1,924,1530,08/10/2023,False
11245,The Villages of Briar Forest,1228,2x1,924,1464,08/11/2023,False
11246,The Villages of Briar Forest,1228,2x1,924,1530,08/12/2023,False
11247,The Villages of Briar Forest,1228,2x1,924,1530,08/13/2023,False
11248,The Villages of Briar Forest,1228,2x1,924,1530,08/14/2023,False
11249,The Villages of Briar Forest,1228,2x1,924,1530,08/15/2023,False
11250,The Villages of Briar Forest,1228,2x1,924,1528,08/16/2023,False
11251,The Villages of Briar Forest,1228,2x1,924,1532,08/17/2023,False
11252,The Villages of Briar Forest,1228,2x1,924,1604,08/18/2023,False
11253,The Villages of Briar Forest,1228,2x1,924,1554,08/19/2023,False
11254,The Villages of Briar Forest,1228,2x1,924,1559,08/20/2023,False
11255,The Villages of Briar Forest,1228,2x1,924,1563,08/21/2023,False
11256,The Villages of Briar Forest,1228,2x1,924,1567,08/22/2023,False
11257,The Villages of Briar Forest,1228,2x1,924,1572,08/23/2023,False
11258,The Villages of Briar Forest,1228,2x1,924,1576,08/24/2023,False
11259,The Villages of Briar Forest,1228,2x1,924,1607,08/25/2023,False
11260,The Villages of Briar Forest,1228,2x1,924,1612,08/26/2023,False
11261,The Villages of Briar Forest,1228,2x1,924,1612,08/27/2023,False
11262,The Villages of Briar Forest,1228,2x1,924,1668,08/28/2023,False
11263,The Villages of Briar Forest,1228,2x1,924,1668,08/29/2023,False
11264,The Villages of Briar Forest,1228,2x1,924,1668,08/30/2023,False
11265,The Villages of Briar Forest,1228,2x1,924,1668,08/31/2023,False
11266,The Villages of Briar Forest,1228,2x1,924,1668,09/01/2023,False
11267,The Villages of Briar Forest,1228,2x1,924,1668,09/02/2023,False
11268,The Villages of Briar Forest,1228,2x1,924,1668,09/03/2023,False
11269,The Villages of Briar Forest,1228,2x1,924,1668,09/04/2023,False
11270,The Villages of Briar Forest,1228,2x1,924,1668,09/05/2023,False
11271,The Villages of Briar Forest,1228,2x1,924,1668,09/06/2023,False
11272,The Villages of Briar Forest,1228,2x1,924,1674,09/07/2023,False
11273,The Villages of Briar Forest,1228,2x1,924,1518,09/08/2023,False
11274,The Villages of Briar Forest,1228,2x1,924,1534,09/09/2023,False
11275,The Villages of Briar Forest,1228,2x1,924,1509,09/10/2023,False
11276,The Villages of Briar Forest,1228,2x1,924,1509,09/11/2023,False
11277,The Villages of Briar Forest,1228,2x1,924,1509,09/12/2023,False
11278,The Villages of Briar Forest,1228,2x1,924,1509,09/13/2023,False
11279,The Villages of Briar Forest,1228,2x1,924,1509,09/14/2023,False
11280,The Villages of Briar Forest,1228,2x1,924,1509,09/15/2023,False
11281,The Villages of Briar Forest,1228,2x1,924,1509,09/16/2023,False
11282,The Villages of Briar Forest,1228,2x1,924,1509,09/17/2023,False
11283,The Villages of Briar Forest,1228,2x1,924,1509,09/18/2023,False
11284,The Villages of Briar Forest,1228,2x1,924,1509,09/19/2023,False
11285,The Villages of Briar Forest,1228,2x1,924,1498,09/20/2023,False
11286,The Villages of Briar Forest,1228,2x1,924,1509,09/21/2023,False
11287,The Villages of Briar Forest,1228,2x1,924,1509,09/22/2023,False
11288,The Villages of Briar Forest,1228,2x1,924,1509,09/23/2023,False
11289,The Villages of Briar Forest,1228,2x1,924,1509,09/24/2023,False
11290,The Villages of Briar Forest,1228,2x1,924,1509,09/25/2023,False
11291,The Villages of Briar Forest,1228,2x1,924,1509,09/26/2023,False
11292,The Villages of Briar Forest,1228,2x1,924,1509,09/27/2023,False
11293,The Villages of Briar Forest,1228,2x1,924,1509,09/28/2023,False
11294,The Villages of Briar Forest,1228,2x1,924,1509,09/29/2023,False
11295,The Villages of Briar Forest,1228,2x1,924,1509,09/30/2023,False
11296,The Villages of Briar Forest,1228,2x1,924,1509,10/01/2023,False
11297,The Villages of Briar Forest,1228,2x1,924,1493,10/02/2023,False
11298,The Villages of Briar Forest,1228,2x1,924,1493,10/03/2023,False
11299,The Villages of Briar Forest,1228,2x1,924,1493,10/04/2023,False
11300,The Villages of Briar Forest,1228,2x1,924,1430,10/05/2023,False
11301,The Villages of Briar Forest,1228,2x1,924,1460,10/06/2023,False
11302,The Villages of Briar Forest,1228,2x1,924,1440,10/07/2023,False
11303,The Villages of Briar Forest,1228,2x1,924,1440,10/08/2023,False
11304,The Villages of Briar Forest,1228,2x1,924,1440,10/09/2023,False
11305,The Villages of Briar Forest,1228,2x1,924,1440,10/10/2023,False
11306,The Villages of Briar Forest,1228,2x1,924,1440,10/11/2023,False
11307,The Villages of Briar Forest,1228,2x1,924,1440,10/12/2023,False
11308,The Villages of Briar Forest,1228,2x1,924,1440,10/13/2023,False
11309,The Villages of Briar Forest,1228,2x1,924,1394,10/14/2023,False
11310,The Villages of Briar Forest,1228,2x1,924,1394,10/15/2023,False
11311,The Villages of Briar Forest,1228,2x1,924,1394,10/16/2023,False
11312,The Villages of Briar Forest,1228,2x1,924,1394,10/17/2023,False
11313,The Villages of Briar Forest,1228,2x1,924,1394,10/18/2023,False
11314,The Villages of Briar Forest,1228,2x1,924,1394,10/19/2023,False
11315,The Villages of Briar Forest,1228,2x1,924,1394,10/20/2023,False
11316,The Villages of Briar Forest,1228,2x1,924,1364,10/21/2023,False
11317,The Villages of Briar Forest,1228,2x1,924,1364,10/22/2023,False
11318,The Villages of Briar Forest,1228,2x1,924,1364,10/23/2023,False
11319,The Villages of Briar Forest,1228,2x1,924,1364,10/24/2023,False
11320,The Villages of Briar Forest,1228,2x1,924,1364,10/25/2023,False
11321,The Villages of Briar Forest,1228,2x1,924,1364,10/26/2023,False
11322,The Villages of Briar Forest,1228,2x1,924,1364,10/27/2023,False
11323,The Villages of Briar Forest,1228,2x1,924,1344,10/28/2023,False
11324,The Villages of Briar Forest,1228,2x1,924,1344,10/29/2023,False
11325,The Villages of Briar Forest,1228,2x1,924,1344,10/30/2023,False
11326,The Villages of Briar Forest,1228,2x1,924,1344,10/31/2023,False
11327,The Villages of Briar Forest,1228,2x1,924,1407,11/01/2023,False
11328,The Villages of Briar Forest,1228,2x1,924,1407,11/02/2023,False
11329,The Villages of Briar Forest,1228,2x1,924,1342,11/03/2023,False
11330,The Villages of Briar Forest,1228,2x1,924,1342,11/04/2023,False
11331,The Villages of Briar Forest,1228,2x1,924,1342,11/05/2023,False
11332,The Villages of Briar Forest,1228,2x1,924,1342,11/06/2023,False
11333,The Villages of Briar Forest,1228,2x1,924,1342,11/07/2023,False
11334,The Villages of Briar Forest,1228,2x1,924,1342,11/08/2023,False
11335,The Villages of Briar Forest,1228,2x1,924,1342,11/09/2023,False
11336,The Villages of Briar Forest,1228,2x1,924,1332,11/10/2023,False
11337,The Villages of Briar Forest,1228,2x1,924,1332,11/11/2023,False
11338,The Villages of Briar Forest,1228,2x1,924,1332,11/12/2023,False
11339,The Villages of Briar Forest,1228,2x1,924,1332,11/13/2023,False
11340,The Villages of Briar Forest,1228,2x1,924,1332,11/14/2023,False
11341,The Villages of Briar Forest,1228,2x1,924,1332,11/15/2023,False
11342,The Villages of Briar Forest,1228,2x1,924,1332,11/16/2023,False
11343,The Villages of Briar Forest,1228,2x1,924,1362,11/17/2023,False
11344,The Villages of Briar Forest,1228,2x1,924,1362,11/18/2023,False
11345,The Villages of Briar Forest,1228,2x1,924,1362,11/19/2023,False
11346,The Villages of Briar Forest,1228,2x1,924,1362,11/20/2023,False
11347,The Villages of Briar Forest,1228,2x1,924,1362,11/21/2023,False
11348,The Villages of Briar Forest,1228,2x1,924,1362,11/22/2023,False
11349,The Villages of Briar Forest,1228,2x1,924,1362,11/23/2023,False
11350,The Villages of Briar Forest,1228,2x1,924,1362,11/24/2023,False
11351,The Villages of Briar Forest,1228,2x1,924,1362,11/25/2023,False
11352,The Villages of Briar Forest,1228,2x1,924,1362,11/26/2023,False
11353,The Villages of Briar Forest,1228,2x1,924,1362,11/27/2023,False
11354,The Villages of Briar Forest,1228,2x1,924,1362,11/28/2023,False
11355,The Villages of Briar Forest,1228,2x1,924,1362,11/29/2023,False
11356,The Villages of Briar Forest,1228,2x1,924,1362,11/30/2023,False
11357,The Villages of Briar Forest,1228,2x1,924,1407,12/01/2023,False
11358,The Villages of Briar Forest,1228,2x1,924,1407,12/02/2023,True
11359,The Villages of Briar Forest,1228,2x1,924,1372,03/07/2024,False
11360,The Villages of Briar Forest,1228,2x1,924,1372,03/08/2024,False
11361,The Villages of Briar Forest,1228,2x1,924,1367,03/09/2024,False
11362,The Villages of Briar Forest,1228,2x1,924,1367,03/10/2024,False
11363,The Villages of Briar Forest,1228,2x1,924,1367,03/11/2024,False
11364,The Villages of Briar Forest,1228,2x1,924,1367,03/12/2024,False
11365,The Villages of Briar Forest,1228,2x1,924,1367,03/13/2024,False
11366,The Villages of Briar Forest,1228,2x1,924,1367,03/14/2024,False
11367,The Villages of Briar Forest,1228,2x1,924,1367,03/15/2024,False
11368,The Villages of Briar Forest,1228,2x1,924,1397,03/16/2024,False
11369,The Villages of Briar Forest,1228,2x1,924,1397,03/17/2024,False
11370,The Villages of Briar Forest,1228,2x1,924,1397,03/18/2024,False
11371,The Villages of Briar Forest,1228,2x1,924,1397,03/19/2024,False
11372,The Villages of Briar Forest,1228,2x1,924,1397,03/20/2024,False
11373,The Villages of Briar Forest,1228,2x1,924,1397,03/21/2024,False
11374,The Villages of Briar Forest,1228,2x1,924,1542,03/22/2024,False
11375,The Villages of Briar Forest,1228,2x1,924,1542,03/23/2024,False
11376,The Villages of Briar Forest,1228,2x1,924,1542,03/24/2024,False
11377,The Villages of Briar Forest,1228,2x1,924,1542,03/25/2024,False
11378,The Villages of Briar Forest,1228,2x1,924,1542,03/26/2024,False
11379,The Villages of Briar Forest,1228,2x1,924,1542,03/27/2024,False
11380,The Villages of Briar Forest,1228,2x1,924,1542,03/28/2024,False
11381,The Villages of Briar Forest,1228,2x1,924,1542,03/29/2024,False
11382,The Villages of Briar Forest,1228,2x1,924,1542,03/30/2024,False
11383,The Villages of Briar Forest,1228,2x1,924,1542,03/31/2024,False
11384,The Villages of Briar Forest,1228,2x1,924,1542,04/01/2024,False
11385,The Villages of Briar Forest,1228,2x1,924,1542,04/02/2024,False
11386,The Villages of Briar Forest,1228,2x1,924,1542,04/03/2024,False
11387,The Villages of Briar Forest,1228,2x1,924,1542,04/04/2024,True
11388,The Villages of Briar Forest,1311,2x2,972,1405,12/20/2023,False
11389,The Villages of Briar Forest,1311,2x2,972,1405,12/21/2023,False
11390,The Villages of Briar Forest,1311,2x2,972,1405,12/22/2023,False
11391,The Villages of Briar Forest,1311,2x2,972,1405,12/23/2023,False
11392,The Villages of Briar Forest,1311,2x2,972,1405,12/24/2023,False
11393,The Villages of Briar Forest,1311,2x2,972,1405,12/25/2023,False
11394,The Villages of Briar Forest,1311,2x2,972,1405,12/26/2023,False
11395,The Villages of Briar Forest,1311,2x2,972,1405,12/27/2023,False
11396,The Villages of Briar Forest,1311,2x2,972,1405,12/28/2023,False
11397,The Villages of Briar Forest,1311,2x2,972,1405,12/29/2023,False
11398,The Villages of Briar Forest,1311,2x2,972,1335,12/30/2023,False
11399,The Villages of Briar Forest,1311,2x2,972,1335,12/31/2023,False
11400,The Villages of Briar Forest,1311,2x2,972,1335,01/01/2024,False
11401,The Villages of Briar Forest,1311,2x2,972,1335,01/02/2024,False
11402,The Villages of Briar Forest,1311,2x2,972,1335,01/03/2024,False
11403,The Villages of Briar Forest,1311,2x2,972,1335,01/04/2024,False
11404,The Villages of Briar Forest,1311,2x2,972,1335,01/05/2024,False
11405,The Villages of Briar Forest,1311,2x2,972,1335,01/06/2024,True
11406,The Villages of Briar Forest,1314,2x2,972,1505,06/17/2023,False
11407,The Villages of Briar Forest,1314,2x2,972,1505,06/18/2023,False
11408,The Villages of Briar Forest,1314,2x2,972,1505,06/19/2023,False
11409,The Villages of Briar Forest,1314,2x2,972,1505,06/20/2023,False
11410,The Villages of Briar Forest,1314,2x2,972,1505,06/21/2023,False
11411,The Villages of Briar Forest,1314,2x2,972,1510,06/22/2023,False
11412,The Villages of Briar Forest,1314,2x2,972,1520,06/23/2023,False
11413,The Villages of Briar Forest,1314,2x2,972,1515,06/24/2023,False
11414,The Villages of Briar Forest,1314,2x2,972,1505,06/25/2023,False
11415,The Villages of Briar Forest,1314,2x2,972,1505,06/26/2023,False
11416,The Villages of Briar Forest,1314,2x2,972,1695,06/27/2023,False
11417,The Villages of Briar Forest,1314,2x2,972,1695,06/28/2023,False
11418,The Villages of Briar Forest,1314,2x2,972,1695,06/29/2023,False
11419,The Villages of Briar Forest,1314,2x2,972,1695,06/30/2023,False
11420,The Villages of Briar Forest,1314,2x2,972,1691,07/01/2023,False
11421,The Villages of Briar Forest,1314,2x2,972,1691,07/02/2023,False
11422,The Villages of Briar Forest,1314,2x2,972,1691,07/03/2023,False
11423,The Villages of Briar Forest,1314,2x2,972,1640,07/04/2023,False
11424,The Villages of Briar Forest,1314,2x2,972,1691,07/05/2023,False
11425,The Villages of Briar Forest,1314,2x2,972,1691,07/06/2023,False
11426,The Villages of Briar Forest,1314,2x2,972,1691,07/07/2023,False
11427,The Villages of Briar Forest,1314,2x2,972,1620,07/08/2023,False
11428,The Villages of Briar Forest,1314,2x2,972,1620,07/09/2023,False
11429,The Villages of Briar Forest,1314,2x2,972,1620,07/10/2023,False
11430,The Villages of Briar Forest,1314,2x2,972,1530,07/11/2023,False
11431,The Villages of Briar Forest,1314,2x2,972,1576,07/12/2023,False
11432,The Villages of Briar Forest,1314,2x2,972,1576,07/13/2023,False
11433,The Villages of Briar Forest,1314,2x2,972,1530,07/14/2023,False
11434,The Villages of Briar Forest,1314,2x2,972,1540,07/15/2023,False
11435,The Villages of Briar Forest,1314,2x2,972,1540,07/16/2023,False
11436,The Villages of Briar Forest,1314,2x2,972,1540,07/17/2023,False
11437,The Villages of Briar Forest,1314,2x2,972,1540,07/18/2023,False
11438,The Villages of Briar Forest,1314,2x2,972,1540,07/19/2023,False
11439,The Villages of Briar Forest,1314,2x2,972,1478,07/20/2023,False
11440,The Villages of Briar Forest,1314,2x2,972,1478,07/21/2023,False
11441,The Villages of Briar Forest,1314,2x2,972,1478,07/22/2023,False
11442,The Villages of Briar Forest,1314,2x2,972,1478,07/23/2023,False
11443,The Villages of Briar Forest,1314,2x2,972,1478,07/24/2023,False
11444,The Villages of Briar Forest,1314,2x2,972,1478,07/25/2023,False
11445,The Villages of Briar Forest,1314,2x2,972,1478,07/26/2023,False
11446,The Villages of Briar Forest,1314,2x2,972,1478,07/27/2023,False
11447,The Villages of Briar Forest,1314,2x2,972,1478,07/28/2023,False
11448,The Villages of Briar Forest,1314,2x2,972,1478,07/29/2023,False
11449,The Villages of Briar Forest,1314,2x2,972,1478,07/30/2023,False
11450,The Villages of Briar Forest,1314,2x2,972,1478,07/31/2023,False
11451,The Villages of Briar Forest,1314,2x2,972,1478,08/01/2023,False
11452,The Villages of Briar Forest,1314,2x2,972,1478,08/02/2023,False
11453,The Villages of Briar Forest,1314,2x2,972,1478,08/03/2023,False
11454,The Villages of Briar Forest,1314,2x2,972,1478,08/04/2023,False
11455,The Villages of Briar Forest,1314,2x2,972,1728,08/05/2023,False
11456,The Villages of Briar Forest,1314,2x2,972,1728,08/06/2023,False
11457,The Villages of Briar Forest,1314,2x2,972,1728,08/07/2023,False
11458,The Villages of Briar Forest,1314,2x2,972,1728,08/08/2023,False
11459,The Villages of Briar Forest,1314,2x2,972,1602,08/09/2023,False
11460,The Villages of Briar Forest,1314,2x2,972,1602,08/10/2023,False
11461,The Villages of Briar Forest,1314,2x2,972,1602,08/11/2023,True
11462,The Villages of Briar Forest,1314,2x2,972,1510,06/12/2024,False
11463,The Villages of Briar Forest,1314,2x2,972,1510,06/13/2024,False
11464,The Villages of Briar Forest,1314,2x2,972,1510,06/14/2024,False
11465,The Villages of Briar Forest,1314,2x2,972,1510,06/15/2024,False
11466,The Villages of Briar Forest,1314,2x2,972,1510,06/16/2024,False
11467,The Villages of Briar Forest,1314,2x2,972,1510,06/17/2024,False
11468,The Villages of Briar Forest,1314,2x2,972,1510,06/18/2024,False
11469,The Villages of Briar Forest,1314,2x2,972,1510,06/19/2024,False
11470,The Villages of Briar Forest,1314,2x2,972,1510,06/20/2024,False
11471,The Villages of Briar Forest,1314,2x2,972,1510,06/21/2024,False
11472,The Villages of Briar Forest,1314,2x2,972,1510,06/22/2024,False
11473,The Villages of Briar Forest,1314,2x2,972,1510,06/23/2024,False
11474,The Villages of Briar Forest,1314,2x2,972,1495,06/24/2024,False
11475,The Villages of Briar Forest,1314,2x2,972,1495,06/25/2024,False
11476,The Villages of Briar Forest,1314,2x2,972,1495,06/26/2024,False
11477,The Villages of Briar Forest,1314,2x2,972,1495,06/27/2024,False
11478,The Villages of Briar Forest,1314,2x2,972,1507,06/28/2024,False
11479,The Villages of Briar Forest,1314,2x2,972,1507,06/29/2024,False
11480,The Villages of Briar Forest,1314,2x2,972,1507,06/30/2024,False
11481,The Villages of Briar Forest,1314,2x2,972,1507,07/01/2024,False
11482,The Villages of Briar Forest,1314,2x2,972,1460,07/02/2024,False
11483,The Villages of Briar Forest,1314,2x2,972,1460,07/03/2024,False
11484,The Villages of Briar Forest,1314,2x2,972,1460,07/04/2024,False
11485,The Villages of Briar Forest,1314,2x2,972,1455,07/05/2024,False
11486,The Villages of Briar Forest,1314,2x2,972,1455,07/06/2024,False
11487,The Villages of Briar Forest,1314,2x2,972,1455,07/07/2024,False
11488,The Villages of Briar Forest,1314,2x2,972,1460,07/08/2024,False
11489,The Villages of Briar Forest,1314,2x2,972,1460,07/09/2024,False
11490,The Villages of Briar Forest,1314,2x2,972,1460,07/10/2024,False
11491,The Villages of Briar Forest,1314,2x2,972,1460,07/11/2024,False
11492,The Villages of Briar Forest,1314,2x2,972,1460,07/12/2024,False
11493,The Villages of Briar Forest,1314,2x2,972,1460,07/13/2024,False
11494,The Villages of Briar Forest,1314,2x2,972,1460,07/14/2024,False
11495,The Villages of Briar Forest,1314,2x2,972,1460,07/15/2024,False
11496,The Villages of Briar Forest,1314,2x2,972,1460,07/16/2024,False
11497,The Villages of Briar Forest,1314,2x2,972,1460,07/17/2024,False
11498,The Villages of Briar Forest,1314,2x2,972,1460,07/18/2024,False
11499,The Villages of Briar Forest,1314,2x2,972,1460,07/19/2024,False
11500,The Villages of Briar Forest,1314,2x2,972,1460,07/20/2024,False
11501,The Villages of Briar Forest,1314,2x2,972,1460,07/21/2024,False
11502,The Villages of Briar Forest,1314,2x2,972,1460,07/22/2024,False
11503,The Villages of Briar Forest,1314,2x2,972,1460,07/23/2024,False
11504,The Villages of Briar Forest,1314,2x2,972,1398,07/24/2024,False
11505,The Villages of Briar Forest,1314,2x2,972,1398,07/25/2024,False
11506,The Villages of Briar Forest,1314,2x2,972,1398,07/26/2024,False
11507,The Villages of Briar Forest,1314,2x2,972,1398,07/27/2024,False
11508,The Villages of Briar Forest,1314,2x2,972,1398,07/28/2024,False
11509,The Villages of Briar Forest,1314,2x2,972,1398,07/29/2024,False
11510,The Villages of Briar Forest,1314,2x2,972,1398,07/30/2024,False
11511,The Villages of Briar Forest,1314,2x2,972,1398,07/31/2024,False
11512,The Villages of Briar Forest,1314,2x2,972,1398,08/01/2024,False
11513,The Villages of Briar Forest,1314,2x2,972,1398,08/02/2024,False
11514,The Villages of Briar Forest,1314,2x2,972,1445,08/03/2024,False
11515,The Villages of Briar Forest,1314,2x2,972,1445,08/04/2024,False
11516,The Villages of Briar Forest,1314,2x2,972,1445,08/05/2024,False
11517,The Villages of Briar Forest,1314,2x2,972,1445,08/06/2024,False
11518,The Villages of Briar Forest,1314,2x2,972,1445,08/07/2024,False
11519,The Villages of Briar Forest,1314,2x2,972,1445,08/08/2024,False
11520,The Villages of Briar Forest,1314,2x2,972,1445,08/09/2024,False
11521,The Villages of Briar Forest,1314,2x2,972,1445,08/10/2024,False
11522,The Villages of Briar Forest,1314,2x2,972,1445,08/11/2024,False
11523,The Villages of Briar Forest,1314,2x2,972,1445,08/12/2024,False
11524,The Villages of Briar Forest,1314,2x2,972,1445,08/13/2024,False
11525,The Villages of Briar Forest,1314,2x2,972,1445,08/14/2024,False
11526,The Villages of Briar Forest,1314,2x2,972,1445,08/15/2024,False
11527,The Villages of Briar Forest,1314,2x2,972,1520,08/16/2024,False
11528,The Villages of Briar Forest,1314,2x2,972,1520,08/17/2024,False
11529,The Villages of Briar Forest,1314,2x2,972,1520,08/18/2024,False
11530,The Villages of Briar Forest,1314,2x2,972,1520,08/19/2024,False
11531,The Villages of Briar Forest,1314,2x2,972,1520,08/20/2024,False
11532,The Villages of Briar Forest,1314,2x2,972,1520,08/21/2024,False
11533,The Villages of Briar Forest,1314,2x2,972,1520,08/22/2024,False
11534,The Villages of Briar Forest,1314,2x2,972,1520,08/23/2024,False
11535,The Villages of Briar Forest,1314,2x2,972,1520,08/24/2024,False
11536,The Villages of Briar Forest,1314,2x2,972,1520,08/25/2024,False
11537,The Villages of Briar Forest,1314,2x2,972,1520,08/26/2024,False
11538,The Villages of Briar Forest,1314,2x2,972,1520,08/27/2024,False
11539,The Villages of Briar Forest,1314,2x2,972,1485,08/28/2024,False
11540,The Villages of Briar Forest,1314,2x2,972,1485,08/29/2024,True
11541,The Villages of Briar Forest,1315,2x2,972,1500,05/16/2024,False
11542,The Villages of Briar Forest,1315,2x2,972,1500,05/17/2024,False
11543,The Villages of Briar Forest,1315,2x2,972,1500,05/18/2024,False
11544,The Villages of Briar Forest,1315,2x2,972,1500,05/19/2024,False
11545,The Villages of Briar Forest,1315,2x2,972,1500,05/20/2024,False
11546,The Villages of Briar Forest,1315,2x2,972,1500,05/21/2024,False
11547,The Villages of Briar Forest,1315,2x2,972,1500,05/22/2024,False
11548,The Villages of Briar Forest,1315,2x2,972,1500,05/23/2024,False
11549,The Villages of Briar Forest,1315,2x2,972,1510,05/24/2024,False
11550,The Villages of Briar Forest,1315,2x2,972,1551,05/25/2024,False
11551,The Villages of Briar Forest,1315,2x2,972,1551,05/26/2024,False
11552,The Villages of Briar Forest,1315,2x2,972,1551,05/27/2024,False
11553,The Villages of Briar Forest,1315,2x2,972,1551,05/28/2024,False
11554,The Villages of Briar Forest,1315,2x2,972,1505,05/29/2024,False
11555,The Villages of Briar Forest,1315,2x2,972,1546,05/30/2024,False
11556,The Villages of Briar Forest,1315,2x2,972,1505,05/31/2024,False
11557,The Villages of Briar Forest,1315,2x2,972,1505,06/01/2024,False
11558,The Villages of Briar Forest,1315,2x2,972,1505,06/02/2024,False
11559,The Villages of Briar Forest,1315,2x2,972,1505,06/03/2024,False
11560,The Villages of Briar Forest,1315,2x2,972,1513,06/04/2024,False
11561,The Villages of Briar Forest,1315,2x2,972,1505,06/05/2024,False
11562,The Villages of Briar Forest,1315,2x2,972,1505,06/06/2024,False
11563,The Villages of Briar Forest,1315,2x2,972,1505,06/07/2024,False
11564,The Villages of Briar Forest,1315,2x2,972,1546,06/08/2024,False
11565,The Villages of Briar Forest,1315,2x2,972,1546,06/09/2024,False
11566,The Villages of Briar Forest,1315,2x2,972,1546,06/10/2024,False
11567,The Villages of Briar Forest,1315,2x2,972,1546,06/11/2024,False
11568,The Villages of Briar Forest,1315,2x2,972,1546,06/12/2024,False
11569,The Villages of Briar Forest,1315,2x2,972,1546,06/13/2024,False
11570,The Villages of Briar Forest,1315,2x2,972,1546,06/14/2024,False
11571,The Villages of Briar Forest,1315,2x2,972,1546,06/15/2024,False
11572,The Villages of Briar Forest,1315,2x2,972,1546,06/16/2024,False
11573,The Villages of Briar Forest,1315,2x2,972,1546,06/17/2024,False
11574,The Villages of Briar Forest,1315,2x2,972,1546,06/18/2024,False
11575,The Villages of Briar Forest,1315,2x2,972,1546,06/19/2024,False
11576,The Villages of Briar Forest,1315,2x2,972,1546,06/20/2024,False
11577,The Villages of Briar Forest,1315,2x2,972,1546,06/21/2024,False
11578,The Villages of Briar Forest,1315,2x2,972,1546,06/22/2024,False
11579,The Villages of Briar Forest,1315,2x2,972,1546,06/23/2024,False
11580,The Villages of Briar Forest,1315,2x2,972,1526,06/24/2024,False
11581,The Villages of Briar Forest,1315,2x2,972,1526,06/25/2024,False
11582,The Villages of Briar Forest,1315,2x2,972,1526,06/26/2024,False
11583,The Villages of Briar Forest,1315,2x2,972,1526,06/27/2024,False
11584,The Villages of Briar Forest,1315,2x2,972,1473,06/28/2024,False
11585,The Villages of Briar Forest,1315,2x2,972,1473,06/29/2024,False
11586,The Villages of Briar Forest,1315,2x2,972,1473,06/30/2024,False
11587,The Villages of Briar Forest,1315,2x2,972,1473,07/01/2024,False
11588,The Villages of Briar Forest,1315,2x2,972,1427,07/02/2024,False
11589,The Villages of Briar Forest,1315,2x2,972,1427,07/03/2024,False
11590,The Villages of Briar Forest,1315,2x2,972,1427,07/04/2024,False
11591,The Villages of Briar Forest,1315,2x2,972,1422,07/05/2024,False
11592,The Villages of Briar Forest,1315,2x2,972,1422,07/06/2024,False
11593,The Villages of Briar Forest,1315,2x2,972,1422,07/07/2024,False
11594,The Villages of Briar Forest,1315,2x2,972,1422,07/08/2024,False
11595,The Villages of Briar Forest,1315,2x2,972,1422,07/09/2024,False
11596,The Villages of Briar Forest,1315,2x2,972,1422,07/10/2024,False
11597,The Villages of Briar Forest,1315,2x2,972,1422,07/11/2024,False
11598,The Villages of Briar Forest,1315,2x2,972,1422,07/12/2024,False
11599,The Villages of Briar Forest,1315,2x2,972,1422,07/13/2024,False
11600,The Villages of Briar Forest,1315,2x2,972,1422,07/14/2024,False
11601,The Villages of Briar Forest,1315,2x2,972,1422,07/15/2024,False
11602,The Villages of Briar Forest,1315,2x2,972,1422,07/16/2024,False
11603,The Villages of Briar Forest,1315,2x2,972,1422,07/17/2024,False
11604,The Villages of Briar Forest,1315,2x2,972,1422,07/18/2024,False
11605,The Villages of Briar Forest,1315,2x2,972,1422,07/19/2024,False
11606,The Villages of Briar Forest,1315,2x2,972,1422,07/20/2024,False
11607,The Villages of Briar Forest,1315,2x2,972,1422,07/21/2024,False
11608,The Villages of Briar Forest,1315,2x2,972,1422,07/22/2024,False
11609,The Villages of Briar Forest,1315,2x2,972,1422,07/23/2024,False
11610,The Villages of Briar Forest,1315,2x2,972,1422,07/24/2024,False
11611,The Villages of Briar Forest,1315,2x2,972,1422,07/25/2024,False
11612,The Villages of Briar Forest,1315,2x2,972,1422,07/26/2024,False
11613,The Villages of Briar Forest,1315,2x2,972,1422,07/27/2024,False
11614,The Villages of Briar Forest,1315,2x2,972,1422,07/28/2024,False
11615,The Villages of Briar Forest,1315,2x2,972,1422,07/29/2024,False
11616,The Villages of Briar Forest,1315,2x2,972,1422,07/30/2024,False
11617,The Villages of Briar Forest,1315,2x2,972,1422,07/31/2024,False
11618,The Villages of Briar Forest,1315,2x2,972,1368,08/01/2024,False
11619,The Villages of Briar Forest,1315,2x2,972,1368,08/02/2024,True
11620,The Villages of Briar Forest,1317,2x2,972,1685,07/04/2023,False
11621,The Villages of Briar Forest,1317,2x2,972,1685,07/05/2023,False
11622,The Villages of Briar Forest,1317,2x2,972,1685,07/06/2023,False
11623,The Villages of Briar Forest,1317,2x2,972,1685,07/07/2023,False
11624,The Villages of Briar Forest,1317,2x2,972,1660,07/08/2023,False
11625,The Villages of Briar Forest,1317,2x2,972,1660,07/09/2023,False
11626,The Villages of Briar Forest,1317,2x2,972,1660,07/10/2023,False
11627,The Villages of Briar Forest,1317,2x2,972,1570,07/11/2023,False
11628,The Villages of Briar Forest,1317,2x2,972,1570,07/12/2023,False
11629,The Villages of Briar Forest,1317,2x2,972,1570,07/13/2023,False
11630,The Villages of Briar Forest,1317,2x2,972,1570,07/14/2023,False
11631,The Villages of Briar Forest,1317,2x2,972,1580,07/15/2023,False
11632,The Villages of Briar Forest,1317,2x2,972,1580,07/16/2023,False
11633,The Villages of Briar Forest,1317,2x2,972,1517,07/17/2023,False
11634,The Villages of Briar Forest,1317,2x2,972,1487,07/18/2023,False
11635,The Villages of Briar Forest,1317,2x2,972,1487,07/19/2023,False
11636,The Villages of Briar Forest,1317,2x2,972,1492,07/20/2023,False
11637,The Villages of Briar Forest,1317,2x2,972,1492,07/21/2023,True
11638,The Villages of Briar Forest,1317,2x2,972,1450,07/18/2024,False
11639,The Villages of Briar Forest,1317,2x2,972,1450,07/19/2024,False
11640,The Villages of Briar Forest,1317,2x2,972,1450,07/20/2024,False
11641,The Villages of Briar Forest,1317,2x2,972,1450,07/21/2024,False
11642,The Villages of Briar Forest,1317,2x2,972,1450,07/22/2024,False
11643,The Villages of Briar Forest,1317,2x2,972,1450,07/23/2024,False
11644,The Villages of Briar Forest,1317,2x2,972,1450,07/24/2024,False
11645,The Villages of Briar Forest,1317,2x2,972,1450,07/25/2024,False
11646,The Villages of Briar Forest,1317,2x2,972,1450,07/26/2024,False
11647,The Villages of Briar Forest,1317,2x2,972,1450,07/27/2024,False
11648,The Villages of Briar Forest,1317,2x2,972,1450,07/28/2024,False
11649,The Villages of Briar Forest,1317,2x2,972,1450,07/29/2024,True
11650,The Villages of Briar Forest,1318,2x2,972,1525,06/17/2023,False
11651,The Villages of Briar Forest,1318,2x2,972,1525,06/18/2023,False
11652,The Villages of Briar Forest,1318,2x2,972,1525,06/19/2023,False
11653,The Villages of Briar Forest,1318,2x2,972,1525,06/20/2023,False
11654,The Villages of Briar Forest,1318,2x2,972,1525,06/21/2023,False
11655,The Villages of Briar Forest,1318,2x2,972,1525,06/22/2023,False
11656,The Villages of Briar Forest,1318,2x2,972,1525,06/23/2023,False
11657,The Villages of Briar Forest,1318,2x2,972,1525,06/24/2023,False
11658,The Villages of Briar Forest,1318,2x2,972,1525,06/25/2023,False
11659,The Villages of Briar Forest,1318,2x2,972,1525,06/26/2023,False
11660,The Villages of Briar Forest,1318,2x2,972,1715,06/27/2023,False
11661,The Villages of Briar Forest,1318,2x2,972,1715,06/28/2023,False
11662,The Villages of Briar Forest,1318,2x2,972,1715,06/29/2023,False
11663,The Villages of Briar Forest,1318,2x2,972,1715,06/30/2023,False
11664,The Villages of Briar Forest,1318,2x2,972,1715,07/01/2023,False
11665,The Villages of Briar Forest,1318,2x2,972,1715,07/02/2023,False
11666,The Villages of Briar Forest,1318,2x2,972,1715,07/03/2023,False
11667,The Villages of Briar Forest,1318,2x2,972,1715,07/04/2023,False
11668,The Villages of Briar Forest,1318,2x2,972,1715,07/05/2023,False
11669,The Villages of Briar Forest,1318,2x2,972,1715,07/06/2023,False
11670,The Villages of Briar Forest,1318,2x2,972,1715,07/07/2023,False
11671,The Villages of Briar Forest,1318,2x2,972,1690,07/08/2023,False
11672,The Villages of Briar Forest,1318,2x2,972,1690,07/09/2023,False
11673,The Villages of Briar Forest,1318,2x2,972,1690,07/10/2023,False
11674,The Villages of Briar Forest,1318,2x2,972,1600,07/11/2023,False
11675,The Villages of Briar Forest,1318,2x2,972,1600,07/12/2023,False
11676,The Villages of Briar Forest,1318,2x2,972,1600,07/13/2023,False
11677,The Villages of Briar Forest,1318,2x2,972,1600,07/14/2023,False
11678,The Villages of Briar Forest,1318,2x2,972,1610,07/15/2023,False
11679,The Villages of Briar Forest,1318,2x2,972,1610,07/16/2023,False
11680,The Villages of Briar Forest,1318,2x2,972,1547,07/17/2023,False
11681,The Villages of Briar Forest,1318,2x2,972,1517,07/18/2023,False
11682,The Villages of Briar Forest,1318,2x2,972,1517,07/19/2023,False
11683,The Villages of Briar Forest,1318,2x2,972,1522,07/20/2023,False
11684,The Villages of Briar Forest,1318,2x2,972,1522,07/21/2023,False
11685,The Villages of Briar Forest,1318,2x2,972,1562,07/22/2023,False
11686,The Villages of Briar Forest,1318,2x2,972,1494,07/23/2023,False
11687,The Villages of Briar Forest,1318,2x2,972,1494,07/24/2023,False
11688,The Villages of Briar Forest,1318,2x2,972,1494,07/25/2023,False
11689,The Villages of Briar Forest,1318,2x2,972,1520,07/26/2023,False
11690,The Villages of Briar Forest,1318,2x2,972,1520,07/27/2023,False
11691,The Villages of Briar Forest,1318,2x2,972,1520,07/28/2023,False
11692,The Villages of Briar Forest,1318,2x2,972,1520,07/29/2023,False
11693,The Villages of Briar Forest,1318,2x2,972,1520,07/30/2023,False
11694,The Villages of Briar Forest,1318,2x2,972,1520,07/31/2023,False
11695,The Villages of Briar Forest,1318,2x2,972,1520,08/01/2023,False
11696,The Villages of Briar Forest,1318,2x2,972,1520,08/02/2023,False
11697,The Villages of Briar Forest,1318,2x2,972,1520,08/03/2023,False
11698,The Villages of Briar Forest,1318,2x2,972,1520,08/04/2023,False
11699,The Villages of Briar Forest,1318,2x2,972,1748,08/05/2023,False
11700,The Villages of Briar Forest,1318,2x2,972,1748,08/06/2023,False
11701,The Villages of Briar Forest,1318,2x2,972,1748,08/07/2023,False
11702,The Villages of Briar Forest,1318,2x2,972,1748,08/08/2023,False
11703,The Villages of Briar Forest,1318,2x2,972,1622,08/09/2023,False
11704,The Villages of Briar Forest,1318,2x2,972,1622,08/10/2023,False
11705,The Villages of Briar Forest,1318,2x2,972,1558,08/11/2023,False
11706,The Villages of Briar Forest,1318,2x2,972,1624,08/12/2023,False
11707,The Villages of Briar Forest,1318,2x2,972,1624,08/13/2023,True
11708,The Villages of Briar Forest,1318,2x2,972,1600,05/06/2024,False
11709,The Villages of Briar Forest,1318,2x2,972,1600,05/07/2024,False
11710,The Villages of Briar Forest,1318,2x2,972,1600,05/08/2024,False
11711,The Villages of Briar Forest,1318,2x2,972,1600,05/09/2024,False
11712,The Villages of Briar Forest,1318,2x2,972,1580,05/10/2024,False
11713,The Villages of Briar Forest,1318,2x2,972,1550,05/11/2024,False
11714,The Villages of Briar Forest,1318,2x2,972,1550,05/12/2024,False
11715,The Villages of Briar Forest,1318,2x2,972,1550,05/13/2024,False
11716,The Villages of Briar Forest,1318,2x2,972,1550,05/14/2024,False
11717,The Villages of Briar Forest,1318,2x2,972,1550,05/15/2024,False
11718,The Villages of Briar Forest,1318,2x2,972,1550,05/16/2024,False
11719,The Villages of Briar Forest,1318,2x2,972,1550,05/17/2024,False
11720,The Villages of Briar Forest,1318,2x2,972,1550,05/18/2024,False
11721,The Villages of Briar Forest,1318,2x2,972,1550,05/19/2024,False
11722,The Villages of Briar Forest,1318,2x2,972,1550,05/20/2024,False
11723,The Villages of Briar Forest,1318,2x2,972,1550,05/21/2024,False
11724,The Villages of Briar Forest,1318,2x2,972,1550,05/22/2024,False
11725,The Villages of Briar Forest,1318,2x2,972,1550,05/23/2024,False
11726,The Villages of Briar Forest,1318,2x2,972,1560,05/24/2024,False
11727,The Villages of Briar Forest,1318,2x2,972,1601,05/25/2024,False
11728,The Villages of Briar Forest,1318,2x2,972,1601,05/26/2024,False
11729,The Villages of Briar Forest,1318,2x2,972,1601,05/27/2024,False
11730,The Villages of Briar Forest,1318,2x2,972,1601,05/28/2024,False
11731,The Villages of Briar Forest,1318,2x2,972,1555,05/29/2024,False
11732,The Villages of Briar Forest,1318,2x2,972,1596,05/30/2024,False
11733,The Villages of Briar Forest,1318,2x2,972,1555,05/31/2024,False
11734,The Villages of Briar Forest,1318,2x2,972,1555,06/01/2024,False
11735,The Villages of Briar Forest,1318,2x2,972,1555,06/02/2024,False
11736,The Villages of Briar Forest,1318,2x2,972,1555,06/03/2024,False
11737,The Villages of Briar Forest,1318,2x2,972,1563,06/04/2024,False
11738,The Villages of Briar Forest,1318,2x2,972,1555,06/05/2024,False
11739,The Villages of Briar Forest,1318,2x2,972,1555,06/06/2024,False
11740,The Villages of Briar Forest,1318,2x2,972,1555,06/07/2024,False
11741,The Villages of Briar Forest,1318,2x2,972,1596,06/08/2024,False
11742,The Villages of Briar Forest,1318,2x2,972,1596,06/09/2024,False
11743,The Villages of Briar Forest,1318,2x2,972,1596,06/10/2024,False
11744,The Villages of Briar Forest,1318,2x2,972,1596,06/11/2024,False
11745,The Villages of Briar Forest,1318,2x2,972,1596,06/12/2024,False
11746,The Villages of Briar Forest,1318,2x2,972,1596,06/13/2024,False
11747,The Villages of Briar Forest,1318,2x2,972,1596,06/14/2024,False
11748,The Villages of Briar Forest,1318,2x2,972,1596,06/15/2024,False
11749,The Villages of Briar Forest,1318,2x2,972,1596,06/16/2024,False
11750,The Villages of Briar Forest,1318,2x2,972,1596,06/17/2024,False
11751,The Villages of Briar Forest,1318,2x2,972,1596,06/18/2024,False
11752,The Villages of Briar Forest,1318,2x2,972,1596,06/19/2024,False
11753,The Villages of Briar Forest,1318,2x2,972,1596,06/20/2024,False
11754,The Villages of Briar Forest,1318,2x2,972,1596,06/21/2024,False
11755,The Villages of Briar Forest,1318,2x2,972,1596,06/22/2024,False
11756,The Villages of Briar Forest,1318,2x2,972,1596,06/23/2024,False
11757,The Villages of Briar Forest,1318,2x2,972,1576,06/24/2024,False
11758,The Villages of Briar Forest,1318,2x2,972,1576,06/25/2024,False
11759,The Villages of Briar Forest,1318,2x2,972,1576,06/26/2024,False
11760,The Villages of Briar Forest,1318,2x2,972,1576,06/27/2024,False
11761,The Villages of Briar Forest,1318,2x2,972,1523,06/28/2024,False
11762,The Villages of Briar Forest,1318,2x2,972,1523,06/29/2024,False
11763,The Villages of Briar Forest,1318,2x2,972,1523,06/30/2024,False
11764,The Villages of Briar Forest,1318,2x2,972,1523,07/01/2024,False
11765,The Villages of Briar Forest,1318,2x2,972,1477,07/02/2024,False
11766,The Villages of Briar Forest,1318,2x2,972,1477,07/03/2024,False
11767,The Villages of Briar Forest,1318,2x2,972,1477,07/04/2024,False
11768,The Villages of Briar Forest,1318,2x2,972,1472,07/05/2024,False
11769,The Villages of Briar Forest,1318,2x2,972,1472,07/06/2024,False
11770,The Villages of Briar Forest,1318,2x2,972,1472,07/07/2024,False
11771,The Villages of Briar Forest,1318,2x2,972,1472,07/08/2024,False
11772,The Villages of Briar Forest,1318,2x2,972,1472,07/09/2024,False
11773,The Villages of Briar Forest,1318,2x2,972,1472,07/10/2024,False
11774,The Villages of Briar Forest,1318,2x2,972,1472,07/11/2024,False
11775,The Villages of Briar Forest,1318,2x2,972,1472,07/12/2024,False
11776,The Villages of Briar Forest,1318,2x2,972,1472,07/13/2024,False
11777,The Villages of Briar Forest,1318,2x2,972,1472,07/14/2024,False
11778,The Villages of Briar Forest,1318,2x2,972,1472,07/15/2024,False
11779,The Villages of Briar Forest,1318,2x2,972,1472,07/16/2024,False
11780,The Villages of Briar Forest,1318,2x2,972,1472,07/17/2024,False
11781,The Villages of Briar Forest,1318,2x2,972,1472,07/18/2024,False
11782,The Villages of Briar Forest,1318,2x2,972,1472,07/19/2024,False
11783,The Villages of Briar Forest,1318,2x2,972,1472,07/20/2024,False
11784,The Villages of Briar Forest,1318,2x2,972,1472,07/21/2024,False
11785,The Villages of Briar Forest,1318,2x2,972,1472,07/22/2024,False
11786,The Villages of Briar Forest,1318,2x2,972,1418,07/23/2024,False
11787,The Villages of Briar Forest,1318,2x2,972,1418,07/24/2024,False
11788,The Villages of Briar Forest,1318,2x2,972,1418,07/25/2024,False
11789,The Villages of Briar Forest,1318,2x2,972,1418,07/26/2024,False
11790,The Villages of Briar Forest,1318,2x2,972,1418,07/27/2024,True
11791,The Villages of Briar Forest,1321,2x2,972,1541,07/01/2023,False
11792,The Villages of Briar Forest,1321,2x2,972,1541,07/02/2023,False
11793,The Villages of Briar Forest,1321,2x2,972,1541,07/03/2023,False
11794,The Villages of Briar Forest,1321,2x2,972,1541,07/04/2023,False
11795,The Villages of Briar Forest,1321,2x2,972,1541,07/05/2023,False
11796,The Villages of Briar Forest,1321,2x2,972,1541,07/06/2023,False
11797,The Villages of Briar Forest,1321,2x2,972,1541,07/07/2023,False
11798,The Villages of Briar Forest,1321,2x2,972,1541,07/08/2023,False
11799,The Villages of Briar Forest,1321,2x2,972,1541,07/09/2023,False
11800,The Villages of Briar Forest,1321,2x2,972,1541,07/10/2023,False
11801,The Villages of Briar Forest,1321,2x2,972,1426,07/11/2023,False
11802,The Villages of Briar Forest,1321,2x2,972,1426,07/12/2023,True
11803,The Villages of Briar Forest,1321,2x2,972,1431,05/28/2024,False
11804,The Villages of Briar Forest,1321,2x2,972,1385,05/29/2024,False
11805,The Villages of Briar Forest,1321,2x2,972,1426,05/30/2024,False
11806,The Villages of Briar Forest,1321,2x2,972,1385,05/31/2024,False
11807,The Villages of Briar Forest,1321,2x2,972,1385,06/01/2024,False
11808,The Villages of Briar Forest,1321,2x2,972,1385,06/02/2024,False
11809,The Villages of Briar Forest,1321,2x2,972,1385,06/03/2024,False
11810,The Villages of Briar Forest,1321,2x2,972,1393,06/04/2024,False
11811,The Villages of Briar Forest,1321,2x2,972,1385,06/05/2024,False
11812,The Villages of Briar Forest,1321,2x2,972,1376,06/06/2024,False
11813,The Villages of Briar Forest,1321,2x2,972,1376,06/07/2024,False
11814,The Villages of Briar Forest,1321,2x2,972,1425,06/08/2024,False
11815,The Villages of Briar Forest,1321,2x2,972,1425,06/09/2024,False
11816,The Villages of Briar Forest,1321,2x2,972,1425,06/10/2024,False
11817,The Villages of Briar Forest,1321,2x2,972,1425,06/11/2024,False
11818,The Villages of Briar Forest,1321,2x2,972,1425,06/12/2024,False
11819,The Villages of Briar Forest,1321,2x2,972,1425,06/13/2024,False
11820,The Villages of Briar Forest,1321,2x2,972,1425,06/14/2024,False
11821,The Villages of Briar Forest,1321,2x2,972,1425,06/15/2024,False
11822,The Villages of Briar Forest,1321,2x2,972,1425,06/16/2024,False
11823,The Villages of Briar Forest,1321,2x2,972,1425,06/17/2024,False
11824,The Villages of Briar Forest,1321,2x2,972,1425,06/18/2024,False
11825,The Villages of Briar Forest,1321,2x2,972,1425,06/19/2024,False
11826,The Villages of Briar Forest,1321,2x2,972,1425,06/20/2024,False
11827,The Villages of Briar Forest,1321,2x2,972,1425,06/21/2024,False
11828,The Villages of Briar Forest,1321,2x2,972,1425,06/22/2024,False
11829,The Villages of Briar Forest,1321,2x2,972,1425,06/23/2024,False
11830,The Villages of Briar Forest,1321,2x2,972,1405,06/24/2024,False
11831,The Villages of Briar Forest,1321,2x2,972,1405,06/25/2024,False
11832,The Villages of Briar Forest,1321,2x2,972,1405,06/26/2024,False
11833,The Villages of Briar Forest,1321,2x2,972,1405,06/27/2024,False
11834,The Villages of Briar Forest,1321,2x2,972,1354,06/28/2024,False
11835,The Villages of Briar Forest,1321,2x2,972,1354,06/29/2024,False
11836,The Villages of Briar Forest,1321,2x2,972,1354,06/30/2024,False
11837,The Villages of Briar Forest,1321,2x2,972,1353,07/01/2024,False
11838,The Villages of Briar Forest,1321,2x2,972,1307,07/02/2024,False
11839,The Villages of Briar Forest,1321,2x2,972,1307,07/03/2024,False
11840,The Villages of Briar Forest,1321,2x2,972,1307,07/04/2024,False
11841,The Villages of Briar Forest,1321,2x2,972,1302,07/05/2024,False
11842,The Villages of Briar Forest,1321,2x2,972,1302,07/06/2024,False
11843,The Villages of Briar Forest,1321,2x2,972,1302,07/07/2024,False
11844,The Villages of Briar Forest,1321,2x2,972,1302,07/08/2024,False
11845,The Villages of Briar Forest,1321,2x2,972,1302,07/09/2024,False
11846,The Villages of Briar Forest,1321,2x2,972,1302,07/10/2024,False
11847,The Villages of Briar Forest,1321,2x2,972,1302,07/11/2024,False
11848,The Villages of Briar Forest,1321,2x2,972,1302,07/12/2024,False
11849,The Villages of Briar Forest,1321,2x2,972,1302,07/13/2024,False
11850,The Villages of Briar Forest,1321,2x2,972,1302,07/14/2024,False
11851,The Villages of Briar Forest,1321,2x2,972,1302,07/15/2024,False
11852,The Villages of Briar Forest,1321,2x2,972,1302,07/16/2024,False
11853,The Villages of Briar Forest,1321,2x2,972,1302,07/17/2024,False
11854,The Villages of Briar Forest,1321,2x2,972,1302,07/18/2024,False
11855,The Villages of Briar Forest,1321,2x2,972,1302,07/19/2024,False
11856,The Villages of Briar Forest,1321,2x2,972,1302,07/20/2024,False
11857,The Villages of Briar Forest,1321,2x2,972,1302,07/21/2024,False
11858,The Villages of Briar Forest,1321,2x2,972,1302,07/22/2024,False
11859,The Villages of Briar Forest,1321,2x2,972,1302,07/23/2024,False
11860,The Villages of Briar Forest,1321,2x2,972,1302,07/24/2024,True
11861,The Villages of Briar Forest,1324,2x2,972,1510,10/15/2023,False
11862,The Villages of Briar Forest,1324,2x2,972,1510,10/16/2023,False
11863,The Villages of Briar Forest,1324,2x2,972,1510,10/17/2023,False
11864,The Villages of Briar Forest,1324,2x2,972,1510,10/18/2023,False
11865,The Villages of Briar Forest,1324,2x2,972,1510,10/19/2023,False
11866,The Villages of Briar Forest,1324,2x2,972,1510,10/20/2023,False
11867,The Villages of Briar Forest,1324,2x2,972,1480,10/21/2023,False
11868,The Villages of Briar Forest,1324,2x2,972,1480,10/22/2023,False
11869,The Villages of Briar Forest,1324,2x2,972,1480,10/23/2023,False
11870,The Villages of Briar Forest,1324,2x2,972,1480,10/24/2023,False
11871,The Villages of Briar Forest,1324,2x2,972,1480,10/25/2023,False
11872,The Villages of Briar Forest,1324,2x2,972,1480,10/26/2023,False
11873,The Villages of Briar Forest,1324,2x2,972,1480,10/27/2023,False
11874,The Villages of Briar Forest,1324,2x2,972,1480,10/28/2023,False
11875,The Villages of Briar Forest,1324,2x2,972,1480,10/29/2023,False
11876,The Villages of Briar Forest,1324,2x2,972,1480,10/30/2023,False
11877,The Villages of Briar Forest,1324,2x2,972,1480,10/31/2023,False
11878,The Villages of Briar Forest,1324,2x2,972,1480,11/01/2023,False
11879,The Villages of Briar Forest,1324,2x2,972,1480,11/02/2023,False
11880,The Villages of Briar Forest,1324,2x2,972,1480,11/03/2023,False
11881,The Villages of Briar Forest,1324,2x2,972,1480,11/04/2023,False
11882,The Villages of Briar Forest,1324,2x2,972,1480,11/05/2023,False
11883,The Villages of Briar Forest,1324,2x2,972,1480,11/06/2023,False
11884,The Villages of Briar Forest,1324,2x2,972,1395,11/07/2023,False
11885,The Villages of Briar Forest,1324,2x2,972,1395,11/08/2023,False
11886,The Villages of Briar Forest,1324,2x2,972,1395,11/09/2023,False
11887,The Villages of Briar Forest,1324,2x2,972,1385,11/10/2023,False
11888,The Villages of Briar Forest,1324,2x2,972,1385,11/11/2023,False
11889,The Villages of Briar Forest,1324,2x2,972,1385,11/12/2023,False
11890,The Villages of Briar Forest,1324,2x2,972,1385,11/13/2023,False
11891,The Villages of Briar Forest,1324,2x2,972,1385,11/14/2023,False
11892,The Villages of Briar Forest,1324,2x2,972,1385,11/15/2023,False
11893,The Villages of Briar Forest,1324,2x2,972,1385,11/16/2023,False
11894,The Villages of Briar Forest,1324,2x2,972,1415,11/17/2023,False
11895,The Villages of Briar Forest,1324,2x2,972,1415,11/18/2023,True
11896,The Villages of Briar Forest,1324,2x2,972,1445,10/03/2024,False
11897,The Villages of Briar Forest,1324,2x2,972,1445,10/04/2024,False
11898,The Villages of Briar Forest,1324,2x2,972,1440,10/05/2024,False
11899,The Villages of Briar Forest,1324,2x2,972,1450,10/06/2024,False
11900,The Villages of Briar Forest,1324,2x2,972,1445,10/07/2024,False
11901,The Villages of Briar Forest,1324,2x2,972,1450,10/08/2024,False
11902,The Villages of Briar Forest,1324,2x2,972,1450,10/09/2024,False
11903,The Villages of Briar Forest,1324,2x2,972,1475,10/10/2024,False
11904,The Villages of Briar Forest,1324,2x2,972,1475,10/11/2024,False
11905,The Villages of Briar Forest,1324,2x2,972,1470,10/12/2024,False
11906,The Villages of Briar Forest,1324,2x2,972,1470,10/13/2024,False
11907,The Villages of Briar Forest,1324,2x2,972,1470,10/14/2024,False
11908,The Villages of Briar Forest,1324,2x2,972,1470,10/15/2024,False
11909,The Villages of Briar Forest,1324,2x2,972,1465,10/16/2024,False
11910,The Villages of Briar Forest,1324,2x2,972,1475,10/17/2024,False
11911,The Villages of Briar Forest,1324,2x2,972,1480,10/18/2024,False
11912,The Villages of Briar Forest,1324,2x2,972,1480,10/19/2024,False
11913,The Villages of Briar Forest,1324,2x2,972,1485,10/20/2024,False
11914,The Villages of Briar Forest,1324,2x2,972,1480,10/21/2024,False
11915,The Villages of Briar Forest,1324,2x2,972,1485,10/22/2024,False
11916,The Villages of Briar Forest,1324,2x2,972,1480,10/23/2024,False
11917,The Villages of Briar Forest,1324,2x2,972,1480,10/24/2024,False
11918,The Villages of Briar Forest,1324,2x2,972,1480,10/25/2024,False
11919,The Villages of Briar Forest,1324,2x2,972,1490,10/26/2024,False
11920,The Villages of Briar Forest,1324,2x2,972,1490,10/27/2024,False
11921,The Villages of Briar Forest,1324,2x2,972,1490,10/28/2024,False
11922,The Villages of Briar Forest,1324,2x2,972,1500,10/29/2024,False
11923,The Villages of Briar Forest,1324,2x2,972,1515,10/30/2024,False
11924,The Villages of Briar Forest,1324,2x2,972,1520,10/31/2024,False
11925,The Villages of Briar Forest,1324,2x2,972,1520,11/01/2024,False
11926,The Villages of Briar Forest,1324,2x2,972,1515,11/02/2024,False
11927,The Villages of Briar Forest,1324,2x2,972,1515,11/03/2024,False
11928,The Villages of Briar Forest,1324,2x2,972,1515,11/04/2024,False
11929,The Villages of Briar Forest,1324,2x2,972,1515,11/05/2024,False
11930,The Villages of Briar Forest,1324,2x2,972,1510,11/06/2024,False
11931,The Villages of Briar Forest,1324,2x2,972,1520,11/07/2024,False
11932,The Villages of Briar Forest,1324,2x2,972,1535,11/08/2024,False
11933,The Villages of Briar Forest,1324,2x2,972,1535,11/09/2024,False
11934,The Villages of Briar Forest,1324,2x2,972,1520,11/10/2024,False
11935,The Villages of Briar Forest,1324,2x2,972,1520,11/11/2024,False
11936,The Villages of Briar Forest,1324,2x2,972,1510,11/12/2024,False
11937,The Villages of Briar Forest,1324,2x2,972,1510,11/13/2024,False
11938,The Villages of Briar Forest,1324,2x2,972,1515,11/14/2024,False
11939,The Villages of Briar Forest,1324,2x2,972,1500,11/15/2024,False
11940,The Villages of Briar Forest,1324,2x2,972,1495,11/16/2024,False
11941,The Villages of Briar Forest,1324,2x2,972,1495,11/17/2024,False
11942,The Villages of Briar Forest,1324,2x2,972,1495,11/18/2024,False
11943,The Villages of Briar Forest,1324,2x2,972,1495,11/19/2024,False
11944,The Villages of Briar Forest,1324,2x2,972,1495,11/20/2024,False
11945,The Villages of Briar Forest,1324,2x2,972,1485,11/21/2024,False
11946,The Villages of Briar Forest,1324,2x2,972,1475,11/22/2024,False
11947,The Villages of Briar Forest,1324,2x2,972,1430,11/23/2024,False
11948,The Villages of Briar Forest,1324,2x2,972,1435,11/24/2024,False
11949,The Villages of Briar Forest,1324,2x2,972,1440,11/25/2024,False
11950,The Villages of Briar Forest,1324,2x2,972,1435,11/26/2024,False
11951,The Villages of Briar Forest,1324,2x2,972,1440,11/27/2024,False
11952,The Villages of Briar Forest,1324,2x2,972,1440,11/28/2024,False
11953,The Villages of Briar Forest,1324,2x2,972,1440,11/29/2024,False
11954,The Villages of Briar Forest,1324,2x2,972,1435,11/30/2024,False
11955,The Villages of Briar Forest,1324,2x2,972,1445,12/01/2024,False
11956,The Villages of Briar Forest,1324,2x2,972,1445,12/02/2024,False
11957,The Villages of Briar Forest,1324,2x2,972,1460,12/03/2024,False
11958,The Villages of Briar Forest,1324,2x2,972,1450,12/04/2024,False
11959,The Villages of Briar Forest,1324,2x2,972,1460,12/05/2024,False
11960,The Villages of Briar Forest,1324,2x2,972,1440,12/06/2024,False
11961,The Villages of Briar Forest,1324,2x2,972,1425,12/07/2024,False
11962,The Villages of Briar Forest,1324,2x2,972,1425,12/08/2024,False
11963,The Villages of Briar Forest,1324,2x2,972,1420,12/09/2024,False
11964,The Villages of Briar Forest,1324,2x2,972,1440,12/10/2024,False
11965,The Villages of Briar Forest,1324,2x2,972,1435,12/11/2024,False
11966,The Villages of Briar Forest,1324,2x2,972,1450,12/12/2024,False
11967,The Villages of Briar Forest,1324,2x2,972,1490,12/13/2024,False
11968,The Villages of Briar Forest,1324,2x2,972,1500,12/14/2024,False
11969,The Villages of Briar Forest,1324,2x2,972,1510,12/15/2024,False
11970,The Villages of Briar Forest,1324,2x2,972,1495,12/16/2024,False
11971,The Villages of Briar Forest,1324,2x2,972,1505,12/17/2024,False
11972,The Villages of Briar Forest,1324,2x2,972,1495,12/18/2024,False
11973,The Villages of Briar Forest,1324,2x2,972,1495,12/19/2024,False
11974,The Villages of Briar Forest,1324,2x2,972,1485,12/20/2024,False
11975,The Villages of Briar Forest,1324,2x2,972,1485,12/21/2024,False
11976,The Villages of Briar Forest,1324,2x2,972,1495,12/22/2024,False
11977,The Villages of Briar Forest,1324,2x2,972,1480,12/23/2024,False
11978,The Villages of Briar Forest,1324,2x2,972,1470,12/24/2024,False
11979,The Villages of Briar Forest,1324,2x2,972,1470,12/25/2024,False
11980,The Villages of Briar Forest,1324,2x2,972,1465,12/26/2024,False
11981,The Villages of Briar Forest,1324,2x2,972,1485,12/27/2024,False
11982,The Villages of Briar Forest,1324,2x2,972,1475,12/28/2024,False
11983,The Villages of Briar Forest,1324,2x2,972,1475,12/29/2024,False
11984,The Villages of Briar Forest,1324,2x2,972,1470,12/30/2024,False
11985,The Villages of Briar Forest,1324,2x2,972,1470,12/31/2024,False
11986,The Villages of Briar Forest,1324,2x2,972,1470,01/01/2025,False
11987,The Villages of Briar Forest,1324,2x2,972,1395,01/02/2025,False
11988,The Villages of Briar Forest,1324,2x2,972,1385,01/03/2025,False
11989,The Villages of Briar Forest,1324,2x2,972,1385,01/04/2025,True
11990,The Villages of Briar Forest,1325,2x2,972,1575,04/26/2024,False
11991,The Villages of Briar Forest,1325,2x2,972,1575,04/27/2024,False
11992,The Villages of Briar Forest,1325,2x2,972,1575,04/28/2024,False
11993,The Villages of Briar Forest,1325,2x2,972,1575,04/29/2024,False
11994,The Villages of Briar Forest,1325,2x2,972,1575,04/30/2024,False
11995,The Villages of Briar Forest,1325,2x2,972,1575,05/01/2024,False
11996,The Villages of Briar Forest,1325,2x2,972,1575,05/02/2024,False
11997,The Villages of Briar Forest,1325,2x2,972,1575,05/03/2024,False
11998,The Villages of Briar Forest,1325,2x2,972,1540,05/04/2024,False
11999,The Villages of Briar Forest,1325,2x2,972,1540,05/05/2024,False
12000,The Villages of Briar Forest,1325,2x2,972,1540,05/06/2024,False
12001,The Villages of Briar Forest,1325,2x2,972,1540,05/07/2024,False
12002,The Villages of Briar Forest,1325,2x2,972,1540,05/08/2024,False
12003,The Villages of Briar Forest,1325,2x2,972,1540,05/09/2024,False
12004,The Villages of Briar Forest,1325,2x2,972,1523,05/10/2024,False
12005,The Villages of Briar Forest,1325,2x2,972,1493,05/11/2024,False
12006,The Villages of Briar Forest,1325,2x2,972,1493,05/12/2024,False
12007,The Villages of Briar Forest,1325,2x2,972,1493,05/13/2024,False
12008,The Villages of Briar Forest,1325,2x2,972,1493,05/14/2024,False
12009,The Villages of Briar Forest,1325,2x2,972,1493,05/15/2024,False
12010,The Villages of Briar Forest,1325,2x2,972,1493,05/16/2024,False
12011,The Villages of Briar Forest,1325,2x2,972,1493,05/17/2024,False
12012,The Villages of Briar Forest,1325,2x2,972,1493,05/18/2024,False
12013,The Villages of Briar Forest,1325,2x2,972,1493,05/19/2024,False
12014,The Villages of Briar Forest,1325,2x2,972,1493,05/20/2024,False
12015,The Villages of Briar Forest,1325,2x2,972,1493,05/21/2024,False
12016,The Villages of Briar Forest,1325,2x2,972,1493,05/22/2024,False
12017,The Villages of Briar Forest,1325,2x2,972,1493,05/23/2024,False
12018,The Villages of Briar Forest,1325,2x2,972,1495,05/24/2024,False
12019,The Villages of Briar Forest,1325,2x2,972,1495,05/25/2024,False
12020,The Villages of Briar Forest,1325,2x2,972,1495,05/26/2024,False
12021,The Villages of Briar Forest,1325,2x2,972,1495,05/27/2024,False
12022,The Villages of Briar Forest,1325,2x2,972,1495,05/28/2024,False
12023,The Villages of Briar Forest,1325,2x2,972,1490,05/29/2024,False
12024,The Villages of Briar Forest,1325,2x2,972,1490,05/30/2024,False
12025,The Villages of Briar Forest,1325,2x2,972,1490,05/31/2024,False
12026,The Villages of Briar Forest,1325,2x2,972,1490,06/01/2024,False
12027,The Villages of Briar Forest,1325,2x2,972,1490,06/02/2024,False
12028,The Villages of Briar Forest,1325,2x2,972,1490,06/03/2024,False
12029,The Villages of Briar Forest,1325,2x2,972,1490,06/04/2024,False
12030,The Villages of Briar Forest,1325,2x2,972,1490,06/05/2024,False
12031,The Villages of Briar Forest,1325,2x2,972,1490,06/06/2024,False
12032,The Villages of Briar Forest,1325,2x2,972,1490,06/07/2024,False
12033,The Villages of Briar Forest,1325,2x2,972,1490,06/08/2024,False
12034,The Villages of Briar Forest,1325,2x2,972,1490,06/09/2024,False
12035,The Villages of Briar Forest,1325,2x2,972,1490,06/10/2024,False
12036,The Villages of Briar Forest,1325,2x2,972,1490,06/11/2024,False
12037,The Villages of Briar Forest,1325,2x2,972,1490,06/12/2024,False
12038,The Villages of Briar Forest,1325,2x2,972,1490,06/13/2024,False
12039,The Villages of Briar Forest,1325,2x2,972,1490,06/14/2024,False
12040,The Villages of Briar Forest,1325,2x2,972,1490,06/15/2024,False
12041,The Villages of Briar Forest,1325,2x2,972,1490,06/16/2024,False
12042,The Villages of Briar Forest,1325,2x2,972,1490,06/17/2024,False
12043,The Villages of Briar Forest,1325,2x2,972,1490,06/18/2024,False
12044,The Villages of Briar Forest,1325,2x2,972,1490,06/19/2024,False
12045,The Villages of Briar Forest,1325,2x2,972,1490,06/20/2024,False
12046,The Villages of Briar Forest,1325,2x2,972,1490,06/21/2024,False
12047,The Villages of Briar Forest,1325,2x2,972,1490,06/22/2024,False
12048,The Villages of Briar Forest,1325,2x2,972,1490,06/23/2024,False
12049,The Villages of Briar Forest,1325,2x2,972,1475,06/24/2024,False
12050,The Villages of Briar Forest,1325,2x2,972,1475,06/25/2024,False
12051,The Villages of Briar Forest,1325,2x2,972,1475,06/26/2024,False
12052,The Villages of Briar Forest,1325,2x2,972,1475,06/27/2024,False
12053,The Villages of Briar Forest,1325,2x2,972,1487,06/28/2024,False
12054,The Villages of Briar Forest,1325,2x2,972,1487,06/29/2024,False
12055,The Villages of Briar Forest,1325,2x2,972,1487,06/30/2024,False
12056,The Villages of Briar Forest,1325,2x2,972,1487,07/01/2024,False
12057,The Villages of Briar Forest,1325,2x2,972,1440,07/02/2024,False
12058,The Villages of Briar Forest,1325,2x2,972,1440,07/03/2024,False
12059,The Villages of Briar Forest,1325,2x2,972,1440,07/04/2024,False
12060,The Villages of Briar Forest,1325,2x2,972,1435,07/05/2024,False
12061,The Villages of Briar Forest,1325,2x2,972,1435,07/06/2024,False
12062,The Villages of Briar Forest,1325,2x2,972,1435,07/07/2024,False
12063,The Villages of Briar Forest,1325,2x2,972,1440,07/08/2024,False
12064,The Villages of Briar Forest,1325,2x2,972,1440,07/09/2024,False
12065,The Villages of Briar Forest,1325,2x2,972,1440,07/10/2024,False
12066,The Villages of Briar Forest,1325,2x2,972,1440,07/11/2024,False
12067,The Villages of Briar Forest,1325,2x2,972,1440,07/12/2024,False
12068,The Villages of Briar Forest,1325,2x2,972,1440,07/13/2024,False
12069,The Villages of Briar Forest,1325,2x2,972,1440,07/14/2024,False
12070,The Villages of Briar Forest,1325,2x2,972,1440,07/15/2024,False
12071,The Villages of Briar Forest,1325,2x2,972,1440,07/16/2024,False
12072,The Villages of Briar Forest,1325,2x2,972,1440,07/17/2024,False
12073,The Villages of Briar Forest,1325,2x2,972,1440,07/18/2024,False
12074,The Villages of Briar Forest,1325,2x2,972,1440,07/19/2024,False
12075,The Villages of Briar Forest,1325,2x2,972,1440,07/20/2024,False
12076,The Villages of Briar Forest,1325,2x2,972,1440,07/21/2024,False
12077,The Villages of Briar Forest,1325,2x2,972,1440,07/22/2024,False
12078,The Villages of Briar Forest,1325,2x2,972,1440,07/23/2024,False
12079,The Villages of Briar Forest,1325,2x2,972,1378,07/24/2024,False
12080,The Villages of Briar Forest,1325,2x2,972,1378,07/25/2024,True
12081,The Villages of Briar Forest,1326,2x2,972,1400,10/18/2023,False
12082,The Villages of Briar Forest,1326,2x2,972,1400,10/19/2023,False
12083,The Villages of Briar Forest,1326,2x2,972,1400,10/20/2023,False
12084,The Villages of Briar Forest,1326,2x2,972,1500,10/21/2023,False
12085,The Villages of Briar Forest,1326,2x2,972,1500,10/22/2023,False
12086,The Villages of Briar Forest,1326,2x2,972,1500,10/23/2023,False
12087,The Villages of Briar Forest,1326,2x2,972,1500,10/24/2023,False
12088,The Villages of Briar Forest,1326,2x2,972,1500,10/25/2023,False
12089,The Villages of Briar Forest,1326,2x2,972,1500,10/26/2023,False
12090,The Villages of Briar Forest,1326,2x2,972,1500,10/27/2023,False
12091,The Villages of Briar Forest,1326,2x2,972,1480,10/28/2023,False
12092,The Villages of Briar Forest,1326,2x2,972,1480,10/29/2023,False
12093,The Villages of Briar Forest,1326,2x2,972,1480,10/30/2023,False
12094,The Villages of Briar Forest,1326,2x2,972,1480,10/31/2023,False
12095,The Villages of Briar Forest,1326,2x2,972,1480,11/01/2023,False
12096,The Villages of Briar Forest,1326,2x2,972,1480,11/02/2023,False
12097,The Villages of Briar Forest,1326,2x2,972,1415,11/03/2023,False
12098,The Villages of Briar Forest,1326,2x2,972,1415,11/04/2023,False
12099,The Villages of Briar Forest,1326,2x2,972,1415,11/05/2023,False
12100,The Villages of Briar Forest,1326,2x2,972,1415,11/06/2023,False
12101,The Villages of Briar Forest,1326,2x2,972,1415,11/07/2023,False
12102,The Villages of Briar Forest,1326,2x2,972,1415,11/08/2023,False
12103,The Villages of Briar Forest,1326,2x2,972,1415,11/09/2023,False
12104,The Villages of Briar Forest,1326,2x2,972,1405,11/10/2023,False
12105,The Villages of Briar Forest,1326,2x2,972,1405,11/11/2023,False
12106,The Villages of Briar Forest,1326,2x2,972,1405,11/12/2023,False
12107,The Villages of Briar Forest,1326,2x2,972,1405,11/13/2023,False
12108,The Villages of Briar Forest,1326,2x2,972,1405,11/14/2023,False
12109,The Villages of Briar Forest,1326,2x2,972,1405,11/15/2023,False
12110,The Villages of Briar Forest,1326,2x2,972,1405,11/16/2023,False
12111,The Villages of Briar Forest,1326,2x2,972,1405,11/17/2023,False
12112,The Villages of Briar Forest,1326,2x2,972,1405,11/18/2023,False
12113,The Villages of Briar Forest,1326,2x2,972,1405,11/19/2023,False
12114,The Villages of Briar Forest,1326,2x2,972,1405,11/20/2023,False
12115,The Villages of Briar Forest,1326,2x2,972,1435,11/21/2023,False
12116,The Villages of Briar Forest,1326,2x2,972,1435,11/22/2023,False
12117,The Villages of Briar Forest,1326,2x2,972,1435,11/23/2023,False
12118,The Villages of Briar Forest,1326,2x2,972,1435,11/24/2023,False
12119,The Villages of Briar Forest,1326,2x2,972,1435,11/25/2023,False
12120,The Villages of Briar Forest,1326,2x2,972,1435,11/26/2023,False
12121,The Villages of Briar Forest,1326,2x2,972,1435,11/27/2023,False
12122,The Villages of Briar Forest,1326,2x2,972,1435,11/28/2023,False
12123,The Villages of Briar Forest,1326,2x2,972,1435,11/29/2023,False
12124,The Villages of Briar Forest,1326,2x2,972,1435,11/30/2023,False
12125,The Villages of Briar Forest,1326,2x2,972,1480,12/01/2023,False
12126,The Villages of Briar Forest,1326,2x2,972,1480,12/02/2023,False
12127,The Villages of Briar Forest,1326,2x2,972,1480,12/03/2023,False
12128,The Villages of Briar Forest,1326,2x2,972,1480,12/04/2023,False
12129,The Villages of Briar Forest,1326,2x2,972,1480,12/05/2023,False
12130,The Villages of Briar Forest,1326,2x2,972,1480,12/06/2023,False
12131,The Villages of Briar Forest,1326,2x2,972,1480,12/07/2023,True
12132,The Villages of Briar Forest,1326,2x2,972,1462,10/04/2024,False
12133,The Villages of Briar Forest,1326,2x2,972,1460,10/05/2024,False
12134,The Villages of Briar Forest,1326,2x2,972,1470,10/06/2024,False
12135,The Villages of Briar Forest,1326,2x2,972,1467,10/07/2024,False
12136,The Villages of Briar Forest,1326,2x2,972,1472,10/08/2024,False
12137,The Villages of Briar Forest,1326,2x2,972,1472,10/09/2024,False
12138,The Villages of Briar Forest,1326,2x2,972,1495,10/10/2024,False
12139,The Villages of Briar Forest,1326,2x2,972,1495,10/11/2024,False
12140,The Villages of Briar Forest,1326,2x2,972,1490,10/12/2024,False
12141,The Villages of Briar Forest,1326,2x2,972,1490,10/13/2024,False
12142,The Villages of Briar Forest,1326,2x2,972,1490,10/14/2024,False
12143,The Villages of Briar Forest,1326,2x2,972,1485,10/15/2024,False
12144,The Villages of Briar Forest,1326,2x2,972,1485,10/16/2024,False
12145,The Villages of Briar Forest,1326,2x2,972,1495,10/17/2024,False
12146,The Villages of Briar Forest,1326,2x2,972,1500,10/18/2024,False
12147,The Villages of Briar Forest,1326,2x2,972,1495,10/19/2024,False
12148,The Villages of Briar Forest,1326,2x2,972,1500,10/20/2024,False
12149,The Villages of Briar Forest,1326,2x2,972,1500,10/21/2024,False
12150,The Villages of Briar Forest,1326,2x2,972,1500,10/22/2024,False
12151,The Villages of Briar Forest,1326,2x2,972,1500,10/23/2024,False
12152,The Villages of Briar Forest,1326,2x2,972,1500,10/24/2024,False
12153,The Villages of Briar Forest,1326,2x2,972,1500,10/25/2024,False
12154,The Villages of Briar Forest,1326,2x2,972,1500,10/26/2024,False
12155,The Villages of Briar Forest,1326,2x2,972,1500,10/27/2024,False
12156,The Villages of Briar Forest,1326,2x2,972,1500,10/28/2024,False
12157,The Villages of Briar Forest,1326,2x2,972,1500,10/29/2024,False
12158,The Villages of Briar Forest,1326,2x2,972,1500,10/30/2024,False
12159,The Villages of Briar Forest,1326,2x2,972,1500,10/31/2024,False
12160,The Villages of Briar Forest,1326,2x2,972,1500,11/01/2024,False
12161,The Villages of Briar Forest,1326,2x2,972,1500,11/02/2024,False
12162,The Villages of Briar Forest,1326,2x2,972,1500,11/03/2024,False
12163,The Villages of Briar Forest,1326,2x2,972,1500,11/04/2024,False
12164,The Villages of Briar Forest,1326,2x2,972,1500,11/05/2024,False
12165,The Villages of Briar Forest,1326,2x2,972,1500,11/06/2024,False
12166,The Villages of Briar Forest,1326,2x2,972,1500,11/07/2024,False
12167,The Villages of Briar Forest,1326,2x2,972,1500,11/08/2024,False
12168,The Villages of Briar Forest,1326,2x2,972,1500,11/09/2024,False
12169,The Villages of Briar Forest,1326,2x2,972,1500,11/10/2024,False
12170,The Villages of Briar Forest,1326,2x2,972,1500,11/11/2024,False
12171,The Villages of Briar Forest,1326,2x2,972,1500,11/12/2024,False
12172,The Villages of Briar Forest,1326,2x2,972,1500,11/13/2024,False
12173,The Villages of Briar Forest,1326,2x2,972,1500,11/14/2024,False
12174,The Villages of Briar Forest,1326,2x2,972,1500,11/15/2024,False
12175,The Villages of Briar Forest,1326,2x2,972,1500,11/16/2024,False
12176,The Villages of Briar Forest,1326,2x2,972,1500,11/17/2024,False
12177,The Villages of Briar Forest,1326,2x2,972,1500,11/18/2024,False
12178,The Villages of Briar Forest,1326,2x2,972,1500,11/19/2024,False
12179,The Villages of Briar Forest,1326,2x2,972,1500,11/20/2024,False
12180,The Villages of Briar Forest,1326,2x2,972,1500,11/21/2024,False
12181,The Villages of Briar Forest,1326,2x2,972,1500,11/22/2024,False
12182,The Villages of Briar Forest,1326,2x2,972,1500,11/23/2024,False
12183,The Villages of Briar Forest,1326,2x2,972,1500,11/24/2024,False
12184,The Villages of Briar Forest,1326,2x2,972,1500,11/25/2024,False
12185,The Villages of Briar Forest,1326,2x2,972,1500,11/26/2024,False
12186,The Villages of Briar Forest,1326,2x2,972,1500,11/27/2024,False
12187,The Villages of Briar Forest,1326,2x2,972,1500,11/28/2024,False
12188,The Villages of Briar Forest,1326,2x2,972,1500,11/29/2024,False
12189,The Villages of Briar Forest,1326,2x2,972,1500,11/30/2024,False
12190,The Villages of Briar Forest,1326,2x2,972,1500,12/01/2024,False
12191,The Villages of Briar Forest,1326,2x2,972,1500,12/02/2024,False
12192,The Villages of Briar Forest,1326,2x2,972,1500,12/03/2024,False
12193,The Villages of Briar Forest,1326,2x2,972,1500,12/04/2024,False
12194,The Villages of Briar Forest,1326,2x2,972,1500,12/05/2024,False
12195,The Villages of Briar Forest,1326,2x2,972,1500,12/06/2024,False
12196,The Villages of Briar Forest,1326,2x2,972,1500,12/07/2024,False
12197,The Villages of Briar Forest,1326,2x2,972,1500,12/08/2024,False
12198,The Villages of Briar Forest,1326,2x2,972,1500,12/09/2024,False
12199,The Villages of Briar Forest,1326,2x2,972,1500,12/10/2024,False
12200,The Villages of Briar Forest,1326,2x2,972,1500,12/11/2024,False
12201,The Villages of Briar Forest,1326,2x2,972,1500,12/12/2024,False
12202,The Villages of Briar Forest,1326,2x2,972,1500,12/13/2024,False
12203,The Villages of Briar Forest,1326,2x2,972,1500,12/14/2024,False
12204,The Villages of Briar Forest,1326,2x2,972,1500,12/15/2024,False
12205,The Villages of Briar Forest,1326,2x2,972,1500,12/16/2024,False
12206,The Villages of Briar Forest,1326,2x2,972,1500,12/17/2024,False
12207,The Villages of Briar Forest,1326,2x2,972,1475,12/18/2024,False
12208,The Villages of Briar Forest,1326,2x2,972,1475,12/19/2024,False
12209,The Villages of Briar Forest,1326,2x2,972,1425,12/20/2024,False
12210,The Villages of Briar Forest,1326,2x2,972,1425,12/21/2024,False
12211,The Villages of Briar Forest,1326,2x2,972,1425,12/22/2024,False
12212,The Villages of Briar Forest,1326,2x2,972,1425,12/23/2024,False
12213,The Villages of Briar Forest,1326,2x2,972,1425,12/24/2024,False
12214,The Villages of Briar Forest,1326,2x2,972,1425,12/25/2024,False
12215,The Villages of Briar Forest,1326,2x2,972,1425,12/26/2024,False
12216,The Villages of Briar Forest,1326,2x2,972,1425,12/27/2024,False
12217,The Villages of Briar Forest,1326,2x2,972,1425,12/28/2024,False
12218,The Villages of Briar Forest,1326,2x2,972,1425,12/29/2024,False
12219,The Villages of Briar Forest,1326,2x2,972,1425,12/30/2024,False
12220,The Villages of Briar Forest,1326,2x2,972,1425,12/31/2024,False
12221,The Villages of Briar Forest,1326,2x2,972,1500,01/01/2025,False
12222,The Villages of Briar Forest,1326,2x2,972,1425,01/02/2025,False
12223,The Villages of Briar Forest,1326,2x2,972,1425,01/03/2025,False
12224,The Villages of Briar Forest,1326,2x2,972,1425,01/04/2025,False
12225,The Villages of Briar Forest,1326,2x2,972,1425,01/05/2025,False
12226,The Villages of Briar Forest,1326,2x2,972,1425,01/06/2025,False
12227,The Villages of Briar Forest,1326,2x2,972,1425,01/07/2025,False
12228,The Villages of Briar Forest,1326,2x2,972,1425,01/08/2025,False
12229,The Villages of Briar Forest,1326,2x2,972,1425,01/09/2025,False
12230,The Villages of Briar Forest,1326,2x2,972,1425,01/10/2025,False
12231,The Villages of Briar Forest,1326,2x2,972,1425,01/11/2025,False
12232,The Villages of Briar Forest,1326,2x2,972,1425,01/12/2025,False
12233,The Villages of Briar Forest,1326,2x2,972,1425,01/13/2025,False
12234,The Villages of Briar Forest,1326,2x2,972,1425,01/14/2025,False
12235,The Villages of Briar Forest,1326,2x2,972,1425,01/15/2025,False
12236,The Villages of Briar Forest,1326,2x2,972,1425,01/16/2025,False
12237,The Villages of Briar Forest,1326,2x2,972,1425,01/17/2025,False
12238,The Villages of Briar Forest,1326,2x2,972,1455,01/18/2025,False
12239,The Villages of Briar Forest,1326,2x2,972,1455,01/19/2025,False
12240,The Villages of Briar Forest,1326,2x2,972,1455,01/20/2025,False
12241,The Villages of Briar Forest,1326,2x2,972,1455,01/21/2025,False
12242,The Villages of Briar Forest,1326,2x2,972,1455,01/22/2025,False
12243,The Villages of Briar Forest,1326,2x2,972,1455,01/23/2025,False
12244,The Villages of Briar Forest,1326,2x2,972,1428,01/24/2025,False
12245,The Villages of Briar Forest,1326,2x2,972,1428,01/25/2025,False
12246,The Villages of Briar Forest,1326,2x2,972,1428,01/26/2025,False
12247,The Villages of Briar Forest,1326,2x2,972,1428,01/27/2025,True
12248,The Villages of Briar Forest,1327,2x2,972,1525,07/17/2023,False
12249,The Villages of Briar Forest,1327,2x2,972,1500,07/18/2023,False
12250,The Villages of Briar Forest,1327,2x2,972,1500,07/19/2023,False
12251,The Villages of Briar Forest,1327,2x2,972,1434,07/20/2023,False
12252,The Villages of Briar Forest,1327,2x2,972,1434,07/21/2023,False
12253,The Villages of Briar Forest,1327,2x2,972,1474,07/22/2023,False
12254,The Villages of Briar Forest,1327,2x2,972,1478,07/23/2023,False
12255,The Villages of Briar Forest,1327,2x2,972,1478,07/24/2023,False
12256,The Villages of Briar Forest,1327,2x2,972,1478,07/25/2023,False
12257,The Villages of Briar Forest,1327,2x2,972,1508,07/26/2023,False
12258,The Villages of Briar Forest,1327,2x2,972,1508,07/27/2023,False
12259,The Villages of Briar Forest,1327,2x2,972,1508,07/28/2023,False
12260,The Villages of Briar Forest,1327,2x2,972,1508,07/29/2023,False
12261,The Villages of Briar Forest,1327,2x2,972,1508,07/30/2023,False
12262,The Villages of Briar Forest,1327,2x2,972,1504,07/31/2023,False
12263,The Villages of Briar Forest,1327,2x2,972,1504,08/01/2023,False
12264,The Villages of Briar Forest,1327,2x2,972,1504,08/02/2023,False
12265,The Villages of Briar Forest,1327,2x2,972,1574,08/03/2023,False
12266,The Villages of Briar Forest,1327,2x2,972,1578,08/04/2023,False
12267,The Villages of Briar Forest,1327,2x2,972,1654,08/05/2023,False
12268,The Villages of Briar Forest,1327,2x2,972,1654,08/06/2023,False
12269,The Villages of Briar Forest,1327,2x2,972,1654,08/07/2023,False
12270,The Villages of Briar Forest,1327,2x2,972,1654,08/08/2023,False
12271,The Villages of Briar Forest,1327,2x2,972,1538,08/09/2023,False
12272,The Villages of Briar Forest,1327,2x2,972,1538,08/10/2023,False
12273,The Villages of Briar Forest,1327,2x2,972,1478,08/11/2023,False
12274,The Villages of Briar Forest,1327,2x2,972,1494,08/12/2023,False
12275,The Villages of Briar Forest,1327,2x2,972,1504,08/13/2023,False
12276,The Villages of Briar Forest,1327,2x2,972,1504,08/14/2023,False
12277,The Villages of Briar Forest,1327,2x2,972,1498,08/15/2023,False
12278,The Villages of Briar Forest,1327,2x2,972,1551,08/16/2023,False
12279,The Villages of Briar Forest,1327,2x2,972,1551,08/17/2023,False
12280,The Villages of Briar Forest,1327,2x2,972,1596,08/18/2023,False
12281,The Villages of Briar Forest,1327,2x2,972,1601,08/19/2023,False
12282,The Villages of Briar Forest,1327,2x2,972,1601,08/20/2023,False
12283,The Villages of Briar Forest,1327,2x2,972,1601,08/21/2023,False
12284,The Villages of Briar Forest,1327,2x2,972,1601,08/22/2023,True
12285,The Villages of Briar Forest,1327,2x2,972,1535,02/08/2025,False
12286,The Villages of Briar Forest,1327,2x2,972,1530,02/09/2025,False
12287,The Villages of Briar Forest,1327,2x2,972,1530,02/10/2025,False
12288,The Villages of Briar Forest,1327,2x2,972,1525,02/11/2025,False
12289,The Villages of Briar Forest,1327,2x2,972,1525,02/12/2025,False
12290,The Villages of Briar Forest,1327,2x2,972,1525,02/13/2025,False
12291,The Villages of Briar Forest,1327,2x2,972,1570,02/14/2025,False
12292,The Villages of Briar Forest,1327,2x2,972,1570,02/15/2025,False
12293,The Villages of Briar Forest,1327,2x2,972,1570,02/16/2025,False
12294,The Villages of Briar Forest,1327,2x2,972,1555,02/17/2025,False
12295,The Villages of Briar Forest,1327,2x2,972,1555,02/18/2025,False
12296,The Villages of Briar Forest,1327,2x2,972,1555,02/19/2025,True
12297,The Villages of Briar Forest,1412,1x1,817,1372,06/17/2023,False
12298,The Villages of Briar Forest,1412,1x1,817,1372,06/18/2023,False
12299,The Villages of Briar Forest,1412,1x1,817,1372,06/19/2023,False
12300,The Villages of Briar Forest,1412,1x1,817,1367,06/20/2023,False
12301,The Villages of Briar Forest,1412,1x1,817,1357,06/21/2023,False
12302,The Villages of Briar Forest,1412,1x1,817,1357,06/22/2023,False
12303,The Villages of Briar Forest,1412,1x1,817,1372,06/23/2023,False
12304,The Villages of Briar Forest,1412,1x1,817,1372,06/24/2023,False
12305,The Villages of Briar Forest,1412,1x1,817,1372,06/25/2023,False
12306,The Villages of Briar Forest,1412,1x1,817,1372,06/26/2023,False
12307,The Villages of Briar Forest,1412,1x1,817,1467,06/27/2023,False
12308,The Villages of Briar Forest,1412,1x1,817,1467,06/28/2023,False
12309,The Villages of Briar Forest,1412,1x1,817,1467,06/29/2023,False
12310,The Villages of Briar Forest,1412,1x1,817,1462,06/30/2023,False
12311,The Villages of Briar Forest,1412,1x1,817,1462,07/01/2023,False
12312,The Villages of Briar Forest,1412,1x1,817,1462,07/02/2023,False
12313,The Villages of Briar Forest,1412,1x1,817,1462,07/03/2023,False
12314,The Villages of Briar Forest,1412,1x1,817,1457,07/04/2023,False
12315,The Villages of Briar Forest,1412,1x1,817,1447,07/05/2023,False
12316,The Villages of Briar Forest,1412,1x1,817,1442,07/06/2023,False
12317,The Villages of Briar Forest,1412,1x1,817,1432,07/07/2023,False
12318,The Villages of Briar Forest,1412,1x1,817,1472,07/08/2023,False
12319,The Villages of Briar Forest,1412,1x1,817,1472,07/09/2023,False
12320,The Villages of Briar Forest,1412,1x1,817,1472,07/10/2023,False
12321,The Villages of Briar Forest,1412,1x1,817,1387,07/11/2023,False
12322,The Villages of Briar Forest,1412,1x1,817,1387,07/12/2023,False
12323,The Villages of Briar Forest,1412,1x1,817,1347,07/13/2023,False
12324,The Villages of Briar Forest,1412,1x1,817,1342,07/14/2023,False
12325,The Villages of Briar Forest,1412,1x1,817,1470,07/15/2023,False
12326,The Villages of Briar Forest,1412,1x1,817,1465,07/16/2023,False
12327,The Villages of Briar Forest,1412,1x1,817,1465,07/17/2023,False
12328,The Villages of Briar Forest,1412,1x1,817,1425,07/18/2023,False
12329,The Villages of Briar Forest,1412,1x1,817,1410,07/19/2023,False
12330,The Villages of Briar Forest,1412,1x1,817,1348,07/20/2023,False
12331,The Villages of Briar Forest,1412,1x1,817,1342,07/21/2023,False
12332,The Villages of Briar Forest,1412,1x1,817,1402,07/22/2023,False
12333,The Villages of Briar Forest,1412,1x1,817,1402,07/23/2023,False
12334,The Villages of Briar Forest,1412,1x1,817,1402,07/24/2023,False
12335,The Villages of Briar Forest,1412,1x1,817,1398,07/25/2023,False
12336,The Villages of Briar Forest,1412,1x1,817,1398,07/26/2023,False
12337,The Villages of Briar Forest,1412,1x1,817,1398,07/27/2023,False
12338,The Villages of Briar Forest,1412,1x1,817,1398,07/28/2023,False
12339,The Villages of Briar Forest,1412,1x1,817,1408,07/29/2023,False
12340,The Villages of Briar Forest,1412,1x1,817,1408,07/30/2023,False
12341,The Villages of Briar Forest,1412,1x1,817,1334,07/31/2023,False
12342,The Villages of Briar Forest,1412,1x1,817,1330,08/01/2023,False
12343,The Villages of Briar Forest,1412,1x1,817,1304,08/02/2023,False
12344,The Villages of Briar Forest,1412,1x1,817,1358,08/03/2023,False
12345,The Villages of Briar Forest,1412,1x1,817,1358,08/04/2023,False
12346,The Villages of Briar Forest,1412,1x1,817,1354,08/05/2023,False
12347,The Villages of Briar Forest,1412,1x1,817,1354,08/06/2023,False
12348,The Villages of Briar Forest,1412,1x1,817,1354,08/07/2023,False
12349,The Villages of Briar Forest,1412,1x1,817,1354,08/08/2023,False
12350,The Villages of Briar Forest,1412,1x1,817,1354,08/09/2023,False
12351,The Villages of Briar Forest,1412,1x1,817,1354,08/10/2023,False
12352,The Villages of Briar Forest,1412,1x1,817,1330,08/11/2023,False
12353,The Villages of Briar Forest,1412,1x1,817,1330,08/12/2023,False
12354,The Villages of Briar Forest,1412,1x1,817,1330,08/13/2023,False
12355,The Villages of Briar Forest,1412,1x1,817,1330,08/14/2023,False
12356,The Villages of Briar Forest,1412,1x1,817,1330,08/15/2023,False
12357,The Villages of Briar Forest,1412,1x1,817,1335,08/16/2023,False
12358,The Villages of Briar Forest,1412,1x1,817,1339,08/17/2023,False
12359,The Villages of Briar Forest,1412,1x1,817,1342,08/18/2023,False
12360,The Villages of Briar Forest,1412,1x1,817,1346,08/19/2023,False
12361,The Villages of Briar Forest,1412,1x1,817,1350,08/20/2023,False
12362,The Villages of Briar Forest,1412,1x1,817,1354,08/21/2023,False
12363,The Villages of Briar Forest,1412,1x1,817,1358,08/22/2023,False
12364,The Villages of Briar Forest,1412,1x1,817,1362,08/23/2023,False
12365,The Villages of Briar Forest,1412,1x1,817,1365,08/24/2023,False
12366,The Villages of Briar Forest,1412,1x1,817,1392,08/25/2023,False
12367,The Villages of Briar Forest,1412,1x1,817,1392,08/26/2023,False
12368,The Villages of Briar Forest,1412,1x1,817,1392,08/27/2023,False
12369,The Villages of Briar Forest,1412,1x1,817,1392,08/28/2023,False
12370,The Villages of Briar Forest,1412,1x1,817,1392,08/29/2023,False
12371,The Villages of Briar Forest,1412,1x1,817,1370,08/30/2023,False
12372,The Villages of Briar Forest,1412,1x1,817,1370,08/31/2023,False
12373,The Villages of Briar Forest,1412,1x1,817,1370,09/01/2023,False
12374,The Villages of Briar Forest,1412,1x1,817,1352,09/02/2023,False
12375,The Villages of Briar Forest,1412,1x1,817,1357,09/03/2023,False
12376,The Villages of Briar Forest,1412,1x1,817,1357,09/04/2023,False
12377,The Villages of Briar Forest,1412,1x1,817,1357,09/05/2023,False
12378,The Villages of Briar Forest,1412,1x1,817,1357,09/06/2023,False
12379,The Villages of Briar Forest,1412,1x1,817,1357,09/07/2023,False
12380,The Villages of Briar Forest,1412,1x1,817,1357,09/08/2023,False
12381,The Villages of Briar Forest,1412,1x1,817,1342,09/09/2023,False
12382,The Villages of Briar Forest,1412,1x1,817,1312,09/10/2023,False
12383,The Villages of Briar Forest,1412,1x1,817,1312,09/11/2023,False
12384,The Villages of Briar Forest,1412,1x1,817,1312,09/12/2023,False
12385,The Villages of Briar Forest,1412,1x1,817,1312,09/13/2023,False
12386,The Villages of Briar Forest,1412,1x1,817,1312,09/14/2023,False
12387,The Villages of Briar Forest,1412,1x1,817,1312,09/15/2023,False
12388,The Villages of Briar Forest,1412,1x1,817,1312,09/16/2023,True
12389,The Villages of Briar Forest,1414,2x2,1138,1631,06/06/2024,False
12390,The Villages of Briar Forest,1414,2x2,1138,1631,06/07/2024,False
12391,The Villages of Briar Forest,1414,2x2,1138,1631,06/08/2024,False
12392,The Villages of Briar Forest,1414,2x2,1138,1631,06/09/2024,False
12393,The Villages of Briar Forest,1414,2x2,1138,1631,06/10/2024,False
12394,The Villages of Briar Forest,1414,2x2,1138,1631,06/11/2024,False
12395,The Villages of Briar Forest,1414,2x2,1138,1631,06/12/2024,False
12396,The Villages of Briar Forest,1414,2x2,1138,1631,06/13/2024,False
12397,The Villages of Briar Forest,1414,2x2,1138,1631,06/14/2024,False
12398,The Villages of Briar Forest,1414,2x2,1138,1631,06/15/2024,False
12399,The Villages of Briar Forest,1414,2x2,1138,1631,06/16/2024,False
12400,The Villages of Briar Forest,1414,2x2,1138,1631,06/17/2024,False
12401,The Villages of Briar Forest,1414,2x2,1138,1631,06/18/2024,False
12402,The Villages of Briar Forest,1414,2x2,1138,1631,06/19/2024,False
12403,The Villages of Briar Forest,1414,2x2,1138,1631,06/20/2024,False
12404,The Villages of Briar Forest,1414,2x2,1138,1631,06/21/2024,False
12405,The Villages of Briar Forest,1414,2x2,1138,1631,06/22/2024,False
12406,The Villages of Briar Forest,1414,2x2,1138,1631,06/23/2024,False
12407,The Villages of Briar Forest,1414,2x2,1138,1616,06/24/2024,False
12408,The Villages of Briar Forest,1414,2x2,1138,1616,06/25/2024,False
12409,The Villages of Briar Forest,1414,2x2,1138,1616,06/26/2024,False
12410,The Villages of Briar Forest,1414,2x2,1138,1616,06/27/2024,False
12411,The Villages of Briar Forest,1414,2x2,1138,1658,06/28/2024,True
12412,The Villages of Briar Forest,1415,2x2,1138,1806,04/12/2024,False
12413,The Villages of Briar Forest,1415,2x2,1138,1756,04/13/2024,False
12414,The Villages of Briar Forest,1415,2x2,1138,1756,04/14/2024,False
12415,The Villages of Briar Forest,1415,2x2,1138,1756,04/15/2024,False
12416,The Villages of Briar Forest,1415,2x2,1138,1756,04/16/2024,False
12417,The Villages of Briar Forest,1415,2x2,1138,1756,04/17/2024,False
12418,The Villages of Briar Forest,1415,2x2,1138,1756,04/18/2024,False
12419,The Villages of Briar Forest,1415,2x2,1138,1756,04/19/2024,False
12420,The Villages of Briar Forest,1415,2x2,1138,1756,04/20/2024,False
12421,The Villages of Briar Forest,1415,2x2,1138,1756,04/21/2024,False
12422,The Villages of Briar Forest,1415,2x2,1138,1756,04/22/2024,False
12423,The Villages of Briar Forest,1415,2x2,1138,1756,04/23/2024,False
12424,The Villages of Briar Forest,1415,2x2,1138,1756,04/24/2024,False
12425,The Villages of Briar Forest,1415,2x2,1138,1756,04/25/2024,False
12426,The Villages of Briar Forest,1415,2x2,1138,1726,04/26/2024,False
12427,The Villages of Briar Forest,1415,2x2,1138,1726,04/27/2024,False
12428,The Villages of Briar Forest,1415,2x2,1138,1726,04/28/2024,False
12429,The Villages of Briar Forest,1415,2x2,1138,1726,04/29/2024,False
12430,The Villages of Briar Forest,1415,2x2,1138,1726,04/30/2024,False
12431,The Villages of Briar Forest,1415,2x2,1138,1726,05/01/2024,False
12432,The Villages of Briar Forest,1415,2x2,1138,1726,05/02/2024,False
12433,The Villages of Briar Forest,1415,2x2,1138,1726,05/03/2024,False
12434,The Villages of Briar Forest,1415,2x2,1138,1691,05/04/2024,False
12435,The Villages of Briar Forest,1415,2x2,1138,1691,05/05/2024,False
12436,The Villages of Briar Forest,1415,2x2,1138,1689,05/06/2024,False
12437,The Villages of Briar Forest,1415,2x2,1138,1689,05/07/2024,False
12438,The Villages of Briar Forest,1415,2x2,1138,1689,05/08/2024,False
12439,The Villages of Briar Forest,1415,2x2,1138,1689,05/09/2024,False
12440,The Villages of Briar Forest,1415,2x2,1138,1671,05/10/2024,False
12441,The Villages of Briar Forest,1415,2x2,1138,1641,05/11/2024,False
12442,The Villages of Briar Forest,1415,2x2,1138,1641,05/12/2024,False
12443,The Villages of Briar Forest,1415,2x2,1138,1641,05/13/2024,False
12444,The Villages of Briar Forest,1415,2x2,1138,1641,05/14/2024,False
12445,The Villages of Briar Forest,1415,2x2,1138,1641,05/15/2024,False
12446,The Villages of Briar Forest,1415,2x2,1138,1641,05/16/2024,False
12447,The Villages of Briar Forest,1415,2x2,1138,1641,05/17/2024,False
12448,The Villages of Briar Forest,1415,2x2,1138,1641,05/18/2024,False
12449,The Villages of Briar Forest,1415,2x2,1138,1641,05/19/2024,False
12450,The Villages of Briar Forest,1415,2x2,1138,1641,05/20/2024,False
12451,The Villages of Briar Forest,1415,2x2,1138,1641,05/21/2024,False
12452,The Villages of Briar Forest,1415,2x2,1138,1641,05/22/2024,False
12453,The Villages of Briar Forest,1415,2x2,1138,1641,05/23/2024,False
12454,The Villages of Briar Forest,1415,2x2,1138,1652,05/24/2024,False
12455,The Villages of Briar Forest,1415,2x2,1138,1651,05/25/2024,False
12456,The Villages of Briar Forest,1415,2x2,1138,1651,05/26/2024,False
12457,The Villages of Briar Forest,1415,2x2,1138,1651,05/27/2024,False
12458,The Villages of Briar Forest,1415,2x2,1138,1651,05/28/2024,False
12459,The Villages of Briar Forest,1415,2x2,1138,1647,05/29/2024,False
12460,The Villages of Briar Forest,1415,2x2,1138,1696,05/30/2024,False
12461,The Villages of Briar Forest,1415,2x2,1138,1647,05/31/2024,False
12462,The Villages of Briar Forest,1415,2x2,1138,1647,06/01/2024,False
12463,The Villages of Briar Forest,1415,2x2,1138,1647,06/02/2024,False
12464,The Villages of Briar Forest,1415,2x2,1138,1647,06/03/2024,False
12465,The Villages of Briar Forest,1415,2x2,1138,1650,06/04/2024,False
12466,The Villages of Briar Forest,1415,2x2,1138,1647,06/05/2024,False
12467,The Villages of Briar Forest,1415,2x2,1138,1647,06/06/2024,False
12468,The Villages of Briar Forest,1415,2x2,1138,1647,06/07/2024,False
12469,The Villages of Briar Forest,1415,2x2,1138,1696,06/08/2024,False
12470,The Villages of Briar Forest,1415,2x2,1138,1696,06/09/2024,False
12471,The Villages of Briar Forest,1415,2x2,1138,1696,06/10/2024,False
12472,The Villages of Briar Forest,1415,2x2,1138,1696,06/11/2024,False
12473,The Villages of Briar Forest,1415,2x2,1138,1696,06/12/2024,False
12474,The Villages of Briar Forest,1415,2x2,1138,1696,06/13/2024,False
12475,The Villages of Briar Forest,1415,2x2,1138,1696,06/14/2024,False
12476,The Villages of Briar Forest,1415,2x2,1138,1696,06/15/2024,False
12477,The Villages of Briar Forest,1415,2x2,1138,1696,06/16/2024,False
12478,The Villages of Briar Forest,1415,2x2,1138,1696,06/17/2024,False
12479,The Villages of Briar Forest,1415,2x2,1138,1696,06/18/2024,False
12480,The Villages of Briar Forest,1415,2x2,1138,1696,06/19/2024,False
12481,The Villages of Briar Forest,1415,2x2,1138,1696,06/20/2024,False
12482,The Villages of Briar Forest,1415,2x2,1138,1696,06/21/2024,False
12483,The Villages of Briar Forest,1415,2x2,1138,1696,06/22/2024,False
12484,The Villages of Briar Forest,1415,2x2,1138,1696,06/23/2024,False
12485,The Villages of Briar Forest,1415,2x2,1138,1676,06/24/2024,False
12486,The Villages of Briar Forest,1415,2x2,1138,1676,06/25/2024,False
12487,The Villages of Briar Forest,1415,2x2,1138,1676,06/26/2024,False
12488,The Villages of Briar Forest,1415,2x2,1138,1677,06/27/2024,False
12489,The Villages of Briar Forest,1415,2x2,1138,1626,06/28/2024,False
12490,The Villages of Briar Forest,1415,2x2,1138,1626,06/29/2024,True
12491,The Villages of Briar Forest,1416,1x1,817,1245,01/04/2025,False
12492,The Villages of Briar Forest,1416,1x1,817,1245,01/05/2025,False
12493,The Villages of Briar Forest,1416,1x1,817,1245,01/06/2025,False
12494,The Villages of Briar Forest,1416,1x1,817,1215,01/07/2025,False
12495,The Villages of Briar Forest,1416,1x1,817,1215,01/08/2025,False
12496,The Villages of Briar Forest,1416,1x1,817,1215,01/09/2025,False
12497,The Villages of Briar Forest,1416,1x1,817,1205,01/10/2025,False
12498,The Villages of Briar Forest,1416,1x1,817,1205,01/11/2025,False
12499,The Villages of Briar Forest,1416,1x1,817,1205,01/12/2025,False
12500,The Villages of Briar Forest,1416,1x1,817,1205,01/13/2025,False
12501,The Villages of Briar Forest,1416,1x1,817,1205,01/14/2025,False
12502,The Villages of Briar Forest,1416,1x1,817,1205,01/15/2025,False
12503,The Villages of Briar Forest,1416,1x1,817,1205,01/16/2025,False
12504,The Villages of Briar Forest,1416,1x1,817,1205,01/17/2025,False
12505,The Villages of Briar Forest,1416,1x1,817,1205,01/18/2025,False
12506,The Villages of Briar Forest,1416,1x1,817,1205,01/19/2025,False
12507,The Villages of Briar Forest,1416,1x1,817,1205,01/20/2025,False
12508,The Villages of Briar Forest,1416,1x1,817,1205,01/21/2025,False
12509,The Villages of Briar Forest,1416,1x1,817,1205,01/22/2025,False
12510,The Villages of Briar Forest,1416,1x1,817,1205,01/23/2025,False
12511,The Villages of Briar Forest,1416,1x1,817,1220,01/24/2025,False
12512,The Villages of Briar Forest,1416,1x1,817,1220,01/25/2025,False
12513,The Villages of Briar Forest,1416,1x1,817,1220,01/26/2025,False
12514,The Villages of Briar Forest,1416,1x1,817,1220,01/27/2025,False
12515,The Villages of Briar Forest,1416,1x1,817,1220,01/28/2025,False
12516,The Villages of Briar Forest,1416,1x1,817,1220,01/29/2025,False
12517,The Villages of Briar Forest,1416,1x1,817,1220,01/30/2025,False
12518,The Villages of Briar Forest,1416,1x1,817,1220,01/31/2025,False
12519,The Villages of Briar Forest,1416,1x1,817,1220,02/01/2025,False
12520,The Villages of Briar Forest,1416,1x1,817,1220,02/02/2025,False
12521,The Villages of Briar Forest,1416,1x1,817,1220,02/03/2025,False
12522,The Villages of Briar Forest,1416,1x1,817,1220,02/04/2025,False
12523,The Villages of Briar Forest,1416,1x1,817,1220,02/05/2025,False
12524,The Villages of Briar Forest,1416,1x1,817,1220,02/06/2025,False
12525,The Villages of Briar Forest,1416,1x1,817,1185,02/07/2025,False
12526,The Villages of Briar Forest,1416,1x1,817,1185,02/08/2025,False
12527,The Villages of Briar Forest,1416,1x1,817,1185,02/09/2025,False
12528,The Villages of Briar Forest,1416,1x1,817,1185,02/10/2025,False
12529,The Villages of Briar Forest,1416,1x1,817,1185,02/11/2025,False
12530,The Villages of Briar Forest,1416,1x1,817,1185,02/12/2025,False
12531,The Villages of Briar Forest,1416,1x1,817,1185,02/13/2025,False
12532,The Villages of Briar Forest,1416,1x1,817,1200,02/14/2025,False
12533,The Villages of Briar Forest,1416,1x1,817,1200,02/15/2025,False
12534,The Villages of Briar Forest,1416,1x1,817,1200,02/16/2025,False
12535,The Villages of Briar Forest,1416,1x1,817,1200,02/17/2025,False
12536,The Villages of Briar Forest,1416,1x1,817,1200,02/18/2025,False
12537,The Villages of Briar Forest,1416,1x1,817,1200,02/19/2025,False
12538,The Villages of Briar Forest,1416,1x1,817,1200,02/20/2025,False
12539,The Villages of Briar Forest,1416,1x1,817,1200,02/21/2025,False
12540,The Villages of Briar Forest,1416,1x1,817,1200,02/22/2025,False
12541,The Villages of Briar Forest,1416,1x1,817,1200,02/23/2025,False
12542,The Villages of Briar Forest,1416,1x1,817,1200,02/24/2025,False
12543,The Villages of Briar Forest,1416,1x1,817,1200,02/25/2025,False
12544,The Villages of Briar Forest,1416,1x1,817,1200,02/26/2025,False
12545,The Villages of Briar Forest,1416,1x1,817,1200,02/27/2025,False
12546,The Villages of Briar Forest,1416,1x1,817,1175,02/28/2025,False
12547,The Villages of Briar Forest,1416,1x1,817,1175,03/01/2025,False
12548,The Villages of Briar Forest,1416,1x1,817,1175,03/02/2025,False
12549,The Villages of Briar Forest,1416,1x1,817,1175,03/03/2025,False
12550,The Villages of Briar Forest,1416,1x1,817,1175,03/04/2025,False
12551,The Villages of Briar Forest,1416,1x1,817,1175,03/05/2025,False
12552,The Villages of Briar Forest,1416,1x1,817,1175,03/06/2025,False
12553,The Villages of Briar Forest,1416,1x1,817,1190,03/07/2025,False
12554,The Villages of Briar Forest,1416,1x1,817,1190,03/08/2025,False
12555,The Villages of Briar Forest,1416,1x1,817,1190,03/09/2025,False
12556,The Villages of Briar Forest,1416,1x1,817,1190,03/10/2025,False
12557,The Villages of Briar Forest,1416,1x1,817,1190,03/11/2025,False
12558,The Villages of Briar Forest,1416,1x1,817,1190,03/12/2025,False
12559,The Villages of Briar Forest,1416,1x1,817,1190,03/13/2025,False
12560,The Villages of Briar Forest,1416,1x1,817,1190,03/14/2025,False
12561,The Villages of Briar Forest,1416,1x1,817,1190,03/15/2025,False
12562,The Villages of Briar Forest,1416,1x1,817,1190,03/16/2025,False
12563,The Villages of Briar Forest,1416,1x1,817,1190,03/17/2025,False
12564,The Villages of Briar Forest,1416,1x1,817,1190,03/18/2025,False
12565,The Villages of Briar Forest,1416,1x1,817,1190,03/19/2025,False
12566,The Villages of Briar Forest,1416,1x1,817,1190,03/20/2025,True
12567,The Villages of Briar Forest,1418,2x2,1138,1641,07/12/2023,False
12568,The Villages of Briar Forest,1418,2x2,1138,1643,07/13/2023,False
12569,The Villages of Briar Forest,1418,2x2,1138,1643,07/14/2023,False
12570,The Villages of Briar Forest,1418,2x2,1138,1653,07/15/2023,False
12571,The Villages of Briar Forest,1418,2x2,1138,1653,07/16/2023,False
12572,The Villages of Briar Forest,1418,2x2,1138,1647,07/17/2023,False
12573,The Villages of Briar Forest,1418,2x2,1138,1622,07/18/2023,False
12574,The Villages of Briar Forest,1418,2x2,1138,1622,07/19/2023,False
12575,The Villages of Briar Forest,1418,2x2,1138,1566,07/20/2023,False
12576,The Villages of Briar Forest,1418,2x2,1138,1566,07/21/2023,False
12577,The Villages of Briar Forest,1418,2x2,1138,1606,07/22/2023,False
12578,The Villages of Briar Forest,1418,2x2,1138,1600,07/23/2023,False
12579,The Villages of Briar Forest,1418,2x2,1138,1600,07/24/2023,False
12580,The Villages of Briar Forest,1418,2x2,1138,1600,07/25/2023,False
12581,The Villages of Briar Forest,1418,2x2,1138,1624,07/26/2023,False
12582,The Villages of Briar Forest,1418,2x2,1138,1624,07/27/2023,False
12583,The Villages of Briar Forest,1418,2x2,1138,1624,07/28/2023,False
12584,The Villages of Briar Forest,1418,2x2,1138,1624,07/29/2023,False
12585,The Villages of Briar Forest,1418,2x2,1138,1624,07/30/2023,False
12586,The Villages of Briar Forest,1418,2x2,1138,1636,07/31/2023,False
12587,The Villages of Briar Forest,1418,2x2,1138,1636,08/01/2023,False
12588,The Villages of Briar Forest,1418,2x2,1138,1636,08/02/2023,False
12589,The Villages of Briar Forest,1418,2x2,1138,1636,08/03/2023,False
12590,The Villages of Briar Forest,1418,2x2,1138,1636,08/04/2023,False
12591,The Villages of Briar Forest,1418,2x2,1138,1636,08/05/2023,False
12592,The Villages of Briar Forest,1418,2x2,1138,1636,08/06/2023,False
12593,The Villages of Briar Forest,1418,2x2,1138,1636,08/07/2023,False
12594,The Villages of Briar Forest,1418,2x2,1138,1636,08/08/2023,False
12595,The Villages of Briar Forest,1418,2x2,1138,1636,08/09/2023,False
12596,The Villages of Briar Forest,1418,2x2,1138,1636,08/10/2023,False
12597,The Villages of Briar Forest,1418,2x2,1138,1636,08/11/2023,False
12598,The Villages of Briar Forest,1418,2x2,1138,1636,08/12/2023,False
12599,The Villages of Briar Forest,1418,2x2,1138,1636,08/13/2023,False
12600,The Villages of Briar Forest,1418,2x2,1138,1636,08/14/2023,False
12601,The Villages of Briar Forest,1418,2x2,1138,1636,08/15/2023,False
12602,The Villages of Briar Forest,1418,2x2,1138,1698,08/16/2023,False
12603,The Villages of Briar Forest,1418,2x2,1138,1698,08/17/2023,False
12604,The Villages of Briar Forest,1418,2x2,1138,1698,08/18/2023,False
12605,The Villages of Briar Forest,1418,2x2,1138,1698,08/19/2023,False
12606,The Villages of Briar Forest,1418,2x2,1138,1698,08/20/2023,False
12607,The Villages of Briar Forest,1418,2x2,1138,1698,08/21/2023,False
12608,The Villages of Briar Forest,1418,2x2,1138,1698,08/22/2023,False
12609,The Villages of Briar Forest,1418,2x2,1138,1698,08/23/2023,False
12610,The Villages of Briar Forest,1418,2x2,1138,1698,08/24/2023,False
12611,The Villages of Briar Forest,1418,2x2,1138,1698,08/25/2023,False
12612,The Villages of Briar Forest,1418,2x2,1138,1698,08/26/2023,False
12613,The Villages of Briar Forest,1418,2x2,1138,1698,08/27/2023,False
12614,The Villages of Briar Forest,1418,2x2,1138,1698,08/28/2023,False
12615,The Villages of Briar Forest,1418,2x2,1138,1698,08/29/2023,False
12616,The Villages of Briar Forest,1418,2x2,1138,1698,08/30/2023,False
12617,The Villages of Briar Forest,1418,2x2,1138,1698,08/31/2023,False
12618,The Villages of Briar Forest,1418,2x2,1138,1698,09/01/2023,False
12619,The Villages of Briar Forest,1418,2x2,1138,1698,09/02/2023,False
12620,The Villages of Briar Forest,1418,2x2,1138,1698,09/03/2023,False
12621,The Villages of Briar Forest,1418,2x2,1138,1698,09/04/2023,False
12622,The Villages of Briar Forest,1418,2x2,1138,1698,09/05/2023,False
12623,The Villages of Briar Forest,1418,2x2,1138,1698,09/06/2023,False
12624,The Villages of Briar Forest,1418,2x2,1138,1698,09/07/2023,False
12625,The Villages of Briar Forest,1418,2x2,1138,1698,09/08/2023,False
12626,The Villages of Briar Forest,1418,2x2,1138,1698,09/09/2023,False
12627,The Villages of Briar Forest,1418,2x2,1138,1698,09/10/2023,False
12628,The Villages of Briar Forest,1418,2x2,1138,1698,09/11/2023,False
12629,The Villages of Briar Forest,1418,2x2,1138,1698,09/12/2023,False
12630,The Villages of Briar Forest,1418,2x2,1138,1698,09/13/2023,False
12631,The Villages of Briar Forest,1418,2x2,1138,1698,09/14/2023,False
12632,The Villages of Briar Forest,1418,2x2,1138,1698,09/15/2023,False
12633,The Villages of Briar Forest,1418,2x2,1138,1698,09/16/2023,False
12634,The Villages of Briar Forest,1418,2x2,1138,1698,09/17/2023,False
12635,The Villages of Briar Forest,1418,2x2,1138,1698,09/18/2023,False
12636,The Villages of Briar Forest,1418,2x2,1138,1698,09/19/2023,False
12637,The Villages of Briar Forest,1418,2x2,1138,1698,09/20/2023,False
12638,The Villages of Briar Forest,1418,2x2,1138,1698,09/21/2023,False
12639,The Villages of Briar Forest,1418,2x2,1138,1698,09/22/2023,False
12640,The Villages of Briar Forest,1418,2x2,1138,1698,09/23/2023,False
12641,The Villages of Briar Forest,1418,2x2,1138,1698,09/24/2023,False
12642,The Villages of Briar Forest,1418,2x2,1138,1698,09/25/2023,False
12643,The Villages of Briar Forest,1418,2x2,1138,1698,09/26/2023,False
12644,The Villages of Briar Forest,1418,2x2,1138,1698,09/27/2023,False
12645,The Villages of Briar Forest,1418,2x2,1138,1698,09/28/2023,False
12646,The Villages of Briar Forest,1418,2x2,1138,1698,09/29/2023,False
12647,The Villages of Briar Forest,1418,2x2,1138,1698,09/30/2023,False
12648,The Villages of Briar Forest,1418,2x2,1138,1698,10/01/2023,False
12649,The Villages of Briar Forest,1418,2x2,1138,1698,10/02/2023,False
12650,The Villages of Briar Forest,1418,2x2,1138,1698,10/03/2023,False
12651,The Villages of Briar Forest,1418,2x2,1138,1698,10/04/2023,False
12652,The Villages of Briar Forest,1418,2x2,1138,1636,10/05/2023,False
12653,The Villages of Briar Forest,1418,2x2,1138,1636,10/06/2023,False
12654,The Villages of Briar Forest,1418,2x2,1138,1636,10/07/2023,False
12655,The Villages of Briar Forest,1418,2x2,1138,1636,10/08/2023,False
12656,The Villages of Briar Forest,1418,2x2,1138,1636,10/09/2023,False
12657,The Villages of Briar Forest,1418,2x2,1138,1636,10/10/2023,False
12658,The Villages of Briar Forest,1418,2x2,1138,1636,10/11/2023,False
12659,The Villages of Briar Forest,1418,2x2,1138,1636,10/12/2023,False
12660,The Villages of Briar Forest,1418,2x2,1138,1636,10/13/2023,False
12661,The Villages of Briar Forest,1418,2x2,1138,1636,10/14/2023,False
12662,The Villages of Briar Forest,1418,2x2,1138,1636,10/15/2023,False
12663,The Villages of Briar Forest,1418,2x2,1138,1636,10/16/2023,False
12664,The Villages of Briar Forest,1418,2x2,1138,1636,10/17/2023,False
12665,The Villages of Briar Forest,1418,2x2,1138,1636,10/18/2023,False
12666,The Villages of Briar Forest,1418,2x2,1138,1636,10/19/2023,False
12667,The Villages of Briar Forest,1418,2x2,1138,1636,10/20/2023,False
12668,The Villages of Briar Forest,1418,2x2,1138,1636,10/21/2023,False
12669,The Villages of Briar Forest,1418,2x2,1138,1636,10/22/2023,False
12670,The Villages of Briar Forest,1418,2x2,1138,1636,10/23/2023,False
12671,The Villages of Briar Forest,1418,2x2,1138,1636,10/24/2023,False
12672,The Villages of Briar Forest,1418,2x2,1138,1636,10/25/2023,False
12673,The Villages of Briar Forest,1418,2x2,1138,1636,10/26/2023,False
12674,The Villages of Briar Forest,1418,2x2,1138,1636,10/27/2023,False
12675,The Villages of Briar Forest,1418,2x2,1138,1538,10/28/2023,False
12676,The Villages of Briar Forest,1418,2x2,1138,1538,10/29/2023,False
12677,The Villages of Briar Forest,1418,2x2,1138,1538,10/30/2023,False
12678,The Villages of Briar Forest,1418,2x2,1138,1538,10/31/2023,False
12679,The Villages of Briar Forest,1418,2x2,1138,1601,11/01/2023,False
12680,The Villages of Briar Forest,1418,2x2,1138,1601,11/02/2023,False
12681,The Villages of Briar Forest,1418,2x2,1138,1601,11/03/2023,False
12682,The Villages of Briar Forest,1418,2x2,1138,1601,11/04/2023,False
12683,The Villages of Briar Forest,1418,2x2,1138,1601,11/05/2023,False
12684,The Villages of Briar Forest,1418,2x2,1138,1601,11/06/2023,False
12685,The Villages of Briar Forest,1418,2x2,1138,1536,11/07/2023,False
12686,The Villages of Briar Forest,1418,2x2,1138,1536,11/08/2023,False
12687,The Villages of Briar Forest,1418,2x2,1138,1536,11/09/2023,False
12688,The Villages of Briar Forest,1418,2x2,1138,1526,11/10/2023,False
12689,The Villages of Briar Forest,1418,2x2,1138,1526,11/11/2023,False
12690,The Villages of Briar Forest,1418,2x2,1138,1526,11/12/2023,False
12691,The Villages of Briar Forest,1418,2x2,1138,1526,11/13/2023,False
12692,The Villages of Briar Forest,1418,2x2,1138,1526,11/14/2023,False
12693,The Villages of Briar Forest,1418,2x2,1138,1526,11/15/2023,True
12694,The Villages of Briar Forest,1418,2x2,1138,1581,10/05/2024,False
12695,The Villages of Briar Forest,1418,2x2,1138,1591,10/06/2024,False
12696,The Villages of Briar Forest,1418,2x2,1138,1588,10/07/2024,False
12697,The Villages of Briar Forest,1418,2x2,1138,1593,10/08/2024,False
12698,The Villages of Briar Forest,1418,2x2,1138,1593,10/09/2024,False
12699,The Villages of Briar Forest,1418,2x2,1138,1616,10/10/2024,False
12700,The Villages of Briar Forest,1418,2x2,1138,1616,10/11/2024,False
12701,The Villages of Briar Forest,1418,2x2,1138,1611,10/12/2024,False
12702,The Villages of Briar Forest,1418,2x2,1138,1611,10/13/2024,False
12703,The Villages of Briar Forest,1418,2x2,1138,1611,10/14/2024,False
12704,The Villages of Briar Forest,1418,2x2,1138,1606,10/15/2024,False
12705,The Villages of Briar Forest,1418,2x2,1138,1606,10/16/2024,False
12706,The Villages of Briar Forest,1418,2x2,1138,1616,10/17/2024,False
12707,The Villages of Briar Forest,1418,2x2,1138,1621,10/18/2024,False
12708,The Villages of Briar Forest,1418,2x2,1138,1616,10/19/2024,False
12709,The Villages of Briar Forest,1418,2x2,1138,1621,10/20/2024,False
12710,The Villages of Briar Forest,1418,2x2,1138,1621,10/21/2024,False
12711,The Villages of Briar Forest,1418,2x2,1138,1621,10/22/2024,False
12712,The Villages of Briar Forest,1418,2x2,1138,1621,10/23/2024,False
12713,The Villages of Briar Forest,1418,2x2,1138,1621,10/24/2024,False
12714,The Villages of Briar Forest,1418,2x2,1138,1616,10/25/2024,False
12715,The Villages of Briar Forest,1418,2x2,1138,1631,10/26/2024,False
12716,The Villages of Briar Forest,1418,2x2,1138,1631,10/27/2024,False
12717,The Villages of Briar Forest,1418,2x2,1138,1631,10/28/2024,False
12718,The Villages of Briar Forest,1418,2x2,1138,1641,10/29/2024,False
12719,The Villages of Briar Forest,1418,2x2,1138,1656,10/30/2024,False
12720,The Villages of Briar Forest,1418,2x2,1138,1661,10/31/2024,False
12721,The Villages of Briar Forest,1418,2x2,1138,1656,11/01/2024,False
12722,The Villages of Briar Forest,1418,2x2,1138,1656,11/02/2024,False
12723,The Villages of Briar Forest,1418,2x2,1138,1656,11/03/2024,False
12724,The Villages of Briar Forest,1418,2x2,1138,1656,11/04/2024,False
12725,The Villages of Briar Forest,1418,2x2,1138,1656,11/05/2024,False
12726,The Villages of Briar Forest,1418,2x2,1138,1651,11/06/2024,False
12727,The Villages of Briar Forest,1418,2x2,1138,1656,11/07/2024,False
12728,The Villages of Briar Forest,1418,2x2,1138,1676,11/08/2024,False
12729,The Villages of Briar Forest,1418,2x2,1138,1676,11/09/2024,False
12730,The Villages of Briar Forest,1418,2x2,1138,1661,11/10/2024,False
12731,The Villages of Briar Forest,1418,2x2,1138,1656,11/11/2024,False
12732,The Villages of Briar Forest,1418,2x2,1138,1646,11/12/2024,False
12733,The Villages of Briar Forest,1418,2x2,1138,1651,11/13/2024,False
12734,The Villages of Briar Forest,1418,2x2,1138,1651,11/14/2024,False
12735,The Villages of Briar Forest,1418,2x2,1138,1636,11/15/2024,False
12736,The Villages of Briar Forest,1418,2x2,1138,1636,11/16/2024,False
12737,The Villages of Briar Forest,1418,2x2,1138,1636,11/17/2024,False
12738,The Villages of Briar Forest,1418,2x2,1138,1636,11/18/2024,False
12739,The Villages of Briar Forest,1418,2x2,1138,1636,11/19/2024,False
12740,The Villages of Briar Forest,1418,2x2,1138,1631,11/20/2024,False
12741,The Villages of Briar Forest,1418,2x2,1138,1631,11/21/2024,False
12742,The Villages of Briar Forest,1418,2x2,1138,1631,11/22/2024,False
12743,The Villages of Briar Forest,1418,2x2,1138,1556,11/23/2024,False
12744,The Villages of Briar Forest,1418,2x2,1138,1556,11/24/2024,False
12745,The Villages of Briar Forest,1418,2x2,1138,1556,11/25/2024,False
12746,The Villages of Briar Forest,1418,2x2,1138,1631,11/26/2024,False
12747,The Villages of Briar Forest,1418,2x2,1138,1556,11/27/2024,False
12748,The Villages of Briar Forest,1418,2x2,1138,1556,11/28/2024,False
12749,The Villages of Briar Forest,1418,2x2,1138,1556,11/29/2024,False
12750,The Villages of Briar Forest,1418,2x2,1138,1556,11/30/2024,False
12751,The Villages of Briar Forest,1418,2x2,1138,1556,12/01/2024,False
12752,The Villages of Briar Forest,1418,2x2,1138,1556,12/02/2024,False
12753,The Villages of Briar Forest,1418,2x2,1138,1556,12/03/2024,False
12754,The Villages of Briar Forest,1418,2x2,1138,1556,12/04/2024,False
12755,The Villages of Briar Forest,1418,2x2,1138,1556,12/05/2024,False
12756,The Villages of Briar Forest,1418,2x2,1138,1556,12/06/2024,False
12757,The Villages of Briar Forest,1418,2x2,1138,1556,12/07/2024,False
12758,The Villages of Briar Forest,1418,2x2,1138,1556,12/08/2024,False
12759,The Villages of Briar Forest,1418,2x2,1138,1556,12/09/2024,False
12760,The Villages of Briar Forest,1418,2x2,1138,1556,12/10/2024,False
12761,The Villages of Briar Forest,1418,2x2,1138,1556,12/11/2024,False
12762,The Villages of Briar Forest,1418,2x2,1138,1556,12/12/2024,False
12763,The Villages of Briar Forest,1418,2x2,1138,1556,12/13/2024,False
12764,The Villages of Briar Forest,1418,2x2,1138,1556,12/14/2024,False
12765,The Villages of Briar Forest,1418,2x2,1138,1556,12/15/2024,False
12766,The Villages of Briar Forest,1418,2x2,1138,1556,12/16/2024,False
12767,The Villages of Briar Forest,1418,2x2,1138,1556,12/17/2024,False
12768,The Villages of Briar Forest,1418,2x2,1138,1606,12/18/2024,False
12769,The Villages of Briar Forest,1418,2x2,1138,1606,12/19/2024,False
12770,The Villages of Briar Forest,1418,2x2,1138,1556,12/20/2024,False
12771,The Villages of Briar Forest,1418,2x2,1138,1556,12/21/2024,False
12772,The Villages of Briar Forest,1418,2x2,1138,1556,12/22/2024,False
12773,The Villages of Briar Forest,1418,2x2,1138,1556,12/23/2024,False
12774,The Villages of Briar Forest,1418,2x2,1138,1556,12/24/2024,False
12775,The Villages of Briar Forest,1418,2x2,1138,1556,12/25/2024,False
12776,The Villages of Briar Forest,1418,2x2,1138,1556,12/26/2024,False
12777,The Villages of Briar Forest,1418,2x2,1138,1556,12/27/2024,False
12778,The Villages of Briar Forest,1418,2x2,1138,1556,12/28/2024,False
12779,The Villages of Briar Forest,1418,2x2,1138,1556,12/29/2024,False
12780,The Villages of Briar Forest,1418,2x2,1138,1556,12/30/2024,False
12781,The Villages of Briar Forest,1418,2x2,1138,1556,12/31/2024,False
12782,The Villages of Briar Forest,1418,2x2,1138,1631,01/01/2025,False
12783,The Villages of Briar Forest,1418,2x2,1138,1556,01/02/2025,False
12784,The Villages of Briar Forest,1418,2x2,1138,1556,01/03/2025,False
12785,The Villages of Briar Forest,1418,2x2,1138,1556,01/04/2025,False
12786,The Villages of Briar Forest,1418,2x2,1138,1556,01/05/2025,False
12787,The Villages of Briar Forest,1418,2x2,1138,1556,01/06/2025,False
12788,The Villages of Briar Forest,1418,2x2,1138,1556,01/07/2025,False
12789,The Villages of Briar Forest,1418,2x2,1138,1556,01/08/2025,False
12790,The Villages of Briar Forest,1418,2x2,1138,1556,01/09/2025,False
12791,The Villages of Briar Forest,1418,2x2,1138,1556,01/10/2025,False
12792,The Villages of Briar Forest,1418,2x2,1138,1556,01/11/2025,False
12793,The Villages of Briar Forest,1418,2x2,1138,1556,01/12/2025,False
12794,The Villages of Briar Forest,1418,2x2,1138,1556,01/13/2025,False
12795,The Villages of Briar Forest,1418,2x2,1138,1556,01/14/2025,False
12796,The Villages of Briar Forest,1418,2x2,1138,1556,01/15/2025,False
12797,The Villages of Briar Forest,1418,2x2,1138,1556,01/16/2025,False
12798,The Villages of Briar Forest,1418,2x2,1138,1556,01/17/2025,False
12799,The Villages of Briar Forest,1418,2x2,1138,1556,01/18/2025,False
12800,The Villages of Briar Forest,1418,2x2,1138,1556,01/19/2025,False
12801,The Villages of Briar Forest,1418,2x2,1138,1556,01/20/2025,False
12802,The Villages of Briar Forest,1418,2x2,1138,1556,01/21/2025,False
12803,The Villages of Briar Forest,1418,2x2,1138,1556,01/22/2025,False
12804,The Villages of Briar Forest,1418,2x2,1138,1556,01/23/2025,False
12805,The Villages of Briar Forest,1418,2x2,1138,1556,01/24/2025,False
12806,The Villages of Briar Forest,1418,2x2,1138,1556,01/25/2025,False
12807,The Villages of Briar Forest,1418,2x2,1138,1556,01/26/2025,False
12808,The Villages of Briar Forest,1418,2x2,1138,1556,01/27/2025,False
12809,The Villages of Briar Forest,1418,2x2,1138,1584,01/28/2025,False
12810,The Villages of Briar Forest,1418,2x2,1138,1578,01/29/2025,False
12811,The Villages of Briar Forest,1418,2x2,1138,1584,01/30/2025,False
12812,The Villages of Briar Forest,1418,2x2,1138,1604,01/31/2025,False
12813,The Villages of Briar Forest,1418,2x2,1138,1604,02/01/2025,False
12814,The Villages of Briar Forest,1418,2x2,1138,1604,02/02/2025,False
12815,The Villages of Briar Forest,1418,2x2,1138,1614,02/03/2025,False
12816,The Villages of Briar Forest,1418,2x2,1138,1608,02/04/2025,False
12817,The Villages of Briar Forest,1418,2x2,1138,1614,02/05/2025,False
12818,The Villages of Briar Forest,1418,2x2,1138,1608,02/06/2025,False
12819,The Villages of Briar Forest,1418,2x2,1138,1594,02/07/2025,False
12820,The Villages of Briar Forest,1418,2x2,1138,1588,02/08/2025,False
12821,The Villages of Briar Forest,1418,2x2,1138,1588,02/09/2025,False
12822,The Villages of Briar Forest,1418,2x2,1138,1594,02/10/2025,False
12823,The Villages of Briar Forest,1418,2x2,1138,1588,02/11/2025,False
12824,The Villages of Briar Forest,1418,2x2,1138,1588,02/12/2025,False
12825,The Villages of Briar Forest,1418,2x2,1138,1588,02/13/2025,False
12826,The Villages of Briar Forest,1418,2x2,1138,1638,02/14/2025,False
12827,The Villages of Briar Forest,1418,2x2,1138,1638,02/15/2025,False
12828,The Villages of Briar Forest,1418,2x2,1138,1638,02/16/2025,False
12829,The Villages of Briar Forest,1418,2x2,1138,1638,02/17/2025,False
12830,The Villages of Briar Forest,1418,2x2,1138,1638,02/18/2025,False
12831,The Villages of Briar Forest,1418,2x2,1138,1644,02/19/2025,False
12832,The Villages of Briar Forest,1418,2x2,1138,1706,02/20/2025,False
12833,The Villages of Briar Forest,1418,2x2,1138,1634,02/21/2025,False
12834,The Villages of Briar Forest,1418,2x2,1138,1638,02/22/2025,False
12835,The Villages of Briar Forest,1418,2x2,1138,1638,02/23/2025,False
12836,The Villages of Briar Forest,1418,2x2,1138,1634,02/24/2025,False
12837,The Villages of Briar Forest,1418,2x2,1138,1638,02/25/2025,False
12838,The Villages of Briar Forest,1418,2x2,1138,1644,02/26/2025,False
12839,The Villages of Briar Forest,1418,2x2,1138,1644,02/27/2025,False
12840,The Villages of Briar Forest,1418,2x2,1138,1654,02/28/2025,False
12841,The Villages of Briar Forest,1418,2x2,1138,1654,03/01/2025,False
12842,The Villages of Briar Forest,1418,2x2,1138,1654,03/02/2025,False
12843,The Villages of Briar Forest,1418,2x2,1138,1654,03/03/2025,False
12844,The Villages of Briar Forest,1418,2x2,1138,1654,03/04/2025,False
12845,The Villages of Briar Forest,1418,2x2,1138,1704,03/05/2025,False
12846,The Villages of Briar Forest,1418,2x2,1138,1756,03/06/2025,False
12847,The Villages of Briar Forest,1418,2x2,1138,1776,03/07/2025,False
12848,The Villages of Briar Forest,1418,2x2,1138,1766,03/08/2025,False
12849,The Villages of Briar Forest,1418,2x2,1138,1766,03/09/2025,False
12850,The Villages of Briar Forest,1418,2x2,1138,1761,03/10/2025,False
12851,The Villages of Briar Forest,1418,2x2,1138,1761,03/11/2025,False
12852,The Villages of Briar Forest,1418,2x2,1138,1761,03/12/2025,False
12853,The Villages of Briar Forest,1418,2x2,1138,1761,03/13/2025,False
12854,The Villages of Briar Forest,1418,2x2,1138,1761,03/14/2025,False
12855,The Villages of Briar Forest,1418,2x2,1138,1761,03/15/2025,False
12856,The Villages of Briar Forest,1418,2x2,1138,1761,03/16/2025,False
12857,The Villages of Briar Forest,1418,2x2,1138,1761,03/17/2025,False
12858,The Villages of Briar Forest,1418,2x2,1138,1761,03/18/2025,False
12859,The Villages of Briar Forest,1418,2x2,1138,1661,03/19/2025,False
12860,The Villages of Briar Forest,1418,2x2,1138,1661,03/20/2025,False
12861,The Villages of Briar Forest,1418,2x2,1138,1661,03/21/2025,False
12862,The Villages of Briar Forest,1418,2x2,1138,1661,03/22/2025,False
12863,The Villages of Briar Forest,1418,2x2,1138,1661,03/23/2025,False
12864,The Villages of Briar Forest,1418,2x2,1138,1661,03/24/2025,False
12865,The Villages of Briar Forest,1418,2x2,1138,1830,03/25/2025,False
12866,The Villages of Briar Forest,1418,2x2,1138,1830,03/26/2025,False
12867,The Villages of Briar Forest,1418,2x2,1138,1830,03/27/2025,False
12868,The Villages of Briar Forest,1418,2x2,1138,1830,03/28/2025,False
12869,The Villages of Briar Forest,1418,2x2,1138,1830,03/29/2025,False
12870,The Villages of Briar Forest,1418,2x2,1138,1830,03/30/2025,False
12871,The Villages of Briar Forest,1418,2x2,1138,1830,03/31/2025,False
12872,The Villages of Briar Forest,1418,2x2,1138,1830,04/01/2025,True
12873,The Villages of Briar Forest,1421,2x2,1138,1436,08/30/2024,False
12874,The Villages of Briar Forest,1421,2x2,1138,1436,08/31/2024,False
12875,The Villages of Briar Forest,1421,2x2,1138,1436,09/01/2024,False
12876,The Villages of Briar Forest,1421,2x2,1138,1436,09/02/2024,False
12877,The Villages of Briar Forest,1421,2x2,1138,1436,09/03/2024,False
12878,The Villages of Briar Forest,1421,2x2,1138,1436,09/04/2024,False
12879,The Villages of Briar Forest,1421,2x2,1138,1436,09/05/2024,False
12880,The Villages of Briar Forest,1421,2x2,1138,1436,09/06/2024,False
12881,The Villages of Briar Forest,1421,2x2,1138,1436,09/07/2024,False
12882,The Villages of Briar Forest,1421,2x2,1138,1436,09/08/2024,False
12883,The Villages of Briar Forest,1421,2x2,1138,1436,09/09/2024,False
12884,The Villages of Briar Forest,1421,2x2,1138,1436,09/10/2024,False
12885,The Villages of Briar Forest,1421,2x2,1138,1436,09/11/2024,False
12886,The Villages of Briar Forest,1421,2x2,1138,1436,09/12/2024,False
12887,The Villages of Briar Forest,1421,2x2,1138,1481,09/13/2024,False
12888,The Villages of Briar Forest,1421,2x2,1138,1481,09/14/2024,False
12889,The Villages of Briar Forest,1421,2x2,1138,1481,09/15/2024,False
12890,The Villages of Briar Forest,1421,2x2,1138,1481,09/16/2024,False
12891,The Villages of Briar Forest,1421,2x2,1138,1481,09/17/2024,False
12892,The Villages of Briar Forest,1421,2x2,1138,1476,09/18/2024,False
12893,The Villages of Briar Forest,1421,2x2,1138,1486,09/19/2024,False
12894,The Villages of Briar Forest,1421,2x2,1138,1496,09/20/2024,False
12895,The Villages of Briar Forest,1421,2x2,1138,1496,09/21/2024,False
12896,The Villages of Briar Forest,1421,2x2,1138,1496,09/22/2024,False
12897,The Villages of Briar Forest,1421,2x2,1138,1496,09/23/2024,False
12898,The Villages of Briar Forest,1421,2x2,1138,1446,09/24/2024,False
12899,The Villages of Briar Forest,1421,2x2,1138,1471,09/25/2024,False
12900,The Villages of Briar Forest,1421,2x2,1138,1471,09/26/2024,True
12901,The Villages of Briar Forest,1424,2x2,1138,1686,03/08/2025,False
12902,The Villages of Briar Forest,1424,2x2,1138,1686,03/09/2025,False
12903,The Villages of Briar Forest,1424,2x2,1138,1681,03/10/2025,False
12904,The Villages of Briar Forest,1424,2x2,1138,1681,03/11/2025,False
12905,The Villages of Briar Forest,1424,2x2,1138,1681,03/12/2025,False
12906,The Villages of Briar Forest,1424,2x2,1138,1681,03/13/2025,False
12907,The Villages of Briar Forest,1424,2x2,1138,1681,03/14/2025,False
12908,The Villages of Briar Forest,1424,2x2,1138,1681,03/15/2025,False
12909,The Villages of Briar Forest,1424,2x2,1138,1681,03/16/2025,False
12910,The Villages of Briar Forest,1424,2x2,1138,1681,03/17/2025,False
12911,The Villages of Briar Forest,1424,2x2,1138,1681,03/18/2025,False
12912,The Villages of Briar Forest,1424,2x2,1138,1641,03/19/2025,False
12913,The Villages of Briar Forest,1424,2x2,1138,1641,03/20/2025,False
12914,The Villages of Briar Forest,1424,2x2,1138,1641,03/21/2025,False
12915,The Villages of Briar Forest,1424,2x2,1138,1641,03/22/2025,False
12916,The Villages of Briar Forest,1424,2x2,1138,1641,03/23/2025,False
12917,The Villages of Briar Forest,1424,2x2,1138,1641,03/24/2025,False
12918,The Villages of Briar Forest,1424,2x2,1138,1810,03/25/2025,False
12919,The Villages of Briar Forest,1424,2x2,1138,1810,03/26/2025,False
12920,The Villages of Briar Forest,1424,2x2,1138,1810,03/27/2025,False
12921,The Villages of Briar Forest,1424,2x2,1138,1810,03/28/2025,False
12922,The Villages of Briar Forest,1424,2x2,1138,1810,03/29/2025,False
12923,The Villages of Briar Forest,1424,2x2,1138,1810,03/30/2025,False
12924,The Villages of Briar Forest,1424,2x2,1138,1810,03/31/2025,False
12925,The Villages of Briar Forest,1424,2x2,1138,1810,04/01/2025,True
12926,The Villages of Briar Forest,1425,2x2,1138,1466,10/11/2024,False
12927,The Villages of Briar Forest,1425,2x2,1138,1461,10/12/2024,False
12928,The Villages of Briar Forest,1425,2x2,1138,1461,10/13/2024,False
12929,The Villages of Briar Forest,1425,2x2,1138,1461,10/14/2024,False
12930,The Villages of Briar Forest,1425,2x2,1138,1456,10/15/2024,False
12931,The Villages of Briar Forest,1425,2x2,1138,1456,10/16/2024,False
12932,The Villages of Briar Forest,1425,2x2,1138,1466,10/17/2024,False
12933,The Villages of Briar Forest,1425,2x2,1138,1471,10/18/2024,False
12934,The Villages of Briar Forest,1425,2x2,1138,1466,10/19/2024,False
12935,The Villages of Briar Forest,1425,2x2,1138,1471,10/20/2024,False
12936,The Villages of Briar Forest,1425,2x2,1138,1471,10/21/2024,False
12937,The Villages of Briar Forest,1425,2x2,1138,1471,10/22/2024,False
12938,The Villages of Briar Forest,1425,2x2,1138,1471,10/23/2024,False
12939,The Villages of Briar Forest,1425,2x2,1138,1471,10/24/2024,False
12940,The Villages of Briar Forest,1425,2x2,1138,1466,10/25/2024,False
12941,The Villages of Briar Forest,1425,2x2,1138,1481,10/26/2024,False
12942,The Villages of Briar Forest,1425,2x2,1138,1481,10/27/2024,False
12943,The Villages of Briar Forest,1425,2x2,1138,1481,10/28/2024,False
12944,The Villages of Briar Forest,1425,2x2,1138,1491,10/29/2024,False
12945,The Villages of Briar Forest,1425,2x2,1138,1506,10/30/2024,False
12946,The Villages of Briar Forest,1425,2x2,1138,1511,10/31/2024,False
12947,The Villages of Briar Forest,1425,2x2,1138,1506,11/01/2024,False
12948,The Villages of Briar Forest,1425,2x2,1138,1506,11/02/2024,False
12949,The Villages of Briar Forest,1425,2x2,1138,1506,11/03/2024,False
12950,The Villages of Briar Forest,1425,2x2,1138,1506,11/04/2024,False
12951,The Villages of Briar Forest,1425,2x2,1138,1506,11/05/2024,False
12952,The Villages of Briar Forest,1425,2x2,1138,1501,11/06/2024,False
12953,The Villages of Briar Forest,1425,2x2,1138,1506,11/07/2024,False
12954,The Villages of Briar Forest,1425,2x2,1138,1526,11/08/2024,False
12955,The Villages of Briar Forest,1425,2x2,1138,1526,11/09/2024,False
12956,The Villages of Briar Forest,1425,2x2,1138,1511,11/10/2024,False
12957,The Villages of Briar Forest,1425,2x2,1138,1506,11/11/2024,False
12958,The Villages of Briar Forest,1425,2x2,1138,1496,11/12/2024,False
12959,The Villages of Briar Forest,1425,2x2,1138,1501,11/13/2024,False
12960,The Villages of Briar Forest,1425,2x2,1138,1501,11/14/2024,False
12961,The Villages of Briar Forest,1425,2x2,1138,1486,11/15/2024,False
12962,The Villages of Briar Forest,1425,2x2,1138,1486,11/16/2024,False
12963,The Villages of Briar Forest,1425,2x2,1138,1486,11/17/2024,False
12964,The Villages of Briar Forest,1425,2x2,1138,1486,11/18/2024,False
12965,The Villages of Briar Forest,1425,2x2,1138,1486,11/19/2024,False
12966,The Villages of Briar Forest,1425,2x2,1138,1481,11/20/2024,False
12967,The Villages of Briar Forest,1425,2x2,1138,1476,11/21/2024,False
12968,The Villages of Briar Forest,1425,2x2,1138,1466,11/22/2024,False
12969,The Villages of Briar Forest,1425,2x2,1138,1421,11/23/2024,False
12970,The Villages of Briar Forest,1425,2x2,1138,1421,11/24/2024,False
12971,The Villages of Briar Forest,1425,2x2,1138,1416,11/25/2024,False
12972,The Villages of Briar Forest,1425,2x2,1138,1416,11/26/2024,False
12973,The Villages of Briar Forest,1425,2x2,1138,1421,11/27/2024,False
12974,The Villages of Briar Forest,1425,2x2,1138,1421,11/28/2024,False
12975,The Villages of Briar Forest,1425,2x2,1138,1421,11/29/2024,False
12976,The Villages of Briar Forest,1425,2x2,1138,1416,11/30/2024,False
12977,The Villages of Briar Forest,1425,2x2,1138,1426,12/01/2024,False
12978,The Villages of Briar Forest,1425,2x2,1138,1426,12/02/2024,False
12979,The Villages of Briar Forest,1425,2x2,1138,1426,12/03/2024,False
12980,The Villages of Briar Forest,1425,2x2,1138,1421,12/04/2024,False
12981,The Villages of Briar Forest,1425,2x2,1138,1426,12/05/2024,False
12982,The Villages of Briar Forest,1425,2x2,1138,1411,12/06/2024,False
12983,The Villages of Briar Forest,1425,2x2,1138,1411,12/07/2024,False
12984,The Villages of Briar Forest,1425,2x2,1138,1411,12/08/2024,False
12985,The Villages of Briar Forest,1425,2x2,1138,1411,12/09/2024,False
12986,The Villages of Briar Forest,1425,2x2,1138,1411,12/10/2024,False
12987,The Villages of Briar Forest,1425,2x2,1138,1411,12/11/2024,False
12988,The Villages of Briar Forest,1425,2x2,1138,1411,12/12/2024,False
12989,The Villages of Briar Forest,1425,2x2,1138,1446,12/13/2024,False
12990,The Villages of Briar Forest,1425,2x2,1138,1446,12/14/2024,False
12991,The Villages of Briar Forest,1425,2x2,1138,1446,12/15/2024,False
12992,The Villages of Briar Forest,1425,2x2,1138,1446,12/16/2024,False
12993,The Villages of Briar Forest,1425,2x2,1138,1446,12/17/2024,False
12994,The Villages of Briar Forest,1425,2x2,1138,1423,12/18/2024,True
12995,The Villages of Briar Forest,1427,1x1,817,1250,07/13/2023,False
12996,The Villages of Briar Forest,1427,1x1,817,1250,07/14/2023,False
12997,The Villages of Briar Forest,1427,1x1,817,1252,07/15/2023,False
12998,The Villages of Briar Forest,1427,1x1,817,1315,07/16/2023,False
12999,The Villages of Briar Forest,1427,1x1,817,1252,07/17/2023,False
13000,The Villages of Briar Forest,1427,1x1,817,1222,07/18/2023,False
13001,The Villages of Briar Forest,1427,1x1,817,1222,07/19/2023,False
13002,The Villages of Briar Forest,1427,1x1,817,1160,07/20/2023,False
13003,The Villages of Briar Forest,1427,1x1,817,1160,07/21/2023,False
13004,The Villages of Briar Forest,1427,1x1,817,1164,07/22/2023,False
13005,The Villages of Briar Forest,1427,1x1,817,1164,07/23/2023,False
13006,The Villages of Briar Forest,1427,1x1,817,1164,07/24/2023,False
13007,The Villages of Briar Forest,1427,1x1,817,1164,07/25/2023,False
13008,The Villages of Briar Forest,1427,1x1,817,1134,07/26/2023,False
13009,The Villages of Briar Forest,1427,1x1,817,1134,07/27/2023,False
13010,The Villages of Briar Forest,1427,1x1,817,1134,07/28/2023,False
13011,The Villages of Briar Forest,1427,1x1,817,1234,07/29/2023,False
13012,The Villages of Briar Forest,1427,1x1,817,1234,07/30/2023,False
13013,The Villages of Briar Forest,1427,1x1,817,1234,07/31/2023,False
13014,The Villages of Briar Forest,1427,1x1,817,1234,08/01/2023,False
13015,The Villages of Briar Forest,1427,1x1,817,1164,08/02/2023,False
13016,The Villages of Briar Forest,1427,1x1,817,1154,08/03/2023,False
13017,The Villages of Briar Forest,1427,1x1,817,1244,08/04/2023,False
13018,The Villages of Briar Forest,1427,1x1,817,1254,08/05/2023,False
13019,The Villages of Briar Forest,1427,1x1,817,1322,08/06/2023,False
13020,The Villages of Briar Forest,1427,1x1,817,1254,08/07/2023,False
13021,The Villages of Briar Forest,1427,1x1,817,1322,08/08/2023,False
13022,The Villages of Briar Forest,1427,1x1,817,1120,08/09/2023,False
13023,The Villages of Briar Forest,1427,1x1,817,1120,08/10/2023,False
13024,The Villages of Briar Forest,1427,1x1,817,1120,08/11/2023,True
13025,The Villages of Briar Forest,1427,1x1,817,1170,01/06/2024,False
13026,The Villages of Briar Forest,1427,1x1,817,1170,01/07/2024,False
13027,The Villages of Briar Forest,1427,1x1,817,1170,01/08/2024,False
13028,The Villages of Briar Forest,1427,1x1,817,1170,01/09/2024,False
13029,The Villages of Briar Forest,1427,1x1,817,1170,01/10/2024,False
13030,The Villages of Briar Forest,1427,1x1,817,1170,01/11/2024,False
13031,The Villages of Briar Forest,1427,1x1,817,1170,01/12/2024,False
13032,The Villages of Briar Forest,1427,1x1,817,1170,01/13/2024,False
13033,The Villages of Briar Forest,1427,1x1,817,1220,01/14/2024,False
13034,The Villages of Briar Forest,1427,1x1,817,1220,01/15/2024,False
13035,The Villages of Briar Forest,1427,1x1,817,1220,01/16/2024,False
13036,The Villages of Briar Forest,1427,1x1,817,1220,01/17/2024,False
13037,The Villages of Briar Forest,1427,1x1,817,1220,01/18/2024,False
13038,The Villages of Briar Forest,1427,1x1,817,1220,01/19/2024,False
13039,The Villages of Briar Forest,1427,1x1,817,1170,01/20/2024,False
13040,The Villages of Briar Forest,1427,1x1,817,1170,01/21/2024,False
13041,The Villages of Briar Forest,1427,1x1,817,1170,01/22/2024,False
13042,The Villages of Briar Forest,1427,1x1,817,1170,01/23/2024,False
13043,The Villages of Briar Forest,1427,1x1,817,1170,01/24/2024,False
13044,The Villages of Briar Forest,1427,1x1,817,1170,01/25/2024,False
13045,The Villages of Briar Forest,1427,1x1,817,1145,01/26/2024,False
13046,The Villages of Briar Forest,1427,1x1,817,1145,01/27/2024,False
13047,The Villages of Briar Forest,1427,1x1,817,1145,01/28/2024,False
13048,The Villages of Briar Forest,1427,1x1,817,1145,01/29/2024,False
13049,The Villages of Briar Forest,1427,1x1,817,1145,01/30/2024,False
13050,The Villages of Briar Forest,1427,1x1,817,1250,01/31/2024,False
13051,The Villages of Briar Forest,1427,1x1,817,1250,02/01/2024,False
13052,The Villages of Briar Forest,1427,1x1,817,1250,02/02/2024,False
13053,The Villages of Briar Forest,1427,1x1,817,1225,02/03/2024,False
13054,The Villages of Briar Forest,1427,1x1,817,1225,02/04/2024,False
13055,The Villages of Briar Forest,1427,1x1,817,1225,02/05/2024,False
13056,The Villages of Briar Forest,1427,1x1,817,1225,02/06/2024,False
13057,The Villages of Briar Forest,1427,1x1,817,1225,02/07/2024,False
13058,The Villages of Briar Forest,1427,1x1,817,1225,02/08/2024,False
13059,The Villages of Briar Forest,1427,1x1,817,1225,02/09/2024,False
13060,The Villages of Briar Forest,1427,1x1,817,1165,02/10/2024,False
13061,The Villages of Briar Forest,1427,1x1,817,1165,02/11/2024,True
13062,The Villages of Briar Forest,1427,1x1,817,1200,02/01/2025,False
13063,The Villages of Briar Forest,1427,1x1,817,1200,02/02/2025,False
13064,The Villages of Briar Forest,1427,1x1,817,1200,02/03/2025,False
13065,The Villages of Briar Forest,1427,1x1,817,1200,02/04/2025,False
13066,The Villages of Briar Forest,1427,1x1,817,1200,02/05/2025,False
13067,The Villages of Briar Forest,1427,1x1,817,1200,02/06/2025,False
13068,The Villages of Briar Forest,1427,1x1,817,1165,02/07/2025,False
13069,The Villages of Briar Forest,1427,1x1,817,1165,02/08/2025,False
13070,The Villages of Briar Forest,1427,1x1,817,1165,02/09/2025,False
13071,The Villages of Briar Forest,1427,1x1,817,1165,02/10/2025,False
13072,The Villages of Briar Forest,1427,1x1,817,1165,02/11/2025,False
13073,The Villages of Briar Forest,1427,1x1,817,1165,02/12/2025,False
13074,The Villages of Briar Forest,1427,1x1,817,1165,02/13/2025,False
13075,The Villages of Briar Forest,1427,1x1,817,1180,02/14/2025,False
13076,The Villages of Briar Forest,1427,1x1,817,1180,02/15/2025,False
13077,The Villages of Briar Forest,1427,1x1,817,1180,02/16/2025,False
13078,The Villages of Briar Forest,1427,1x1,817,1180,02/17/2025,False
13079,The Villages of Briar Forest,1427,1x1,817,1180,02/18/2025,False
13080,The Villages of Briar Forest,1427,1x1,817,1180,02/19/2025,False
13081,The Villages of Briar Forest,1427,1x1,817,1180,02/20/2025,False
13082,The Villages of Briar Forest,1427,1x1,817,1105,02/21/2025,False
13083,The Villages of Briar Forest,1427,1x1,817,1105,02/22/2025,False
13084,The Villages of Briar Forest,1427,1x1,817,1105,02/23/2025,False
13085,The Villages of Briar Forest,1427,1x1,817,1118,02/24/2025,False
13086,The Villages of Briar Forest,1427,1x1,817,1105,02/25/2025,False
13087,The Villages of Briar Forest,1427,1x1,817,1118,02/26/2025,False
13088,The Villages of Briar Forest,1427,1x1,817,1118,02/27/2025,False
13089,The Villages of Briar Forest,1427,1x1,817,1092,02/28/2025,False
13090,The Villages of Briar Forest,1427,1x1,817,1092,03/01/2025,False
13091,The Villages of Briar Forest,1427,1x1,817,1092,03/02/2025,False
13092,The Villages of Briar Forest,1427,1x1,817,1092,03/03/2025,False
13093,The Villages of Briar Forest,1427,1x1,817,1092,03/04/2025,False
13094,The Villages of Briar Forest,1427,1x1,817,1092,03/05/2025,False
13095,The Villages of Briar Forest,1427,1x1,817,1155,03/06/2025,False
13096,The Villages of Briar Forest,1427,1x1,817,1170,03/07/2025,False
13097,The Villages of Briar Forest,1427,1x1,817,1170,03/08/2025,False
13098,The Villages of Briar Forest,1427,1x1,817,1170,03/09/2025,False
13099,The Villages of Briar Forest,1427,1x1,817,1170,03/10/2025,False
13100,The Villages of Briar Forest,1427,1x1,817,1170,03/11/2025,False
13101,The Villages of Briar Forest,1427,1x1,817,1170,03/12/2025,False
13102,The Villages of Briar Forest,1427,1x1,817,1170,03/13/2025,False
13103,The Villages of Briar Forest,1427,1x1,817,1170,03/14/2025,False
13104,The Villages of Briar Forest,1427,1x1,817,1170,03/15/2025,False
13105,The Villages of Briar Forest,1427,1x1,817,1170,03/16/2025,False
13106,The Villages of Briar Forest,1427,1x1,817,1170,03/17/2025,False
13107,The Villages of Briar Forest,1427,1x1,817,1170,03/18/2025,False
13108,The Villages of Briar Forest,1427,1x1,817,1170,03/19/2025,False
13109,The Villages of Briar Forest,1427,1x1,817,1170,03/20/2025,True
13110,The Villages of Briar Forest,1428,2x2,1138,1541,09/15/2023,False
13111,The Villages of Briar Forest,1428,2x2,1138,1541,09/16/2023,False
13112,The Villages of Briar Forest,1428,2x2,1138,1541,09/17/2023,False
13113,The Villages of Briar Forest,1428,2x2,1138,1541,09/18/2023,False
13114,The Villages of Briar Forest,1428,2x2,1138,1541,09/19/2023,False
13115,The Villages of Briar Forest,1428,2x2,1138,1541,09/20/2023,False
13116,The Villages of Briar Forest,1428,2x2,1138,1541,09/21/2023,False
13117,The Villages of Briar Forest,1428,2x2,1138,1541,09/22/2023,False
13118,The Villages of Briar Forest,1428,2x2,1138,1541,09/23/2023,False
13119,The Villages of Briar Forest,1428,2x2,1138,1541,09/24/2023,False
13120,The Villages of Briar Forest,1428,2x2,1138,1541,09/25/2023,False
13121,The Villages of Briar Forest,1428,2x2,1138,1541,09/26/2023,False
13122,The Villages of Briar Forest,1428,2x2,1138,1541,09/27/2023,False
13123,The Villages of Briar Forest,1428,2x2,1138,1541,09/28/2023,False
13124,The Villages of Briar Forest,1428,2x2,1138,1541,09/29/2023,False
13125,The Villages of Briar Forest,1428,2x2,1138,1541,09/30/2023,True
13126,The Villages of Briar Forest,1428,2x2,1138,1536,01/14/2025,False
13127,The Villages of Briar Forest,1428,2x2,1138,1536,01/15/2025,False
13128,The Villages of Briar Forest,1428,2x2,1138,1536,01/16/2025,False
13129,The Villages of Briar Forest,1428,2x2,1138,1541,01/17/2025,False
13130,The Villages of Briar Forest,1428,2x2,1138,1541,01/18/2025,False
13131,The Villages of Briar Forest,1428,2x2,1138,1541,01/19/2025,False
13132,The Villages of Briar Forest,1428,2x2,1138,1541,01/20/2025,False
13133,The Villages of Briar Forest,1428,2x2,1138,1541,01/21/2025,False
13134,The Villages of Briar Forest,1428,2x2,1138,1541,01/22/2025,False
13135,The Villages of Briar Forest,1428,2x2,1138,1536,01/23/2025,False
13136,The Villages of Briar Forest,1428,2x2,1138,1491,01/24/2025,False
13137,The Villages of Briar Forest,1428,2x2,1138,1491,01/25/2025,False
13138,The Villages of Briar Forest,1428,2x2,1138,1491,01/26/2025,False
13139,The Villages of Briar Forest,1428,2x2,1138,1491,01/27/2025,False
13140,The Villages of Briar Forest,1428,2x2,1138,1496,01/28/2025,False
13141,The Villages of Briar Forest,1428,2x2,1138,1491,01/29/2025,False
13142,The Villages of Briar Forest,1428,2x2,1138,1496,01/30/2025,False
13143,The Villages of Briar Forest,1428,2x2,1138,1516,01/31/2025,False
13144,The Villages of Briar Forest,1428,2x2,1138,1516,02/01/2025,False
13145,The Villages of Briar Forest,1428,2x2,1138,1516,02/02/2025,False
13146,The Villages of Briar Forest,1428,2x2,1138,1526,02/03/2025,False
13147,The Villages of Briar Forest,1428,2x2,1138,1521,02/04/2025,False
13148,The Villages of Briar Forest,1428,2x2,1138,1526,02/05/2025,False
13149,The Villages of Briar Forest,1428,2x2,1138,1521,02/06/2025,False
13150,The Villages of Briar Forest,1428,2x2,1138,1506,02/07/2025,False
13151,The Villages of Briar Forest,1428,2x2,1138,1501,02/08/2025,False
13152,The Villages of Briar Forest,1428,2x2,1138,1501,02/09/2025,False
13153,The Villages of Briar Forest,1428,2x2,1138,1506,02/10/2025,False
13154,The Villages of Briar Forest,1428,2x2,1138,1501,02/11/2025,False
13155,The Villages of Briar Forest,1428,2x2,1138,1501,02/12/2025,False
13156,The Villages of Briar Forest,1428,2x2,1138,1501,02/13/2025,False
13157,The Villages of Briar Forest,1428,2x2,1138,1551,02/14/2025,False
13158,The Villages of Briar Forest,1428,2x2,1138,1551,02/15/2025,False
13159,The Villages of Briar Forest,1428,2x2,1138,1551,02/16/2025,False
13160,The Villages of Briar Forest,1428,2x2,1138,1551,02/17/2025,False
13161,The Villages of Briar Forest,1428,2x2,1138,1551,02/18/2025,False
13162,The Villages of Briar Forest,1428,2x2,1138,1556,02/19/2025,False
13163,The Villages of Briar Forest,1428,2x2,1138,1556,02/20/2025,False
13164,The Villages of Briar Forest,1428,2x2,1138,1546,02/21/2025,False
13165,The Villages of Briar Forest,1428,2x2,1138,1551,02/22/2025,False
13166,The Villages of Briar Forest,1428,2x2,1138,1551,02/23/2025,False
13167,The Villages of Briar Forest,1428,2x2,1138,1546,02/24/2025,False
13168,The Villages of Briar Forest,1428,2x2,1138,1551,02/25/2025,False
13169,The Villages of Briar Forest,1428,2x2,1138,1556,02/26/2025,False
13170,The Villages of Briar Forest,1428,2x2,1138,1556,02/27/2025,False
13171,The Villages of Briar Forest,1428,2x2,1138,1566,02/28/2025,False
13172,The Villages of Briar Forest,1428,2x2,1138,1566,03/01/2025,False
13173,The Villages of Briar Forest,1428,2x2,1138,1566,03/02/2025,False
13174,The Villages of Briar Forest,1428,2x2,1138,1556,03/03/2025,False
13175,The Villages of Briar Forest,1428,2x2,1138,1556,03/04/2025,False
13176,The Villages of Briar Forest,1428,2x2,1138,1556,03/05/2025,False
13177,The Villages of Briar Forest,1428,2x2,1138,1556,03/06/2025,False
13178,The Villages of Briar Forest,1428,2x2,1138,1556,03/07/2025,False
13179,The Villages of Briar Forest,1428,2x2,1138,1556,03/08/2025,False
13180,The Villages of Briar Forest,1428,2x2,1138,1556,03/09/2025,False
13181,The Villages of Briar Forest,1428,2x2,1138,1556,03/10/2025,False
13182,The Villages of Briar Forest,1428,2x2,1138,1556,03/11/2025,False
13183,The Villages of Briar Forest,1428,2x2,1138,1556,03/12/2025,False
13184,The Villages of Briar Forest,1428,2x2,1138,1556,03/13/2025,False
13185,The Villages of Briar Forest,1428,2x2,1138,1556,03/14/2025,False
13186,The Villages of Briar Forest,1428,2x2,1138,1556,03/15/2025,False
13187,The Villages of Briar Forest,1428,2x2,1138,1556,03/16/2025,False
13188,The Villages of Briar Forest,1428,2x2,1138,1556,03/17/2025,False
13189,The Villages of Briar Forest,1428,2x2,1138,1556,03/18/2025,False
13190,The Villages of Briar Forest,1428,2x2,1138,1511,03/19/2025,False
13191,The Villages of Briar Forest,1428,2x2,1138,1511,03/20/2025,False
13192,The Villages of Briar Forest,1428,2x2,1138,1511,03/21/2025,False
13193,The Villages of Briar Forest,1428,2x2,1138,1511,03/22/2025,False
13194,The Villages of Briar Forest,1428,2x2,1138,1511,03/23/2025,False
13195,The Villages of Briar Forest,1428,2x2,1138,1511,03/24/2025,False
13196,The Villages of Briar Forest,1428,2x2,1138,1680,03/25/2025,False
13197,The Villages of Briar Forest,1428,2x2,1138,1680,03/26/2025,False
13198,The Villages of Briar Forest,1428,2x2,1138,1680,03/27/2025,False
13199,The Villages of Briar Forest,1428,2x2,1138,1680,03/28/2025,False
13200,The Villages of Briar Forest,1428,2x2,1138,1680,03/29/2025,False
13201,The Villages of Briar Forest,1428,2x2,1138,1680,03/30/2025,False
13202,The Villages of Briar Forest,1428,2x2,1138,1680,03/31/2025,False
13203,The Villages of Briar Forest,1428,2x2,1138,1680,04/01/2025,True
13204,The Villages of Briar Forest,1511,2x1,924,1332,12/16/2023,False
13205,The Villages of Briar Forest,1511,2x1,924,1332,12/17/2023,False
13206,The Villages of Briar Forest,1511,2x1,924,1332,12/18/2023,False
13207,The Villages of Briar Forest,1511,2x1,924,1332,12/19/2023,False
13208,The Villages of Briar Forest,1511,2x1,924,1332,12/20/2023,True
13209,The Villages of Briar Forest,1511,2x1,924,1267,03/20/2024,False
13210,The Villages of Briar Forest,1511,2x1,924,1267,03/21/2024,False
13211,The Villages of Briar Forest,1511,2x1,924,1412,03/22/2024,False
13212,The Villages of Briar Forest,1511,2x1,924,1412,03/23/2024,False
13213,The Villages of Briar Forest,1511,2x1,924,1412,03/24/2024,False
13214,The Villages of Briar Forest,1511,2x1,924,1412,03/25/2024,False
13215,The Villages of Briar Forest,1511,2x1,924,1412,03/26/2024,False
13216,The Villages of Briar Forest,1511,2x1,924,1412,03/27/2024,False
13217,The Villages of Briar Forest,1511,2x1,924,1412,03/28/2024,False
13218,The Villages of Briar Forest,1511,2x1,924,1412,03/29/2024,False
13219,The Villages of Briar Forest,1511,2x1,924,1412,03/30/2024,False
13220,The Villages of Briar Forest,1511,2x1,924,1412,03/31/2024,False
13221,The Villages of Briar Forest,1511,2x1,924,1412,04/01/2024,False
13222,The Villages of Briar Forest,1511,2x1,924,1412,04/02/2024,False
13223,The Villages of Briar Forest,1511,2x1,924,1412,04/03/2024,False
13224,The Villages of Briar Forest,1511,2x1,924,1412,04/04/2024,False
13225,The Villages of Briar Forest,1511,2x1,924,1412,04/05/2024,False
13226,The Villages of Briar Forest,1511,2x1,924,1467,04/06/2024,False
13227,The Villages of Briar Forest,1511,2x1,924,1467,04/07/2024,False
13228,The Villages of Briar Forest,1511,2x1,924,1467,04/08/2024,False
13229,The Villages of Briar Forest,1511,2x1,924,1467,04/09/2024,False
13230,The Villages of Briar Forest,1511,2x1,924,1467,04/10/2024,False
13231,The Villages of Briar Forest,1511,2x1,924,1467,04/11/2024,False
13232,The Villages of Briar Forest,1511,2x1,924,1467,04/12/2024,False
13233,The Villages of Briar Forest,1511,2x1,924,1417,04/13/2024,False
13234,The Villages of Briar Forest,1511,2x1,924,1417,04/14/2024,False
13235,The Villages of Briar Forest,1511,2x1,924,1417,04/15/2024,False
13236,The Villages of Briar Forest,1511,2x1,924,1417,04/16/2024,False
13237,The Villages of Briar Forest,1511,2x1,924,1417,04/17/2024,False
13238,The Villages of Briar Forest,1511,2x1,924,1417,04/18/2024,False
13239,The Villages of Briar Forest,1511,2x1,924,1417,04/19/2024,False
13240,The Villages of Briar Forest,1511,2x1,924,1417,04/20/2024,False
13241,The Villages of Briar Forest,1511,2x1,924,1417,04/21/2024,False
13242,The Villages of Briar Forest,1511,2x1,924,1417,04/22/2024,False
13243,The Villages of Briar Forest,1511,2x1,924,1417,04/23/2024,False
13244,The Villages of Briar Forest,1511,2x1,924,1417,04/24/2024,False
13245,The Villages of Briar Forest,1511,2x1,924,1417,04/25/2024,False
13246,The Villages of Briar Forest,1511,2x1,924,1387,04/26/2024,False
13247,The Villages of Briar Forest,1511,2x1,924,1387,04/27/2024,False
13248,The Villages of Briar Forest,1511,2x1,924,1387,04/28/2024,False
13249,The Villages of Briar Forest,1511,2x1,924,1387,04/29/2024,False
13250,The Villages of Briar Forest,1511,2x1,924,1387,04/30/2024,False
13251,The Villages of Briar Forest,1511,2x1,924,1387,05/01/2024,False
13252,The Villages of Briar Forest,1511,2x1,924,1387,05/02/2024,False
13253,The Villages of Briar Forest,1511,2x1,924,1387,05/03/2024,False
13254,The Villages of Briar Forest,1511,2x1,924,1352,05/04/2024,False
13255,The Villages of Briar Forest,1511,2x1,924,1352,05/05/2024,False
13256,The Villages of Briar Forest,1511,2x1,924,1352,05/06/2024,False
13257,The Villages of Briar Forest,1511,2x1,924,1352,05/07/2024,False
13258,The Villages of Briar Forest,1511,2x1,924,1352,05/08/2024,False
13259,The Villages of Briar Forest,1511,2x1,924,1352,05/09/2024,False
13260,The Villages of Briar Forest,1511,2x1,924,1335,05/10/2024,False
13261,The Villages of Briar Forest,1511,2x1,924,1302,05/11/2024,False
13262,The Villages of Briar Forest,1511,2x1,924,1302,05/12/2024,False
13263,The Villages of Briar Forest,1511,2x1,924,1302,05/13/2024,False
13264,The Villages of Briar Forest,1511,2x1,924,1302,05/14/2024,False
13265,The Villages of Briar Forest,1511,2x1,924,1302,05/15/2024,False
13266,The Villages of Briar Forest,1511,2x1,924,1302,05/16/2024,False
13267,The Villages of Briar Forest,1511,2x1,924,1297,05/17/2024,False
13268,The Villages of Briar Forest,1511,2x1,924,1297,05/18/2024,False
13269,The Villages of Briar Forest,1511,2x1,924,1297,05/19/2024,False
13270,The Villages of Briar Forest,1511,2x1,924,1297,05/20/2024,False
13271,The Villages of Briar Forest,1511,2x1,924,1297,05/21/2024,False
13272,The Villages of Briar Forest,1511,2x1,924,1297,05/22/2024,False
13273,The Villages of Briar Forest,1511,2x1,924,1297,05/23/2024,False
13274,The Villages of Briar Forest,1511,2x1,924,1297,05/24/2024,False
13275,The Villages of Briar Forest,1511,2x1,924,1297,05/25/2024,False
13276,The Villages of Briar Forest,1511,2x1,924,1297,05/26/2024,False
13277,The Villages of Briar Forest,1511,2x1,924,1297,05/27/2024,False
13278,The Villages of Briar Forest,1511,2x1,924,1313,05/28/2024,False
13279,The Villages of Briar Forest,1511,2x1,924,1323,05/29/2024,False
13280,The Villages of Briar Forest,1511,2x1,924,1323,05/30/2024,False
13281,The Villages of Briar Forest,1511,2x1,924,1323,05/31/2024,False
13282,The Villages of Briar Forest,1511,2x1,924,1323,06/01/2024,False
13283,The Villages of Briar Forest,1511,2x1,924,1323,06/02/2024,False
13284,The Villages of Briar Forest,1511,2x1,924,1323,06/03/2024,False
13285,The Villages of Briar Forest,1511,2x1,924,1326,06/04/2024,False
13286,The Villages of Briar Forest,1511,2x1,924,1323,06/05/2024,False
13287,The Villages of Briar Forest,1511,2x1,924,1323,06/06/2024,False
13288,The Villages of Briar Forest,1511,2x1,924,1323,06/07/2024,True
13289,The Villages of Briar Forest,1512,2x2,972,1478,08/11/2023,False
13290,The Villages of Briar Forest,1512,2x2,972,1494,08/12/2023,False
13291,The Villages of Briar Forest,1512,2x2,972,1504,08/13/2023,False
13292,The Villages of Briar Forest,1512,2x2,972,1504,08/14/2023,False
13293,The Villages of Briar Forest,1512,2x2,972,1498,08/15/2023,False
13294,The Villages of Briar Forest,1512,2x2,972,1551,08/16/2023,False
13295,The Villages of Briar Forest,1512,2x2,972,1551,08/17/2023,False
13296,The Villages of Briar Forest,1512,2x2,972,1596,08/18/2023,False
13297,The Villages of Briar Forest,1512,2x2,972,1601,08/19/2023,False
13298,The Villages of Briar Forest,1512,2x2,972,1601,08/20/2023,False
13299,The Villages of Briar Forest,1512,2x2,972,1601,08/21/2023,False
13300,The Villages of Briar Forest,1512,2x2,972,1601,08/22/2023,False
13301,The Villages of Briar Forest,1512,2x2,972,1601,08/23/2023,False
13302,The Villages of Briar Forest,1512,2x2,972,1601,08/24/2023,False
13303,The Villages of Briar Forest,1512,2x2,972,1601,08/25/2023,False
13304,The Villages of Briar Forest,1512,2x2,972,1606,08/26/2023,False
13305,The Villages of Briar Forest,1512,2x2,972,1606,08/27/2023,False
13306,The Villages of Briar Forest,1512,2x2,972,1606,08/28/2023,False
13307,The Villages of Briar Forest,1512,2x2,972,1606,08/29/2023,False
13308,The Villages of Briar Forest,1512,2x2,972,1606,08/30/2023,False
13309,The Villages of Briar Forest,1512,2x2,972,1606,08/31/2023,False
13310,The Villages of Briar Forest,1512,2x2,972,1581,09/01/2023,False
13311,The Villages of Briar Forest,1512,2x2,972,1581,09/02/2023,False
13312,The Villages of Briar Forest,1512,2x2,972,1581,09/03/2023,False
13313,The Villages of Briar Forest,1512,2x2,972,1581,09/04/2023,False
13314,The Villages of Briar Forest,1512,2x2,972,1581,09/05/2023,False
13315,The Villages of Briar Forest,1512,2x2,972,1581,09/06/2023,False
13316,The Villages of Briar Forest,1512,2x2,972,1581,09/07/2023,False
13317,The Villages of Briar Forest,1512,2x2,972,1585,09/08/2023,False
13318,The Villages of Briar Forest,1512,2x2,972,1591,09/09/2023,False
13319,The Villages of Briar Forest,1512,2x2,972,1566,09/10/2023,False
13320,The Villages of Briar Forest,1512,2x2,972,1566,09/11/2023,False
13321,The Villages of Briar Forest,1512,2x2,972,1566,09/12/2023,False
13322,The Villages of Briar Forest,1512,2x2,972,1566,09/13/2023,False
13323,The Villages of Briar Forest,1512,2x2,972,1566,09/14/2023,False
13324,The Villages of Briar Forest,1512,2x2,972,1566,09/15/2023,False
13325,The Villages of Briar Forest,1512,2x2,972,1566,09/16/2023,False
13326,The Villages of Briar Forest,1512,2x2,972,1566,09/17/2023,False
13327,The Villages of Briar Forest,1512,2x2,972,1566,09/18/2023,False
13328,The Villages of Briar Forest,1512,2x2,972,1566,09/19/2023,False
13329,The Villages of Briar Forest,1512,2x2,972,1570,09/20/2023,False
13330,The Villages of Briar Forest,1512,2x2,972,1566,09/21/2023,False
13331,The Villages of Briar Forest,1512,2x2,972,1566,09/22/2023,False
13332,The Villages of Briar Forest,1512,2x2,972,1566,09/23/2023,False
13333,The Villages of Briar Forest,1512,2x2,972,1566,09/24/2023,False
13334,The Villages of Briar Forest,1512,2x2,972,1566,09/25/2023,False
13335,The Villages of Briar Forest,1512,2x2,972,1566,09/26/2023,False
13336,The Villages of Briar Forest,1512,2x2,972,1566,09/27/2023,False
13337,The Villages of Briar Forest,1512,2x2,972,1566,09/28/2023,False
13338,The Villages of Briar Forest,1512,2x2,972,1566,09/29/2023,False
13339,The Villages of Briar Forest,1512,2x2,972,1566,09/30/2023,False
13340,The Villages of Briar Forest,1512,2x2,972,1566,10/01/2023,False
13341,The Villages of Briar Forest,1512,2x2,972,1566,10/02/2023,False
13342,The Villages of Briar Forest,1512,2x2,972,1566,10/03/2023,False
13343,The Villages of Briar Forest,1512,2x2,972,1566,10/04/2023,False
13344,The Villages of Briar Forest,1512,2x2,972,1504,10/05/2023,False
13345,The Villages of Briar Forest,1512,2x2,972,1534,10/06/2023,False
13346,The Villages of Briar Forest,1512,2x2,972,1512,10/07/2023,False
13347,The Villages of Briar Forest,1512,2x2,972,1512,10/08/2023,False
13348,The Villages of Briar Forest,1512,2x2,972,1512,10/09/2023,False
13349,The Villages of Briar Forest,1512,2x2,972,1512,10/10/2023,False
13350,The Villages of Briar Forest,1512,2x2,972,1512,10/11/2023,False
13351,The Villages of Briar Forest,1512,2x2,972,1512,10/12/2023,False
13352,The Villages of Briar Forest,1512,2x2,972,1512,10/13/2023,False
13353,The Villages of Briar Forest,1512,2x2,972,1468,10/14/2023,False
13354,The Villages of Briar Forest,1512,2x2,972,1468,10/15/2023,False
13355,The Villages of Briar Forest,1512,2x2,972,1468,10/16/2023,False
13356,The Villages of Briar Forest,1512,2x2,972,1468,10/17/2023,False
13357,The Villages of Briar Forest,1512,2x2,972,1468,10/18/2023,False
13358,The Villages of Briar Forest,1512,2x2,972,1468,10/19/2023,False
13359,The Villages of Briar Forest,1512,2x2,972,1468,10/20/2023,False
13360,The Villages of Briar Forest,1512,2x2,972,1438,10/21/2023,False
13361,The Villages of Briar Forest,1512,2x2,972,1438,10/22/2023,False
13362,The Villages of Briar Forest,1512,2x2,972,1438,10/23/2023,False
13363,The Villages of Briar Forest,1512,2x2,972,1438,10/24/2023,False
13364,The Villages of Briar Forest,1512,2x2,972,1438,10/25/2023,False
13365,The Villages of Briar Forest,1512,2x2,972,1438,10/26/2023,False
13366,The Villages of Briar Forest,1512,2x2,972,1438,10/27/2023,False
13367,The Villages of Briar Forest,1512,2x2,972,1438,10/28/2023,False
13368,The Villages of Briar Forest,1512,2x2,972,1438,10/29/2023,False
13369,The Villages of Briar Forest,1512,2x2,972,1438,10/30/2023,False
13370,The Villages of Briar Forest,1512,2x2,972,1438,10/31/2023,False
13371,The Villages of Briar Forest,1512,2x2,972,1500,11/01/2023,False
13372,The Villages of Briar Forest,1512,2x2,972,1500,11/02/2023,False
13373,The Villages of Briar Forest,1512,2x2,972,1500,11/03/2023,False
13374,The Villages of Briar Forest,1512,2x2,972,1500,11/04/2023,False
13375,The Villages of Briar Forest,1512,2x2,972,1500,11/05/2023,False
13376,The Villages of Briar Forest,1512,2x2,972,1500,11/06/2023,False
13377,The Villages of Briar Forest,1512,2x2,972,1500,11/07/2023,False
13378,The Villages of Briar Forest,1512,2x2,972,1500,11/08/2023,False
13379,The Villages of Briar Forest,1512,2x2,972,1500,11/09/2023,False
13380,The Villages of Briar Forest,1512,2x2,972,1500,11/10/2023,False
13381,The Villages of Briar Forest,1512,2x2,972,1500,11/11/2023,False
13382,The Villages of Briar Forest,1512,2x2,972,1500,11/12/2023,False
13383,The Villages of Briar Forest,1512,2x2,972,1500,11/13/2023,False
13384,The Villages of Briar Forest,1512,2x2,972,1500,11/14/2023,False
13385,The Villages of Briar Forest,1512,2x2,972,1500,11/15/2023,False
13386,The Villages of Briar Forest,1512,2x2,972,1500,11/16/2023,False
13387,The Villages of Briar Forest,1512,2x2,972,1500,11/17/2023,False
13388,The Villages of Briar Forest,1512,2x2,972,1500,11/18/2023,False
13389,The Villages of Briar Forest,1512,2x2,972,1500,11/19/2023,False
13390,The Villages of Briar Forest,1512,2x2,972,1500,11/20/2023,False
13391,The Villages of Briar Forest,1512,2x2,972,1500,11/21/2023,False
13392,The Villages of Briar Forest,1512,2x2,972,1500,11/22/2023,False
13393,The Villages of Briar Forest,1512,2x2,972,1500,11/23/2023,False
13394,The Villages of Briar Forest,1512,2x2,972,1500,11/24/2023,False
13395,The Villages of Briar Forest,1512,2x2,972,1500,11/25/2023,False
13396,The Villages of Briar Forest,1512,2x2,972,1500,11/26/2023,False
13397,The Villages of Briar Forest,1512,2x2,972,1500,11/27/2023,False
13398,The Villages of Briar Forest,1512,2x2,972,1500,11/28/2023,False
13399,The Villages of Briar Forest,1512,2x2,972,1500,11/29/2023,False
13400,The Villages of Briar Forest,1512,2x2,972,1500,11/30/2023,False
13401,The Villages of Briar Forest,1512,2x2,972,1500,12/01/2023,False
13402,The Villages of Briar Forest,1512,2x2,972,1500,12/02/2023,False
13403,The Villages of Briar Forest,1512,2x2,972,1500,12/03/2023,False
13404,The Villages of Briar Forest,1512,2x2,972,1500,12/04/2023,False
13405,The Villages of Briar Forest,1512,2x2,972,1500,12/05/2023,False
13406,The Villages of Briar Forest,1512,2x2,972,1500,12/06/2023,False
13407,The Villages of Briar Forest,1512,2x2,972,1500,12/07/2023,False
13408,The Villages of Briar Forest,1512,2x2,972,1500,12/08/2023,False
13409,The Villages of Briar Forest,1512,2x2,972,1500,12/09/2023,False
13410,The Villages of Briar Forest,1512,2x2,972,1500,12/10/2023,False
13411,The Villages of Briar Forest,1512,2x2,972,1500,12/11/2023,False
13412,The Villages of Briar Forest,1512,2x2,972,1500,12/12/2023,False
13413,The Villages of Briar Forest,1512,2x2,972,1500,12/13/2023,False
13414,The Villages of Briar Forest,1512,2x2,972,1500,12/14/2023,False
13415,The Villages of Briar Forest,1512,2x2,972,1500,12/15/2023,False
13416,The Villages of Briar Forest,1512,2x2,972,1500,12/16/2023,False
13417,The Villages of Briar Forest,1512,2x2,972,1500,12/17/2023,False
13418,The Villages of Briar Forest,1512,2x2,972,1500,12/18/2023,False
13419,The Villages of Briar Forest,1512,2x2,972,1500,12/19/2023,False
13420,The Villages of Briar Forest,1512,2x2,972,1500,12/20/2023,False
13421,The Villages of Briar Forest,1512,2x2,972,1500,12/21/2023,False
13422,The Villages of Briar Forest,1512,2x2,972,1500,12/22/2023,False
13423,The Villages of Briar Forest,1512,2x2,972,1500,12/23/2023,False
13424,The Villages of Briar Forest,1512,2x2,972,1500,12/24/2023,False
13425,The Villages of Briar Forest,1512,2x2,972,1500,12/25/2023,False
13426,The Villages of Briar Forest,1512,2x2,972,1500,12/26/2023,False
13427,The Villages of Briar Forest,1512,2x2,972,1500,12/27/2023,False
13428,The Villages of Briar Forest,1512,2x2,972,1500,12/28/2023,False
13429,The Villages of Briar Forest,1512,2x2,972,1500,12/29/2023,False
13430,The Villages of Briar Forest,1512,2x2,972,1500,12/30/2023,False
13431,The Villages of Briar Forest,1512,2x2,972,1500,12/31/2023,False
13432,The Villages of Briar Forest,1512,2x2,972,1500,01/01/2024,False
13433,The Villages of Briar Forest,1512,2x2,972,1500,01/02/2024,False
13434,The Villages of Briar Forest,1512,2x2,972,1500,01/03/2024,False
13435,The Villages of Briar Forest,1512,2x2,972,1500,01/04/2024,False
13436,The Villages of Briar Forest,1512,2x2,972,1500,01/05/2024,False
13437,The Villages of Briar Forest,1512,2x2,972,1500,01/06/2024,False
13438,The Villages of Briar Forest,1512,2x2,972,1500,01/07/2024,False
13439,The Villages of Briar Forest,1512,2x2,972,1500,01/08/2024,False
13440,The Villages of Briar Forest,1512,2x2,972,1500,01/09/2024,False
13441,The Villages of Briar Forest,1512,2x2,972,1500,01/10/2024,False
13442,The Villages of Briar Forest,1512,2x2,972,1500,01/11/2024,False
13443,The Villages of Briar Forest,1512,2x2,972,1500,01/12/2024,False
13444,The Villages of Briar Forest,1512,2x2,972,1500,01/13/2024,False
13445,The Villages of Briar Forest,1512,2x2,972,1500,01/14/2024,False
13446,The Villages of Briar Forest,1512,2x2,972,1500,01/15/2024,False
13447,The Villages of Briar Forest,1512,2x2,972,1500,01/16/2024,False
13448,The Villages of Briar Forest,1512,2x2,972,1500,01/17/2024,False
13449,The Villages of Briar Forest,1512,2x2,972,1495,01/18/2024,False
13450,The Villages of Briar Forest,1512,2x2,972,1495,01/19/2024,False
13451,The Villages of Briar Forest,1512,2x2,972,1495,01/20/2024,False
13452,The Villages of Briar Forest,1512,2x2,972,1495,01/21/2024,False
13453,The Villages of Briar Forest,1512,2x2,972,1495,01/22/2024,False
13454,The Villages of Briar Forest,1512,2x2,972,1495,01/23/2024,False
13455,The Villages of Briar Forest,1512,2x2,972,1420,01/24/2024,False
13456,The Villages of Briar Forest,1512,2x2,972,1420,01/25/2024,False
13457,The Villages of Briar Forest,1512,2x2,972,1405,01/26/2024,False
13458,The Villages of Briar Forest,1512,2x2,972,1405,01/27/2024,False
13459,The Villages of Briar Forest,1512,2x2,972,1405,01/28/2024,False
13460,The Villages of Briar Forest,1512,2x2,972,1405,01/29/2024,False
13461,The Villages of Briar Forest,1512,2x2,972,1405,01/30/2024,False
13462,The Villages of Briar Forest,1512,2x2,972,1480,01/31/2024,False
13463,The Villages of Briar Forest,1512,2x2,972,1480,02/01/2024,False
13464,The Villages of Briar Forest,1512,2x2,972,1480,02/02/2024,False
13465,The Villages of Briar Forest,1512,2x2,972,1515,02/03/2024,False
13466,The Villages of Briar Forest,1512,2x2,972,1515,02/04/2024,False
13467,The Villages of Briar Forest,1512,2x2,972,1515,02/05/2024,False
13468,The Villages of Briar Forest,1512,2x2,972,1515,02/06/2024,False
13469,The Villages of Briar Forest,1512,2x2,972,1515,02/07/2024,False
13470,The Villages of Briar Forest,1512,2x2,972,1515,02/08/2024,False
13471,The Villages of Briar Forest,1512,2x2,972,1515,02/09/2024,False
13472,The Villages of Briar Forest,1512,2x2,972,1475,02/10/2024,False
13473,The Villages of Briar Forest,1512,2x2,972,1475,02/11/2024,False
13474,The Villages of Briar Forest,1512,2x2,972,1475,02/12/2024,False
13475,The Villages of Briar Forest,1512,2x2,972,1475,02/13/2024,False
13476,The Villages of Briar Forest,1512,2x2,972,1495,02/14/2024,False
13477,The Villages of Briar Forest,1512,2x2,972,1495,02/15/2024,True
13478,The Villages of Briar Forest,1513,2x2,972,1430,05/10/2024,False
13479,The Villages of Briar Forest,1513,2x2,972,1400,05/11/2024,False
13480,The Villages of Briar Forest,1513,2x2,972,1400,05/12/2024,False
13481,The Villages of Briar Forest,1513,2x2,972,1400,05/13/2024,False
13482,The Villages of Briar Forest,1513,2x2,972,1400,05/14/2024,False
13483,The Villages of Briar Forest,1513,2x2,972,1400,05/15/2024,False
13484,The Villages of Briar Forest,1513,2x2,972,1400,05/16/2024,False
13485,The Villages of Briar Forest,1513,2x2,972,1400,05/17/2024,False
13486,The Villages of Briar Forest,1513,2x2,972,1400,05/18/2024,False
13487,The Villages of Briar Forest,1513,2x2,972,1400,05/19/2024,False
13488,The Villages of Briar Forest,1513,2x2,972,1400,05/20/2024,False
13489,The Villages of Briar Forest,1513,2x2,972,1400,05/21/2024,False
13490,The Villages of Briar Forest,1513,2x2,972,1400,05/22/2024,False
13491,The Villages of Briar Forest,1513,2x2,972,1400,05/23/2024,False
13492,The Villages of Briar Forest,1513,2x2,972,1410,05/24/2024,False
13493,The Villages of Briar Forest,1513,2x2,972,1410,05/25/2024,False
13494,The Villages of Briar Forest,1513,2x2,972,1410,05/26/2024,False
13495,The Villages of Briar Forest,1513,2x2,972,1410,05/27/2024,False
13496,The Villages of Briar Forest,1513,2x2,972,1410,05/28/2024,False
13497,The Villages of Briar Forest,1513,2x2,972,1405,05/29/2024,False
13498,The Villages of Briar Forest,1513,2x2,972,1451,05/30/2024,False
13499,The Villages of Briar Forest,1513,2x2,972,1405,05/31/2024,False
13500,The Villages of Briar Forest,1513,2x2,972,1405,06/01/2024,False
13501,The Villages of Briar Forest,1513,2x2,972,1405,06/02/2024,False
13502,The Villages of Briar Forest,1513,2x2,972,1405,06/03/2024,False
13503,The Villages of Briar Forest,1513,2x2,972,1413,06/04/2024,False
13504,The Villages of Briar Forest,1513,2x2,972,1405,06/05/2024,False
13505,The Villages of Briar Forest,1513,2x2,972,1405,06/06/2024,False
13506,The Villages of Briar Forest,1513,2x2,972,1405,06/07/2024,False
13507,The Villages of Briar Forest,1513,2x2,972,1446,06/08/2024,False
13508,The Villages of Briar Forest,1513,2x2,972,1446,06/09/2024,False
13509,The Villages of Briar Forest,1513,2x2,972,1446,06/10/2024,False
13510,The Villages of Briar Forest,1513,2x2,972,1446,06/11/2024,False
13511,The Villages of Briar Forest,1513,2x2,972,1446,06/12/2024,False
13512,The Villages of Briar Forest,1513,2x2,972,1446,06/13/2024,False
13513,The Villages of Briar Forest,1513,2x2,972,1446,06/14/2024,False
13514,The Villages of Briar Forest,1513,2x2,972,1446,06/15/2024,False
13515,The Villages of Briar Forest,1513,2x2,972,1446,06/16/2024,False
13516,The Villages of Briar Forest,1513,2x2,972,1446,06/17/2024,False
13517,The Villages of Briar Forest,1513,2x2,972,1446,06/18/2024,False
13518,The Villages of Briar Forest,1513,2x2,972,1446,06/19/2024,False
13519,The Villages of Briar Forest,1513,2x2,972,1446,06/20/2024,False
13520,The Villages of Briar Forest,1513,2x2,972,1446,06/21/2024,False
13521,The Villages of Briar Forest,1513,2x2,972,1446,06/22/2024,False
13522,The Villages of Briar Forest,1513,2x2,972,1446,06/23/2024,False
13523,The Villages of Briar Forest,1513,2x2,972,1426,06/24/2024,False
13524,The Villages of Briar Forest,1513,2x2,972,1426,06/25/2024,False
13525,The Villages of Briar Forest,1513,2x2,972,1426,06/26/2024,False
13526,The Villages of Briar Forest,1513,2x2,972,1426,06/27/2024,False
13527,The Villages of Briar Forest,1513,2x2,972,1373,06/28/2024,False
13528,The Villages of Briar Forest,1513,2x2,972,1373,06/29/2024,False
13529,The Villages of Briar Forest,1513,2x2,972,1373,06/30/2024,False
13530,The Villages of Briar Forest,1513,2x2,972,1373,07/01/2024,False
13531,The Villages of Briar Forest,1513,2x2,972,1327,07/02/2024,False
13532,The Villages of Briar Forest,1513,2x2,972,1327,07/03/2024,False
13533,The Villages of Briar Forest,1513,2x2,972,1327,07/04/2024,False
13534,The Villages of Briar Forest,1513,2x2,972,1322,07/05/2024,False
13535,The Villages of Briar Forest,1513,2x2,972,1322,07/06/2024,False
13536,The Villages of Briar Forest,1513,2x2,972,1322,07/07/2024,False
13537,The Villages of Briar Forest,1513,2x2,972,1322,07/08/2024,False
13538,The Villages of Briar Forest,1513,2x2,972,1322,07/09/2024,False
13539,The Villages of Briar Forest,1513,2x2,972,1322,07/10/2024,False
13540,The Villages of Briar Forest,1513,2x2,972,1322,07/11/2024,False
13541,The Villages of Briar Forest,1513,2x2,972,1322,07/12/2024,False
13542,The Villages of Briar Forest,1513,2x2,972,1322,07/13/2024,False
13543,The Villages of Briar Forest,1513,2x2,972,1322,07/14/2024,False
13544,The Villages of Briar Forest,1513,2x2,972,1322,07/15/2024,False
13545,The Villages of Briar Forest,1513,2x2,972,1322,07/16/2024,False
13546,The Villages of Briar Forest,1513,2x2,972,1322,07/17/2024,False
13547,The Villages of Briar Forest,1513,2x2,972,1322,07/18/2024,True
13548,The Villages of Briar Forest,1514,2x1,924,1249,07/27/2024,False
13549,The Villages of Briar Forest,1514,2x1,924,1249,07/28/2024,True
13550,The Villages of Briar Forest,1515,2x1,924,1422,04/02/2024,False
13551,The Villages of Briar Forest,1515,2x1,924,1422,04/03/2024,False
13552,The Villages of Briar Forest,1515,2x1,924,1422,04/04/2024,False
13553,The Villages of Briar Forest,1515,2x1,924,1422,04/05/2024,False
13554,The Villages of Briar Forest,1515,2x1,924,1477,04/06/2024,False
13555,The Villages of Briar Forest,1515,2x1,924,1477,04/07/2024,False
13556,The Villages of Briar Forest,1515,2x1,924,1477,04/08/2024,False
13557,The Villages of Briar Forest,1515,2x1,924,1482,04/09/2024,False
13558,The Villages of Briar Forest,1515,2x1,924,1482,04/10/2024,False
13559,The Villages of Briar Forest,1515,2x1,924,1482,04/11/2024,False
13560,The Villages of Briar Forest,1515,2x1,924,1482,04/12/2024,False
13561,The Villages of Briar Forest,1515,2x1,924,1432,04/13/2024,False
13562,The Villages of Briar Forest,1515,2x1,924,1432,04/14/2024,False
13563,The Villages of Briar Forest,1515,2x1,924,1432,04/15/2024,False
13564,The Villages of Briar Forest,1515,2x1,924,1432,04/16/2024,False
13565,The Villages of Briar Forest,1515,2x1,924,1432,04/17/2024,False
13566,The Villages of Briar Forest,1515,2x1,924,1432,04/18/2024,False
13567,The Villages of Briar Forest,1515,2x1,924,1432,04/19/2024,False
13568,The Villages of Briar Forest,1515,2x1,924,1432,04/20/2024,False
13569,The Villages of Briar Forest,1515,2x1,924,1432,04/21/2024,False
13570,The Villages of Briar Forest,1515,2x1,924,1432,04/22/2024,False
13571,The Villages of Briar Forest,1515,2x1,924,1432,04/23/2024,False
13572,The Villages of Briar Forest,1515,2x1,924,1432,04/24/2024,False
13573,The Villages of Briar Forest,1515,2x1,924,1432,04/25/2024,False
13574,The Villages of Briar Forest,1515,2x1,924,1402,04/26/2024,False
13575,The Villages of Briar Forest,1515,2x1,924,1402,04/27/2024,False
13576,The Villages of Briar Forest,1515,2x1,924,1402,04/28/2024,False
13577,The Villages of Briar Forest,1515,2x1,924,1402,04/29/2024,False
13578,The Villages of Briar Forest,1515,2x1,924,1402,04/30/2024,False
13579,The Villages of Briar Forest,1515,2x1,924,1402,05/01/2024,False
13580,The Villages of Briar Forest,1515,2x1,924,1402,05/02/2024,False
13581,The Villages of Briar Forest,1515,2x1,924,1402,05/03/2024,False
13582,The Villages of Briar Forest,1515,2x1,924,1367,05/04/2024,False
13583,The Villages of Briar Forest,1515,2x1,924,1367,05/05/2024,False
13584,The Villages of Briar Forest,1515,2x1,924,1365,05/06/2024,False
13585,The Villages of Briar Forest,1515,2x1,924,1365,05/07/2024,False
13586,The Villages of Briar Forest,1515,2x1,924,1365,05/08/2024,False
13587,The Villages of Briar Forest,1515,2x1,924,1365,05/09/2024,False
13588,The Villages of Briar Forest,1515,2x1,924,1347,05/10/2024,False
13589,The Villages of Briar Forest,1515,2x1,924,1317,05/11/2024,False
13590,The Villages of Briar Forest,1515,2x1,924,1317,05/12/2024,False
13591,The Villages of Briar Forest,1515,2x1,924,1317,05/13/2024,False
13592,The Villages of Briar Forest,1515,2x1,924,1317,05/14/2024,False
13593,The Villages of Briar Forest,1515,2x1,924,1317,05/15/2024,False
13594,The Villages of Briar Forest,1515,2x1,924,1317,05/16/2024,False
13595,The Villages of Briar Forest,1515,2x1,924,1317,05/17/2024,False
13596,The Villages of Briar Forest,1515,2x1,924,1317,05/18/2024,False
13597,The Villages of Briar Forest,1515,2x1,924,1317,05/19/2024,False
13598,The Villages of Briar Forest,1515,2x1,924,1317,05/20/2024,False
13599,The Villages of Briar Forest,1515,2x1,924,1317,05/21/2024,False
13600,The Villages of Briar Forest,1515,2x1,924,1317,05/22/2024,False
13601,The Villages of Briar Forest,1515,2x1,924,1317,05/23/2024,False
13602,The Villages of Briar Forest,1515,2x1,924,1317,05/24/2024,False
13603,The Villages of Briar Forest,1515,2x1,924,1317,05/25/2024,False
13604,The Villages of Briar Forest,1515,2x1,924,1317,05/26/2024,False
13605,The Villages of Briar Forest,1515,2x1,924,1317,05/27/2024,False
13606,The Villages of Briar Forest,1515,2x1,924,1317,05/28/2024,False
13607,The Villages of Briar Forest,1515,2x1,924,1317,05/29/2024,False
13608,The Villages of Briar Forest,1515,2x1,924,1317,05/30/2024,False
13609,The Villages of Briar Forest,1515,2x1,924,1317,05/31/2024,False
13610,The Villages of Briar Forest,1515,2x1,924,1317,06/01/2024,False
13611,The Villages of Briar Forest,1515,2x1,924,1317,06/02/2024,False
13612,The Villages of Briar Forest,1515,2x1,924,1317,06/03/2024,False
13613,The Villages of Briar Forest,1515,2x1,924,1317,06/04/2024,False
13614,The Villages of Briar Forest,1515,2x1,924,1317,06/05/2024,False
13615,The Villages of Briar Forest,1515,2x1,924,1317,06/06/2024,False
13616,The Villages of Briar Forest,1515,2x1,924,1317,06/07/2024,False
13617,The Villages of Briar Forest,1515,2x1,924,1317,06/08/2024,False
13618,The Villages of Briar Forest,1515,2x1,924,1317,06/09/2024,False
13619,The Villages of Briar Forest,1515,2x1,924,1317,06/10/2024,False
13620,The Villages of Briar Forest,1515,2x1,924,1317,06/11/2024,False
13621,The Villages of Briar Forest,1515,2x1,924,1317,06/12/2024,False
13622,The Villages of Briar Forest,1515,2x1,924,1317,06/13/2024,False
13623,The Villages of Briar Forest,1515,2x1,924,1317,06/14/2024,False
13624,The Villages of Briar Forest,1515,2x1,924,1317,06/15/2024,False
13625,The Villages of Briar Forest,1515,2x1,924,1317,06/16/2024,False
13626,The Villages of Briar Forest,1515,2x1,924,1317,06/17/2024,False
13627,The Villages of Briar Forest,1515,2x1,924,1317,06/18/2024,False
13628,The Villages of Briar Forest,1515,2x1,924,1317,06/19/2024,False
13629,The Villages of Briar Forest,1515,2x1,924,1317,06/20/2024,False
13630,The Villages of Briar Forest,1515,2x1,924,1317,06/21/2024,False
13631,The Villages of Briar Forest,1515,2x1,924,1317,06/22/2024,False
13632,The Villages of Briar Forest,1515,2x1,924,1317,06/23/2024,False
13633,The Villages of Briar Forest,1515,2x1,924,1317,06/24/2024,False
13634,The Villages of Briar Forest,1515,2x1,924,1317,06/25/2024,False
13635,The Villages of Briar Forest,1515,2x1,924,1317,06/26/2024,False
13636,The Villages of Briar Forest,1515,2x1,924,1317,06/27/2024,False
13637,The Villages of Briar Forest,1515,2x1,924,1294,06/28/2024,False
13638,The Villages of Briar Forest,1515,2x1,924,1294,06/29/2024,False
13639,The Villages of Briar Forest,1515,2x1,924,1294,06/30/2024,False
13640,The Villages of Briar Forest,1515,2x1,924,1294,07/01/2024,False
13641,The Villages of Briar Forest,1515,2x1,924,1294,07/02/2024,False
13642,The Villages of Briar Forest,1515,2x1,924,1299,07/03/2024,False
13643,The Villages of Briar Forest,1515,2x1,924,1299,07/04/2024,False
13644,The Villages of Briar Forest,1515,2x1,924,1294,07/05/2024,False
13645,The Villages of Briar Forest,1515,2x1,924,1294,07/06/2024,False
13646,The Villages of Briar Forest,1515,2x1,924,1294,07/07/2024,False
13647,The Villages of Briar Forest,1515,2x1,924,1294,07/08/2024,False
13648,The Villages of Briar Forest,1515,2x1,924,1294,07/09/2024,False
13649,The Villages of Briar Forest,1515,2x1,924,1294,07/10/2024,False
13650,The Villages of Briar Forest,1515,2x1,924,1294,07/11/2024,False
13651,The Villages of Briar Forest,1515,2x1,924,1294,07/12/2024,False
13652,The Villages of Briar Forest,1515,2x1,924,1294,07/13/2024,False
13653,The Villages of Briar Forest,1515,2x1,924,1294,07/14/2024,False
13654,The Villages of Briar Forest,1515,2x1,924,1294,07/15/2024,False
13655,The Villages of Briar Forest,1515,2x1,924,1294,07/16/2024,False
13656,The Villages of Briar Forest,1515,2x1,924,1294,07/17/2024,True
13657,The Villages of Briar Forest,1516,2x2,972,1350,12/05/2023,False
13658,The Villages of Briar Forest,1516,2x2,972,1350,12/06/2023,False
13659,The Villages of Briar Forest,1516,2x2,972,1350,12/07/2023,False
13660,The Villages of Briar Forest,1516,2x2,972,1404,12/08/2023,False
13661,The Villages of Briar Forest,1516,2x2,972,1395,12/09/2023,False
13662,The Villages of Briar Forest,1516,2x2,972,1395,12/10/2023,False
13663,The Villages of Briar Forest,1516,2x2,972,1395,12/11/2023,False
13664,The Villages of Briar Forest,1516,2x2,972,1395,12/12/2023,False
13665,The Villages of Briar Forest,1516,2x2,972,1395,12/13/2023,False
13666,The Villages of Briar Forest,1516,2x2,972,1395,12/14/2023,False
13667,The Villages of Briar Forest,1516,2x2,972,1395,12/15/2023,True
13668,The Villages of Briar Forest,1516,2x2,972,1370,07/18/2024,False
13669,The Villages of Briar Forest,1516,2x2,972,1370,07/19/2024,False
13670,The Villages of Briar Forest,1516,2x2,972,1370,07/20/2024,False
13671,The Villages of Briar Forest,1516,2x2,972,1370,07/21/2024,False
13672,The Villages of Briar Forest,1516,2x2,972,1370,07/22/2024,False
13673,The Villages of Briar Forest,1516,2x2,972,1370,07/23/2024,False
13674,The Villages of Briar Forest,1516,2x2,972,1370,07/24/2024,False
13675,The Villages of Briar Forest,1516,2x2,972,1370,07/25/2024,False
13676,The Villages of Briar Forest,1516,2x2,972,1370,07/26/2024,False
13677,The Villages of Briar Forest,1516,2x2,972,1370,07/27/2024,False
13678,The Villages of Briar Forest,1516,2x2,972,1370,07/28/2024,False
13679,The Villages of Briar Forest,1516,2x2,972,1370,07/29/2024,False
13680,The Villages of Briar Forest,1516,2x2,972,1370,07/30/2024,False
13681,The Villages of Briar Forest,1516,2x2,972,1370,07/31/2024,False
13682,The Villages of Briar Forest,1516,2x2,972,1370,08/01/2024,False
13683,The Villages of Briar Forest,1516,2x2,972,1370,08/02/2024,False
13684,The Villages of Briar Forest,1516,2x2,972,1370,08/03/2024,False
13685,The Villages of Briar Forest,1516,2x2,972,1370,08/04/2024,False
13686,The Villages of Briar Forest,1516,2x2,972,1370,08/05/2024,False
13687,The Villages of Briar Forest,1516,2x2,972,1370,08/06/2024,False
13688,The Villages of Briar Forest,1516,2x2,972,1370,08/07/2024,False
13689,The Villages of Briar Forest,1516,2x2,972,1370,08/08/2024,False
13690,The Villages of Briar Forest,1516,2x2,972,1370,08/09/2024,False
13691,The Villages of Briar Forest,1516,2x2,972,1370,08/10/2024,False
13692,The Villages of Briar Forest,1516,2x2,972,1370,08/11/2024,False
13693,The Villages of Briar Forest,1516,2x2,972,1370,08/12/2024,False
13694,The Villages of Briar Forest,1516,2x2,972,1370,08/13/2024,False
13695,The Villages of Briar Forest,1516,2x2,972,1370,08/14/2024,False
13696,The Villages of Briar Forest,1516,2x2,972,1370,08/15/2024,False
13697,The Villages of Briar Forest,1516,2x2,972,1370,08/16/2024,False
13698,The Villages of Briar Forest,1516,2x2,972,1370,08/17/2024,False
13699,The Villages of Briar Forest,1516,2x2,972,1370,08/18/2024,False
13700,The Villages of Briar Forest,1516,2x2,972,1370,08/19/2024,False
13701,The Villages of Briar Forest,1516,2x2,972,1370,08/20/2024,False
13702,The Villages of Briar Forest,1516,2x2,972,1370,08/21/2024,False
13703,The Villages of Briar Forest,1516,2x2,972,1370,08/22/2024,False
13704,The Villages of Briar Forest,1516,2x2,972,1370,08/23/2024,True
13705,The Villages of Briar Forest,1518,2x1,924,1212,06/21/2023,False
13706,The Villages of Briar Forest,1518,2x1,924,1213,06/22/2023,False
13707,The Villages of Briar Forest,1518,2x1,924,1213,06/23/2023,False
13708,The Villages of Briar Forest,1518,2x1,924,1213,06/24/2023,False
13709,The Villages of Briar Forest,1518,2x1,924,1213,06/25/2023,False
13710,The Villages of Briar Forest,1518,2x1,924,1213,06/26/2023,False
13711,The Villages of Briar Forest,1518,2x1,924,1213,06/27/2023,False
13712,The Villages of Briar Forest,1518,2x1,924,1213,06/28/2023,False
13713,The Villages of Briar Forest,1518,2x1,924,1213,06/29/2023,False
13714,The Villages of Briar Forest,1518,2x1,924,1213,06/30/2023,False
13715,The Villages of Briar Forest,1518,2x1,924,1213,07/01/2023,False
13716,The Villages of Briar Forest,1518,2x1,924,1213,07/02/2023,False
13717,The Villages of Briar Forest,1518,2x1,924,1213,07/03/2023,False
13718,The Villages of Briar Forest,1518,2x1,924,1213,07/04/2023,False
13719,The Villages of Briar Forest,1518,2x1,924,1213,07/05/2023,False
13720,The Villages of Briar Forest,1518,2x1,924,1213,07/06/2023,False
13721,The Villages of Briar Forest,1518,2x1,924,1213,07/07/2023,False
13722,The Villages of Briar Forest,1518,2x1,924,1213,07/08/2023,False
13723,The Villages of Briar Forest,1518,2x1,924,1213,07/09/2023,False
13724,The Villages of Briar Forest,1518,2x1,924,1213,07/10/2023,False
13725,The Villages of Briar Forest,1518,2x1,924,1213,07/11/2023,False
13726,The Villages of Briar Forest,1518,2x1,924,1213,07/12/2023,False
13727,The Villages of Briar Forest,1518,2x1,924,1213,07/13/2023,False
13728,The Villages of Briar Forest,1518,2x1,924,1213,07/14/2023,False
13729,The Villages of Briar Forest,1518,2x1,924,1213,07/15/2023,False
13730,The Villages of Briar Forest,1518,2x1,924,1213,07/16/2023,False
13731,The Villages of Briar Forest,1518,2x1,924,1213,07/17/2023,False
13732,The Villages of Briar Forest,1518,2x1,924,1213,07/18/2023,False
13733,The Villages of Briar Forest,1518,2x1,924,1213,07/19/2023,False
13734,The Villages of Briar Forest,1518,2x1,924,1150,07/20/2023,False
13735,The Villages of Briar Forest,1518,2x1,924,1150,07/21/2023,False
13736,The Villages of Briar Forest,1518,2x1,924,1150,07/22/2023,False
13737,The Villages of Briar Forest,1518,2x1,924,1150,07/23/2023,False
13738,The Villages of Briar Forest,1518,2x1,924,1150,07/24/2023,False
13739,The Villages of Briar Forest,1518,2x1,924,1150,07/25/2023,False
13740,The Villages of Briar Forest,1518,2x1,924,1150,07/26/2023,False
13741,The Villages of Briar Forest,1518,2x1,924,1150,07/27/2023,False
13742,The Villages of Briar Forest,1518,2x1,924,1150,07/28/2023,False
13743,The Villages of Briar Forest,1518,2x1,924,1150,07/29/2023,False
13744,The Villages of Briar Forest,1518,2x1,924,1150,07/30/2023,False
13745,The Villages of Briar Forest,1518,2x1,924,1150,07/31/2023,False
13746,The Villages of Briar Forest,1518,2x1,924,1150,08/01/2023,False
13747,The Villages of Briar Forest,1518,2x1,924,1150,08/02/2023,False
13748,The Villages of Briar Forest,1518,2x1,924,1150,08/03/2023,False
13749,The Villages of Briar Forest,1518,2x1,924,1150,08/04/2023,False
13750,The Villages of Briar Forest,1518,2x1,924,1150,08/05/2023,False
13751,The Villages of Briar Forest,1518,2x1,924,1150,08/06/2023,False
13752,The Villages of Briar Forest,1518,2x1,924,1150,08/07/2023,False
13753,The Villages of Briar Forest,1518,2x1,924,1150,08/08/2023,False
13754,The Villages of Briar Forest,1518,2x1,924,1150,08/09/2023,False
13755,The Villages of Briar Forest,1518,2x1,924,1150,08/10/2023,False
13756,The Villages of Briar Forest,1518,2x1,924,1150,08/11/2023,False
13757,The Villages of Briar Forest,1518,2x1,924,1150,08/12/2023,False
13758,The Villages of Briar Forest,1518,2x1,924,1150,08/13/2023,False
13759,The Villages of Briar Forest,1518,2x1,924,1150,08/14/2023,False
13760,The Villages of Briar Forest,1518,2x1,924,1150,08/15/2023,False
13761,The Villages of Briar Forest,1518,2x1,924,1213,08/16/2023,False
13762,The Villages of Briar Forest,1518,2x1,924,1213,08/17/2023,False
13763,The Villages of Briar Forest,1518,2x1,924,1213,08/18/2023,False
13764,The Villages of Briar Forest,1518,2x1,924,1213,08/19/2023,False
13765,The Villages of Briar Forest,1518,2x1,924,1213,08/20/2023,False
13766,The Villages of Briar Forest,1518,2x1,924,1213,08/21/2023,False
13767,The Villages of Briar Forest,1518,2x1,924,1213,08/22/2023,False
13768,The Villages of Briar Forest,1518,2x1,924,1213,08/23/2023,False
13769,The Villages of Briar Forest,1518,2x1,924,1213,08/24/2023,False
13770,The Villages of Briar Forest,1518,2x1,924,1213,08/25/2023,False
13771,The Villages of Briar Forest,1518,2x1,924,1213,08/26/2023,False
13772,The Villages of Briar Forest,1518,2x1,924,1213,08/27/2023,False
13773,The Villages of Briar Forest,1518,2x1,924,1213,08/28/2023,False
13774,The Villages of Briar Forest,1518,2x1,924,1213,08/29/2023,False
13775,The Villages of Briar Forest,1518,2x1,924,1213,08/30/2023,False
13776,The Villages of Briar Forest,1518,2x1,924,1213,08/31/2023,False
13777,The Villages of Briar Forest,1518,2x1,924,1213,09/01/2023,False
13778,The Villages of Briar Forest,1518,2x1,924,1392,09/02/2023,False
13779,The Villages of Briar Forest,1518,2x1,924,1378,09/03/2023,False
13780,The Villages of Briar Forest,1518,2x1,924,1378,09/04/2023,False
13781,The Villages of Briar Forest,1518,2x1,924,1378,09/05/2023,False
13782,The Villages of Briar Forest,1518,2x1,924,1378,09/06/2023,False
13783,The Villages of Briar Forest,1518,2x1,924,1378,09/07/2023,False
13784,The Villages of Briar Forest,1518,2x1,924,1382,09/08/2023,False
13785,The Villages of Briar Forest,1518,2x1,924,1388,09/09/2023,False
13786,The Villages of Briar Forest,1518,2x1,924,1363,09/10/2023,False
13787,The Villages of Briar Forest,1518,2x1,924,1363,09/11/2023,False
13788,The Villages of Briar Forest,1518,2x1,924,1363,09/12/2023,False
13789,The Villages of Briar Forest,1518,2x1,924,1363,09/13/2023,False
13790,The Villages of Briar Forest,1518,2x1,924,1363,09/14/2023,False
13791,The Villages of Briar Forest,1518,2x1,924,1363,09/15/2023,False
13792,The Villages of Briar Forest,1518,2x1,924,1363,09/16/2023,False
13793,The Villages of Briar Forest,1518,2x1,924,1363,09/17/2023,False
13794,The Villages of Briar Forest,1518,2x1,924,1363,09/18/2023,False
13795,The Villages of Briar Forest,1518,2x1,924,1363,09/19/2023,False
13796,The Villages of Briar Forest,1518,2x1,924,1363,09/20/2023,False
13797,The Villages of Briar Forest,1518,2x1,924,1363,09/21/2023,False
13798,The Villages of Briar Forest,1518,2x1,924,1363,09/22/2023,False
13799,The Villages of Briar Forest,1518,2x1,924,1363,09/23/2023,False
13800,The Villages of Briar Forest,1518,2x1,924,1363,09/24/2023,False
13801,The Villages of Briar Forest,1518,2x1,924,1363,09/25/2023,False
13802,The Villages of Briar Forest,1518,2x1,924,1363,09/26/2023,False
13803,The Villages of Briar Forest,1518,2x1,924,1363,09/27/2023,False
13804,The Villages of Briar Forest,1518,2x1,924,1363,09/28/2023,False
13805,The Villages of Briar Forest,1518,2x1,924,1363,09/29/2023,False
13806,The Villages of Briar Forest,1518,2x1,924,1363,09/30/2023,False
13807,The Villages of Briar Forest,1518,2x1,924,1363,10/01/2023,False
13808,The Villages of Briar Forest,1518,2x1,924,1363,10/02/2023,False
13809,The Villages of Briar Forest,1518,2x1,924,1363,10/03/2023,False
13810,The Villages of Briar Forest,1518,2x1,924,1363,10/04/2023,False
13811,The Villages of Briar Forest,1518,2x1,924,1300,10/05/2023,False
13812,The Villages of Briar Forest,1518,2x1,924,1330,10/06/2023,False
13813,The Villages of Briar Forest,1518,2x1,924,1310,10/07/2023,False
13814,The Villages of Briar Forest,1518,2x1,924,1310,10/08/2023,False
13815,The Villages of Briar Forest,1518,2x1,924,1310,10/09/2023,False
13816,The Villages of Briar Forest,1518,2x1,924,1310,10/10/2023,False
13817,The Villages of Briar Forest,1518,2x1,924,1310,10/11/2023,False
13818,The Villages of Briar Forest,1518,2x1,924,1310,10/12/2023,False
13819,The Villages of Briar Forest,1518,2x1,924,1310,10/13/2023,False
13820,The Villages of Briar Forest,1518,2x1,924,1264,10/14/2023,False
13821,The Villages of Briar Forest,1518,2x1,924,1264,10/15/2023,False
13822,The Villages of Briar Forest,1518,2x1,924,1264,10/16/2023,False
13823,The Villages of Briar Forest,1518,2x1,924,1264,10/17/2023,False
13824,The Villages of Briar Forest,1518,2x1,924,1264,10/18/2023,False
13825,The Villages of Briar Forest,1518,2x1,924,1264,10/19/2023,False
13826,The Villages of Briar Forest,1518,2x1,924,1264,10/20/2023,False
13827,The Villages of Briar Forest,1518,2x1,924,1234,10/21/2023,False
13828,The Villages of Briar Forest,1518,2x1,924,1234,10/22/2023,False
13829,The Villages of Briar Forest,1518,2x1,924,1234,10/23/2023,False
13830,The Villages of Briar Forest,1518,2x1,924,1234,10/24/2023,False
13831,The Villages of Briar Forest,1518,2x1,924,1234,10/25/2023,False
13832,The Villages of Briar Forest,1518,2x1,924,1234,10/26/2023,False
13833,The Villages of Briar Forest,1518,2x1,924,1234,10/27/2023,False
13834,The Villages of Briar Forest,1518,2x1,924,1214,10/28/2023,False
13835,The Villages of Briar Forest,1518,2x1,924,1214,10/29/2023,False
13836,The Villages of Briar Forest,1518,2x1,924,1214,10/30/2023,False
13837,The Villages of Briar Forest,1518,2x1,924,1214,10/31/2023,False
13838,The Villages of Briar Forest,1518,2x1,924,1277,11/01/2023,False
13839,The Villages of Briar Forest,1518,2x1,924,1277,11/02/2023,False
13840,The Villages of Briar Forest,1518,2x1,924,1212,11/03/2023,False
13841,The Villages of Briar Forest,1518,2x1,924,1212,11/04/2023,False
13842,The Villages of Briar Forest,1518,2x1,924,1212,11/05/2023,False
13843,The Villages of Briar Forest,1518,2x1,924,1212,11/06/2023,False
13844,The Villages of Briar Forest,1518,2x1,924,1212,11/07/2023,False
13845,The Villages of Briar Forest,1518,2x1,924,1212,11/08/2023,False
13846,The Villages of Briar Forest,1518,2x1,924,1212,11/09/2023,False
13847,The Villages of Briar Forest,1518,2x1,924,1202,11/10/2023,False
13848,The Villages of Briar Forest,1518,2x1,924,1202,11/11/2023,False
13849,The Villages of Briar Forest,1518,2x1,924,1202,11/12/2023,False
13850,The Villages of Briar Forest,1518,2x1,924,1202,11/13/2023,False
13851,The Villages of Briar Forest,1518,2x1,924,1202,11/14/2023,False
13852,The Villages of Briar Forest,1518,2x1,924,1202,11/15/2023,False
13853,The Villages of Briar Forest,1518,2x1,924,1202,11/16/2023,False
13854,The Villages of Briar Forest,1518,2x1,924,1232,11/17/2023,False
13855,The Villages of Briar Forest,1518,2x1,924,1232,11/18/2023,False
13856,The Villages of Briar Forest,1518,2x1,924,1232,11/19/2023,False
13857,The Villages of Briar Forest,1518,2x1,924,1232,11/20/2023,False
13858,The Villages of Briar Forest,1518,2x1,924,1232,11/21/2023,False
13859,The Villages of Briar Forest,1518,2x1,924,1232,11/22/2023,False
13860,The Villages of Briar Forest,1518,2x1,924,1232,11/23/2023,False
13861,The Villages of Briar Forest,1518,2x1,924,1232,11/24/2023,False
13862,The Villages of Briar Forest,1518,2x1,924,1232,11/25/2023,False
13863,The Villages of Briar Forest,1518,2x1,924,1232,11/26/2023,False
13864,The Villages of Briar Forest,1518,2x1,924,1232,11/27/2023,False
13865,The Villages of Briar Forest,1518,2x1,924,1232,11/28/2023,False
13866,The Villages of Briar Forest,1518,2x1,924,1232,11/29/2023,False
13867,The Villages of Briar Forest,1518,2x1,924,1232,11/30/2023,False
13868,The Villages of Briar Forest,1518,2x1,924,1232,12/01/2023,False
13869,The Villages of Briar Forest,1518,2x1,924,1232,12/02/2023,False
13870,The Villages of Briar Forest,1518,2x1,924,1277,12/03/2023,False
13871,The Villages of Briar Forest,1518,2x1,924,1277,12/04/2023,False
13872,The Villages of Briar Forest,1518,2x1,924,1277,12/05/2023,False
13873,The Villages of Briar Forest,1518,2x1,924,1277,12/06/2023,False
13874,The Villages of Briar Forest,1518,2x1,924,1277,12/07/2023,False
13875,The Villages of Briar Forest,1518,2x1,924,1322,12/08/2023,False
13876,The Villages of Briar Forest,1518,2x1,924,1322,12/09/2023,False
13877,The Villages of Briar Forest,1518,2x1,924,1322,12/10/2023,False
13878,The Villages of Briar Forest,1518,2x1,924,1322,12/11/2023,False
13879,The Villages of Briar Forest,1518,2x1,924,1322,12/12/2023,False
13880,The Villages of Briar Forest,1518,2x1,924,1322,12/13/2023,False
13881,The Villages of Briar Forest,1518,2x1,924,1322,12/14/2023,False
13882,The Villages of Briar Forest,1518,2x1,924,1322,12/15/2023,False
13883,The Villages of Briar Forest,1518,2x1,924,1332,12/16/2023,False
13884,The Villages of Briar Forest,1518,2x1,924,1332,12/17/2023,False
13885,The Villages of Briar Forest,1518,2x1,924,1332,12/18/2023,False
13886,The Villages of Briar Forest,1518,2x1,924,1332,12/19/2023,False
13887,The Villages of Briar Forest,1518,2x1,924,1332,12/20/2023,False
13888,The Villages of Briar Forest,1518,2x1,924,1332,12/21/2023,False
13889,The Villages of Briar Forest,1518,2x1,924,1332,12/22/2023,False
13890,The Villages of Briar Forest,1518,2x1,924,1332,12/23/2023,False
13891,The Villages of Briar Forest,1518,2x1,924,1332,12/24/2023,False
13892,The Villages of Briar Forest,1518,2x1,924,1332,12/25/2023,False
13893,The Villages of Briar Forest,1518,2x1,924,1332,12/26/2023,False
13894,The Villages of Briar Forest,1518,2x1,924,1332,12/27/2023,False
13895,The Villages of Briar Forest,1518,2x1,924,1332,12/28/2023,False
13896,The Villages of Briar Forest,1518,2x1,924,1332,12/29/2023,False
13897,The Villages of Briar Forest,1518,2x1,924,1262,12/30/2023,False
13898,The Villages of Briar Forest,1518,2x1,924,1262,12/31/2023,False
13899,The Villages of Briar Forest,1518,2x1,924,1262,01/01/2024,False
13900,The Villages of Briar Forest,1518,2x1,924,1262,01/02/2024,False
13901,The Villages of Briar Forest,1518,2x1,924,1262,01/03/2024,False
13902,The Villages of Briar Forest,1518,2x1,924,1262,01/04/2024,False
13903,The Villages of Briar Forest,1518,2x1,924,1262,01/05/2024,False
13904,The Villages of Briar Forest,1518,2x1,924,1217,01/06/2024,False
13905,The Villages of Briar Forest,1518,2x1,924,1217,01/07/2024,False
13906,The Villages of Briar Forest,1518,2x1,924,1217,01/08/2024,False
13907,The Villages of Briar Forest,1518,2x1,924,1217,01/09/2024,False
13908,The Villages of Briar Forest,1518,2x1,924,1217,01/10/2024,False
13909,The Villages of Briar Forest,1518,2x1,924,1217,01/11/2024,False
13910,The Villages of Briar Forest,1518,2x1,924,1217,01/12/2024,False
13911,The Villages of Briar Forest,1518,2x1,924,1217,01/13/2024,True
13912,The Villages of Briar Forest,1521,2x1,924,1193,06/17/2023,False
13913,The Villages of Briar Forest,1521,2x1,924,1193,06/18/2023,False
13914,The Villages of Briar Forest,1521,2x1,924,1193,06/19/2023,False
13915,The Villages of Briar Forest,1521,2x1,924,1194,06/20/2023,False
13916,The Villages of Briar Forest,1521,2x1,924,1194,06/21/2023,False
13917,The Villages of Briar Forest,1521,2x1,924,1194,06/22/2023,False
13918,The Villages of Briar Forest,1521,2x1,924,1194,06/23/2023,False
13919,The Villages of Briar Forest,1521,2x1,924,1194,06/24/2023,False
13920,The Villages of Briar Forest,1521,2x1,924,1194,06/25/2023,False
13921,The Villages of Briar Forest,1521,2x1,924,1194,06/26/2023,False
13922,The Villages of Briar Forest,1521,2x1,924,1194,06/27/2023,False
13923,The Villages of Briar Forest,1521,2x1,924,1194,06/28/2023,False
13924,The Villages of Briar Forest,1521,2x1,924,1194,06/29/2023,False
13925,The Villages of Briar Forest,1521,2x1,924,1194,06/30/2023,False
13926,The Villages of Briar Forest,1521,2x1,924,1194,07/01/2023,False
13927,The Villages of Briar Forest,1521,2x1,924,1194,07/02/2023,False
13928,The Villages of Briar Forest,1521,2x1,924,1194,07/03/2023,False
13929,The Villages of Briar Forest,1521,2x1,924,1194,07/04/2023,False
13930,The Villages of Briar Forest,1521,2x1,924,1194,07/05/2023,False
13931,The Villages of Briar Forest,1521,2x1,924,1194,07/06/2023,False
13932,The Villages of Briar Forest,1521,2x1,924,1194,07/07/2023,False
13933,The Villages of Briar Forest,1521,2x1,924,1194,07/08/2023,False
13934,The Villages of Briar Forest,1521,2x1,924,1194,07/09/2023,False
13935,The Villages of Briar Forest,1521,2x1,924,1194,07/10/2023,False
13936,The Villages of Briar Forest,1521,2x1,924,1194,07/11/2023,False
13937,The Villages of Briar Forest,1521,2x1,924,1194,07/12/2023,False
13938,The Villages of Briar Forest,1521,2x1,924,1194,07/13/2023,False
13939,The Villages of Briar Forest,1521,2x1,924,1194,07/14/2023,False
13940,The Villages of Briar Forest,1521,2x1,924,1194,07/15/2023,False
13941,The Villages of Briar Forest,1521,2x1,924,1194,07/16/2023,False
13942,The Villages of Briar Forest,1521,2x1,924,1194,07/17/2023,False
13943,The Villages of Briar Forest,1521,2x1,924,1194,07/18/2023,False
13944,The Villages of Briar Forest,1521,2x1,924,1194,07/19/2023,False
13945,The Villages of Briar Forest,1521,2x1,924,1132,07/20/2023,False
13946,The Villages of Briar Forest,1521,2x1,924,1132,07/21/2023,False
13947,The Villages of Briar Forest,1521,2x1,924,1132,07/22/2023,False
13948,The Villages of Briar Forest,1521,2x1,924,1132,07/23/2023,False
13949,The Villages of Briar Forest,1521,2x1,924,1132,07/24/2023,False
13950,The Villages of Briar Forest,1521,2x1,924,1132,07/25/2023,False
13951,The Villages of Briar Forest,1521,2x1,924,1132,07/26/2023,False
13952,The Villages of Briar Forest,1521,2x1,924,1132,07/27/2023,False
13953,The Villages of Briar Forest,1521,2x1,924,1132,07/28/2023,False
13954,The Villages of Briar Forest,1521,2x1,924,1132,07/29/2023,False
13955,The Villages of Briar Forest,1521,2x1,924,1132,07/30/2023,False
13956,The Villages of Briar Forest,1521,2x1,924,1132,07/31/2023,False
13957,The Villages of Briar Forest,1521,2x1,924,1132,08/01/2023,False
13958,The Villages of Briar Forest,1521,2x1,924,1132,08/02/2023,False
13959,The Villages of Briar Forest,1521,2x1,924,1132,08/03/2023,False
13960,The Villages of Briar Forest,1521,2x1,924,1132,08/04/2023,False
13961,The Villages of Briar Forest,1521,2x1,924,1132,08/05/2023,False
13962,The Villages of Briar Forest,1521,2x1,924,1132,08/06/2023,False
13963,The Villages of Briar Forest,1521,2x1,924,1132,08/07/2023,False
13964,The Villages of Briar Forest,1521,2x1,924,1132,08/08/2023,False
13965,The Villages of Briar Forest,1521,2x1,924,1132,08/09/2023,False
13966,The Villages of Briar Forest,1521,2x1,924,1132,08/10/2023,False
13967,The Villages of Briar Forest,1521,2x1,924,1132,08/11/2023,False
13968,The Villages of Briar Forest,1521,2x1,924,1132,08/12/2023,False
13969,The Villages of Briar Forest,1521,2x1,924,1132,08/13/2023,False
13970,The Villages of Briar Forest,1521,2x1,924,1132,08/14/2023,False
13971,The Villages of Briar Forest,1521,2x1,924,1132,08/15/2023,False
13972,The Villages of Briar Forest,1521,2x1,924,1194,08/16/2023,False
13973,The Villages of Briar Forest,1521,2x1,924,1194,08/17/2023,False
13974,The Villages of Briar Forest,1521,2x1,924,1194,08/18/2023,False
13975,The Villages of Briar Forest,1521,2x1,924,1194,08/19/2023,False
13976,The Villages of Briar Forest,1521,2x1,924,1194,08/20/2023,False
13977,The Villages of Briar Forest,1521,2x1,924,1194,08/21/2023,False
13978,The Villages of Briar Forest,1521,2x1,924,1194,08/22/2023,False
13979,The Villages of Briar Forest,1521,2x1,924,1194,08/23/2023,False
13980,The Villages of Briar Forest,1521,2x1,924,1194,08/24/2023,False
13981,The Villages of Briar Forest,1521,2x1,924,1194,08/25/2023,False
13982,The Villages of Briar Forest,1521,2x1,924,1194,08/26/2023,False
13983,The Villages of Briar Forest,1521,2x1,924,1194,08/27/2023,False
13984,The Villages of Briar Forest,1521,2x1,924,1194,08/28/2023,False
13985,The Villages of Briar Forest,1521,2x1,924,1397,08/29/2023,False
13986,The Villages of Briar Forest,1521,2x1,924,1518,08/30/2023,False
13987,The Villages of Briar Forest,1521,2x1,924,1454,08/31/2023,False
13988,The Villages of Briar Forest,1521,2x1,924,1437,09/01/2023,False
13989,The Villages of Briar Forest,1521,2x1,924,1374,09/02/2023,False
13990,The Villages of Briar Forest,1521,2x1,924,1374,09/03/2023,False
13991,The Villages of Briar Forest,1521,2x1,924,1374,09/04/2023,False
13992,The Villages of Briar Forest,1521,2x1,924,1374,09/05/2023,False
13993,The Villages of Briar Forest,1521,2x1,924,1374,09/06/2023,False
13994,The Villages of Briar Forest,1521,2x1,924,1374,09/07/2023,False
13995,The Villages of Briar Forest,1521,2x1,924,1368,09/08/2023,False
13996,The Villages of Briar Forest,1521,2x1,924,1384,09/09/2023,False
13997,The Villages of Briar Forest,1521,2x1,924,1359,09/10/2023,False
13998,The Villages of Briar Forest,1521,2x1,924,1359,09/11/2023,False
13999,The Villages of Briar Forest,1521,2x1,924,1359,09/12/2023,False
14000,The Villages of Briar Forest,1521,2x1,924,1359,09/13/2023,False
14001,The Villages of Briar Forest,1521,2x1,924,1359,09/14/2023,False
14002,The Villages of Briar Forest,1521,2x1,924,1359,09/15/2023,False
14003,The Villages of Briar Forest,1521,2x1,924,1359,09/16/2023,False
14004,The Villages of Briar Forest,1521,2x1,924,1359,09/17/2023,False
14005,The Villages of Briar Forest,1521,2x1,924,1359,09/18/2023,False
14006,The Villages of Briar Forest,1521,2x1,924,1359,09/19/2023,True
14007,The Villages of Briar Forest,1521,2x1,924,1257,02/02/2024,False
14008,The Villages of Briar Forest,1521,2x1,924,1292,02/03/2024,False
14009,The Villages of Briar Forest,1521,2x1,924,1292,02/04/2024,False
14010,The Villages of Briar Forest,1521,2x1,924,1292,02/05/2024,False
14011,The Villages of Briar Forest,1521,2x1,924,1292,02/06/2024,False
14012,The Villages of Briar Forest,1521,2x1,924,1292,02/07/2024,False
14013,The Villages of Briar Forest,1521,2x1,924,1292,02/08/2024,False
14014,The Villages of Briar Forest,1521,2x1,924,1292,02/09/2024,False
14015,The Villages of Briar Forest,1521,2x1,924,1252,02/10/2024,False
14016,The Villages of Briar Forest,1521,2x1,924,1252,02/11/2024,False
14017,The Villages of Briar Forest,1521,2x1,924,1252,02/12/2024,False
14018,The Villages of Briar Forest,1521,2x1,924,1252,02/13/2024,True
14019,The Villages of Briar Forest,1521,2x1,924,1237,11/28/2024,False
14020,The Villages of Briar Forest,1521,2x1,924,1237,11/29/2024,False
14021,The Villages of Briar Forest,1521,2x1,924,1232,11/30/2024,False
14022,The Villages of Briar Forest,1521,2x1,924,1242,12/01/2024,False
14023,The Villages of Briar Forest,1521,2x1,924,1242,12/02/2024,False
14024,The Villages of Briar Forest,1521,2x1,924,1257,12/03/2024,False
14025,The Villages of Briar Forest,1521,2x1,924,1247,12/04/2024,False
14026,The Villages of Briar Forest,1521,2x1,924,1247,12/05/2024,False
14027,The Villages of Briar Forest,1521,2x1,924,1237,12/06/2024,False
14028,The Villages of Briar Forest,1521,2x1,924,1222,12/07/2024,False
14029,The Villages of Briar Forest,1521,2x1,924,1222,12/08/2024,False
14030,The Villages of Briar Forest,1521,2x1,924,1217,12/09/2024,False
14031,The Villages of Briar Forest,1521,2x1,924,1237,12/10/2024,False
14032,The Villages of Briar Forest,1521,2x1,924,1237,12/11/2024,True
14033,The Villages of Briar Forest,1522,2x2,972,1455,02/18/2024,False
14034,The Villages of Briar Forest,1522,2x2,972,1455,02/19/2024,False
14035,The Villages of Briar Forest,1522,2x2,972,1455,02/20/2024,False
14036,The Villages of Briar Forest,1522,2x2,972,1455,02/21/2024,False
14037,The Villages of Briar Forest,1522,2x2,972,1455,02/22/2024,False
14038,The Villages of Briar Forest,1522,2x2,972,1455,02/23/2024,False
14039,The Villages of Briar Forest,1522,2x2,972,1455,02/24/2024,False
14040,The Villages of Briar Forest,1522,2x2,972,1455,02/25/2024,False
14041,The Villages of Briar Forest,1522,2x2,972,1383,02/26/2024,False
14042,The Villages of Briar Forest,1522,2x2,972,1413,02/27/2024,False
14043,The Villages of Briar Forest,1522,2x2,972,1413,02/28/2024,False
14044,The Villages of Briar Forest,1522,2x2,972,1425,02/29/2024,False
14045,The Villages of Briar Forest,1522,2x2,972,1425,03/01/2024,False
14046,The Villages of Briar Forest,1522,2x2,972,1425,03/02/2024,False
14047,The Villages of Briar Forest,1522,2x2,972,1425,03/03/2024,False
14048,The Villages of Briar Forest,1522,2x2,972,1425,03/04/2024,False
14049,The Villages of Briar Forest,1522,2x2,972,1425,03/05/2024,False
14050,The Villages of Briar Forest,1522,2x2,972,1425,03/06/2024,False
14051,The Villages of Briar Forest,1522,2x2,972,1425,03/07/2024,False
14052,The Villages of Briar Forest,1522,2x2,972,1425,03/08/2024,False
14053,The Villages of Briar Forest,1522,2x2,972,1420,03/09/2024,False
14054,The Villages of Briar Forest,1522,2x2,972,1420,03/10/2024,False
14055,The Villages of Briar Forest,1522,2x2,972,1420,03/11/2024,False
14056,The Villages of Briar Forest,1522,2x2,972,1420,03/12/2024,False
14057,The Villages of Briar Forest,1522,2x2,972,1420,03/13/2024,False
14058,The Villages of Briar Forest,1522,2x2,972,1420,03/14/2024,False
14059,The Villages of Briar Forest,1522,2x2,972,1420,03/15/2024,False
14060,The Villages of Briar Forest,1522,2x2,972,1450,03/16/2024,False
14061,The Villages of Briar Forest,1522,2x2,972,1450,03/17/2024,False
14062,The Villages of Briar Forest,1522,2x2,972,1450,03/18/2024,False
14063,The Villages of Briar Forest,1522,2x2,972,1450,03/19/2024,False
14064,The Villages of Briar Forest,1522,2x2,972,1450,03/20/2024,False
14065,The Villages of Briar Forest,1522,2x2,972,1450,03/21/2024,False
14066,The Villages of Briar Forest,1522,2x2,972,1450,03/22/2024,False
14067,The Villages of Briar Forest,1522,2x2,972,1595,03/23/2024,False
14068,The Villages of Briar Forest,1522,2x2,972,1595,03/24/2024,False
14069,The Villages of Briar Forest,1522,2x2,972,1595,03/25/2024,False
14070,The Villages of Briar Forest,1522,2x2,972,1595,03/26/2024,False
14071,The Villages of Briar Forest,1522,2x2,972,1595,03/27/2024,False
14072,The Villages of Briar Forest,1522,2x2,972,1595,03/28/2024,False
14073,The Villages of Briar Forest,1522,2x2,972,1595,03/29/2024,False
14074,The Villages of Briar Forest,1522,2x2,972,1595,03/30/2024,False
14075,The Villages of Briar Forest,1522,2x2,972,1595,03/31/2024,False
14076,The Villages of Briar Forest,1522,2x2,972,1595,04/01/2024,False
14077,The Villages of Briar Forest,1522,2x2,972,1595,04/02/2024,False
14078,The Villages of Briar Forest,1522,2x2,972,1595,04/03/2024,False
14079,The Villages of Briar Forest,1522,2x2,972,1595,04/04/2024,False
14080,The Villages of Briar Forest,1522,2x2,972,1595,04/05/2024,False
14081,The Villages of Briar Forest,1522,2x2,972,1650,04/06/2024,False
14082,The Villages of Briar Forest,1522,2x2,972,1650,04/07/2024,False
14083,The Villages of Briar Forest,1522,2x2,972,1650,04/08/2024,False
14084,The Villages of Briar Forest,1522,2x2,972,1650,04/09/2024,False
14085,The Villages of Briar Forest,1522,2x2,972,1650,04/10/2024,False
14086,The Villages of Briar Forest,1522,2x2,972,1650,04/11/2024,False
14087,The Villages of Briar Forest,1522,2x2,972,1650,04/12/2024,False
14088,The Villages of Briar Forest,1522,2x2,972,1600,04/13/2024,False
14089,The Villages of Briar Forest,1522,2x2,972,1600,04/14/2024,False
14090,The Villages of Briar Forest,1522,2x2,972,1600,04/15/2024,False
14091,The Villages of Briar Forest,1522,2x2,972,1600,04/16/2024,False
14092,The Villages of Briar Forest,1522,2x2,972,1600,04/17/2024,False
14093,The Villages of Briar Forest,1522,2x2,972,1600,04/18/2024,False
14094,The Villages of Briar Forest,1522,2x2,972,1600,04/19/2024,False
14095,The Villages of Briar Forest,1522,2x2,972,1600,04/20/2024,False
14096,The Villages of Briar Forest,1522,2x2,972,1600,04/21/2024,False
14097,The Villages of Briar Forest,1522,2x2,972,1600,04/22/2024,False
14098,The Villages of Briar Forest,1522,2x2,972,1600,04/23/2024,False
14099,The Villages of Briar Forest,1522,2x2,972,1600,04/24/2024,False
14100,The Villages of Briar Forest,1522,2x2,972,1600,04/25/2024,False
14101,The Villages of Briar Forest,1522,2x2,972,1570,04/26/2024,False
14102,The Villages of Briar Forest,1522,2x2,972,1570,04/27/2024,False
14103,The Villages of Briar Forest,1522,2x2,972,1570,04/28/2024,False
14104,The Villages of Briar Forest,1522,2x2,972,1570,04/29/2024,False
14105,The Villages of Briar Forest,1522,2x2,972,1570,04/30/2024,False
14106,The Villages of Briar Forest,1522,2x2,972,1570,05/01/2024,False
14107,The Villages of Briar Forest,1522,2x2,972,1570,05/02/2024,False
14108,The Villages of Briar Forest,1522,2x2,972,1570,05/03/2024,False
14109,The Villages of Briar Forest,1522,2x2,972,1535,05/04/2024,False
14110,The Villages of Briar Forest,1522,2x2,972,1535,05/05/2024,False
14111,The Villages of Briar Forest,1522,2x2,972,1535,05/06/2024,False
14112,The Villages of Briar Forest,1522,2x2,972,1535,05/07/2024,False
14113,The Villages of Briar Forest,1522,2x2,972,1535,05/08/2024,False
14114,The Villages of Briar Forest,1522,2x2,972,1535,05/09/2024,False
14115,The Villages of Briar Forest,1522,2x2,972,1518,05/10/2024,False
14116,The Villages of Briar Forest,1522,2x2,972,1485,05/11/2024,False
14117,The Villages of Briar Forest,1522,2x2,972,1485,05/12/2024,False
14118,The Villages of Briar Forest,1522,2x2,972,1485,05/13/2024,False
14119,The Villages of Briar Forest,1522,2x2,972,1485,05/14/2024,True
14120,The Villages of Briar Forest,1522,2x2,972,1425,12/07/2024,False
14121,The Villages of Briar Forest,1522,2x2,972,1425,12/08/2024,False
14122,The Villages of Briar Forest,1522,2x2,972,1420,12/09/2024,False
14123,The Villages of Briar Forest,1522,2x2,972,1440,12/10/2024,False
14124,The Villages of Briar Forest,1522,2x2,972,1435,12/11/2024,False
14125,The Villages of Briar Forest,1522,2x2,972,1450,12/12/2024,False
14126,The Villages of Briar Forest,1522,2x2,972,1490,12/13/2024,False
14127,The Villages of Briar Forest,1522,2x2,972,1500,12/14/2024,False
14128,The Villages of Briar Forest,1522,2x2,972,1510,12/15/2024,False
14129,The Villages of Briar Forest,1522,2x2,972,1505,12/16/2024,False
14130,The Villages of Briar Forest,1522,2x2,972,1515,12/17/2024,False
14131,The Villages of Briar Forest,1522,2x2,972,1510,12/18/2024,False
14132,The Villages of Briar Forest,1522,2x2,972,1505,12/19/2024,False
14133,The Villages of Briar Forest,1522,2x2,972,1505,12/20/2024,False
14134,The Villages of Briar Forest,1522,2x2,972,1490,12/21/2024,False
14135,The Villages of Briar Forest,1522,2x2,972,1495,12/22/2024,False
14136,The Villages of Briar Forest,1522,2x2,972,1495,12/23/2024,False
14137,The Villages of Briar Forest,1522,2x2,972,1470,12/24/2024,False
14138,The Villages of Briar Forest,1522,2x2,972,1470,12/25/2024,False
14139,The Villages of Briar Forest,1522,2x2,972,1470,12/26/2024,False
14140,The Villages of Briar Forest,1522,2x2,972,1500,12/27/2024,False
14141,The Villages of Briar Forest,1522,2x2,972,1490,12/28/2024,False
14142,The Villages of Briar Forest,1522,2x2,972,1490,12/29/2024,False
14143,The Villages of Briar Forest,1522,2x2,972,1470,12/30/2024,False
14144,The Villages of Briar Forest,1522,2x2,972,1470,12/31/2024,False
14145,The Villages of Briar Forest,1522,2x2,972,1470,01/01/2025,False
14146,The Villages of Briar Forest,1522,2x2,972,1395,01/02/2025,False
14147,The Villages of Briar Forest,1522,2x2,972,1395,01/03/2025,False
14148,The Villages of Briar Forest,1522,2x2,972,1395,01/04/2025,False
14149,The Villages of Briar Forest,1522,2x2,972,1385,01/05/2025,False
14150,The Villages of Briar Forest,1522,2x2,972,1385,01/06/2025,False
14151,The Villages of Briar Forest,1522,2x2,972,1425,01/07/2025,False
14152,The Villages of Briar Forest,1522,2x2,972,1425,01/08/2025,True
14153,The Villages of Briar Forest,1525,2x1,924,1312,12/22/2023,False
14154,The Villages of Briar Forest,1525,2x1,924,1312,12/23/2023,False
14155,The Villages of Briar Forest,1525,2x1,924,1312,12/24/2023,False
14156,The Villages of Briar Forest,1525,2x1,924,1312,12/25/2023,False
14157,The Villages of Briar Forest,1525,2x1,924,1312,12/26/2023,False
14158,The Villages of Briar Forest,1525,2x1,924,1312,12/27/2023,False
14159,The Villages of Briar Forest,1525,2x1,924,1312,12/28/2023,False
14160,The Villages of Briar Forest,1525,2x1,924,1312,12/29/2023,False
14161,The Villages of Briar Forest,1525,2x1,924,1242,12/30/2023,False
14162,The Villages of Briar Forest,1525,2x1,924,1242,12/31/2023,False
14163,The Villages of Briar Forest,1525,2x1,924,1242,01/01/2024,False
14164,The Villages of Briar Forest,1525,2x1,924,1242,01/02/2024,False
14165,The Villages of Briar Forest,1525,2x1,924,1242,01/03/2024,False
14166,The Villages of Briar Forest,1525,2x1,924,1242,01/04/2024,False
14167,The Villages of Briar Forest,1525,2x1,924,1242,01/05/2024,False
14168,The Villages of Briar Forest,1525,2x1,924,1197,01/06/2024,False
14169,The Villages of Briar Forest,1525,2x1,924,1197,01/07/2024,False
14170,The Villages of Briar Forest,1525,2x1,924,1197,01/08/2024,False
14171,The Villages of Briar Forest,1525,2x1,924,1197,01/09/2024,False
14172,The Villages of Briar Forest,1525,2x1,924,1197,01/10/2024,False
14173,The Villages of Briar Forest,1525,2x1,924,1197,01/11/2024,False
14174,The Villages of Briar Forest,1525,2x1,924,1197,01/12/2024,False
14175,The Villages of Briar Forest,1525,2x1,924,1197,01/13/2024,False
14176,The Villages of Briar Forest,1525,2x1,924,1197,01/14/2024,False
14177,The Villages of Briar Forest,1525,2x1,924,1197,01/15/2024,False
14178,The Villages of Briar Forest,1525,2x1,924,1197,01/16/2024,False
14179,The Villages of Briar Forest,1525,2x1,924,1252,01/17/2024,False
14180,The Villages of Briar Forest,1525,2x1,924,1252,01/18/2024,False
14181,The Villages of Briar Forest,1525,2x1,924,1252,01/19/2024,False
14182,The Villages of Briar Forest,1525,2x1,924,1252,01/20/2024,False
14183,The Villages of Briar Forest,1525,2x1,924,1252,01/21/2024,False
14184,The Villages of Briar Forest,1525,2x1,924,1252,01/22/2024,False
14185,The Villages of Briar Forest,1525,2x1,924,1252,01/23/2024,False
14186,The Villages of Briar Forest,1525,2x1,924,1252,01/24/2024,False
14187,The Villages of Briar Forest,1525,2x1,924,1252,01/25/2024,False
14188,The Villages of Briar Forest,1525,2x1,924,1252,01/26/2024,False
14189,The Villages of Briar Forest,1525,2x1,924,1252,01/27/2024,False
14190,The Villages of Briar Forest,1525,2x1,924,1252,01/28/2024,False
14191,The Villages of Briar Forest,1525,2x1,924,1252,01/29/2024,False
14192,The Villages of Briar Forest,1525,2x1,924,1252,01/30/2024,False
14193,The Villages of Briar Forest,1525,2x1,924,1252,01/31/2024,False
14194,The Villages of Briar Forest,1525,2x1,924,1252,02/01/2024,False
14195,The Villages of Briar Forest,1525,2x1,924,1252,02/02/2024,False
14196,The Villages of Briar Forest,1525,2x1,924,1252,02/03/2024,False
14197,The Villages of Briar Forest,1525,2x1,924,1252,02/04/2024,False
14198,The Villages of Briar Forest,1525,2x1,924,1252,02/05/2024,False
14199,The Villages of Briar Forest,1525,2x1,924,1252,02/06/2024,False
14200,The Villages of Briar Forest,1525,2x1,924,1252,02/07/2024,False
14201,The Villages of Briar Forest,1525,2x1,924,1252,02/08/2024,False
14202,The Villages of Briar Forest,1525,2x1,924,1252,02/09/2024,False
14203,The Villages of Briar Forest,1525,2x1,924,1252,02/10/2024,False
14204,The Villages of Briar Forest,1525,2x1,924,1252,02/11/2024,False
14205,The Villages of Briar Forest,1525,2x1,924,1252,02/12/2024,False
14206,The Villages of Briar Forest,1525,2x1,924,1252,02/13/2024,False
14207,The Villages of Briar Forest,1525,2x1,924,1252,02/14/2024,False
14208,The Villages of Briar Forest,1525,2x1,924,1252,02/15/2024,False
14209,The Villages of Briar Forest,1525,2x1,924,1252,02/16/2024,False
14210,The Villages of Briar Forest,1525,2x1,924,1252,02/17/2024,False
14211,The Villages of Briar Forest,1525,2x1,924,1252,02/18/2024,False
14212,The Villages of Briar Forest,1525,2x1,924,1252,02/19/2024,False
14213,The Villages of Briar Forest,1525,2x1,924,1252,02/20/2024,False
14214,The Villages of Briar Forest,1525,2x1,924,1252,02/21/2024,False
14215,The Villages of Briar Forest,1525,2x1,924,1252,02/22/2024,False
14216,The Villages of Briar Forest,1525,2x1,924,1252,02/23/2024,False
14217,The Villages of Briar Forest,1525,2x1,924,1252,02/24/2024,False
14218,The Villages of Briar Forest,1525,2x1,924,1252,02/25/2024,False
14219,The Villages of Briar Forest,1525,2x1,924,1210,02/26/2024,False
14220,The Villages of Briar Forest,1525,2x1,924,1210,02/27/2024,False
14221,The Villages of Briar Forest,1525,2x1,924,1210,02/28/2024,False
14222,The Villages of Briar Forest,1525,2x1,924,1252,02/29/2024,True
14223,The Villages of Briar Forest,1526,2x2,972,1615,04/14/2024,False
14224,The Villages of Briar Forest,1526,2x2,972,1615,04/15/2024,False
14225,The Villages of Briar Forest,1526,2x2,972,1615,04/16/2024,False
14226,The Villages of Briar Forest,1526,2x2,972,1615,04/17/2024,False
14227,The Villages of Briar Forest,1526,2x2,972,1615,04/18/2024,False
14228,The Villages of Briar Forest,1526,2x2,972,1615,04/19/2024,False
14229,The Villages of Briar Forest,1526,2x2,972,1615,04/20/2024,False
14230,The Villages of Briar Forest,1526,2x2,972,1615,04/21/2024,False
14231,The Villages of Briar Forest,1526,2x2,972,1615,04/22/2024,False
14232,The Villages of Briar Forest,1526,2x2,972,1615,04/23/2024,False
14233,The Villages of Briar Forest,1526,2x2,972,1615,04/24/2024,False
14234,The Villages of Briar Forest,1526,2x2,972,1615,04/25/2024,False
14235,The Villages of Briar Forest,1526,2x2,972,1585,04/26/2024,False
14236,The Villages of Briar Forest,1526,2x2,972,1585,04/27/2024,False
14237,The Villages of Briar Forest,1526,2x2,972,1585,04/28/2024,False
14238,The Villages of Briar Forest,1526,2x2,972,1585,04/29/2024,False
14239,The Villages of Briar Forest,1526,2x2,972,1585,04/30/2024,False
14240,The Villages of Briar Forest,1526,2x2,972,1585,05/01/2024,False
14241,The Villages of Briar Forest,1526,2x2,972,1585,05/02/2024,False
14242,The Villages of Briar Forest,1526,2x2,972,1585,05/03/2024,False
14243,The Villages of Briar Forest,1526,2x2,972,1550,05/04/2024,False
14244,The Villages of Briar Forest,1526,2x2,972,1550,05/05/2024,False
14245,The Villages of Briar Forest,1526,2x2,972,1548,05/06/2024,False
14246,The Villages of Briar Forest,1526,2x2,972,1548,05/07/2024,False
14247,The Villages of Briar Forest,1526,2x2,972,1548,05/08/2024,False
14248,The Villages of Briar Forest,1526,2x2,972,1548,05/09/2024,False
14249,The Villages of Briar Forest,1526,2x2,972,1530,05/10/2024,False
14250,The Villages of Briar Forest,1526,2x2,972,1500,05/11/2024,False
14251,The Villages of Briar Forest,1526,2x2,972,1500,05/12/2024,False
14252,The Villages of Briar Forest,1526,2x2,972,1500,05/13/2024,False
14253,The Villages of Briar Forest,1526,2x2,972,1500,05/14/2024,False
14254,The Villages of Briar Forest,1526,2x2,972,1500,05/15/2024,False
14255,The Villages of Briar Forest,1526,2x2,972,1500,05/16/2024,False
14256,The Villages of Briar Forest,1526,2x2,972,1500,05/17/2024,False
14257,The Villages of Briar Forest,1526,2x2,972,1500,05/18/2024,False
14258,The Villages of Briar Forest,1526,2x2,972,1500,05/19/2024,False
14259,The Villages of Briar Forest,1526,2x2,972,1500,05/20/2024,False
14260,The Villages of Briar Forest,1526,2x2,972,1500,05/21/2024,False
14261,The Villages of Briar Forest,1526,2x2,972,1500,05/22/2024,False
14262,The Villages of Briar Forest,1526,2x2,972,1500,05/23/2024,False
14263,The Villages of Briar Forest,1526,2x2,972,1511,05/24/2024,False
14264,The Villages of Briar Forest,1526,2x2,972,1510,05/25/2024,False
14265,The Villages of Briar Forest,1526,2x2,972,1510,05/26/2024,False
14266,The Villages of Briar Forest,1526,2x2,972,1510,05/27/2024,False
14267,The Villages of Briar Forest,1526,2x2,972,1510,05/28/2024,False
14268,The Villages of Briar Forest,1526,2x2,972,1510,05/29/2024,False
14269,The Villages of Briar Forest,1526,2x2,972,1510,05/30/2024,False
14270,The Villages of Briar Forest,1526,2x2,972,1510,05/31/2024,False
14271,The Villages of Briar Forest,1526,2x2,972,1510,06/01/2024,False
14272,The Villages of Briar Forest,1526,2x2,972,1506,06/02/2024,False
14273,The Villages of Briar Forest,1526,2x2,972,1506,06/03/2024,False
14274,The Villages of Briar Forest,1526,2x2,972,1509,06/04/2024,False
14275,The Villages of Briar Forest,1526,2x2,972,1506,06/05/2024,False
14276,The Villages of Briar Forest,1526,2x2,972,1506,06/06/2024,False
14277,The Villages of Briar Forest,1526,2x2,972,1506,06/07/2024,False
14278,The Villages of Briar Forest,1526,2x2,972,1555,06/08/2024,False
14279,The Villages of Briar Forest,1526,2x2,972,1555,06/09/2024,False
14280,The Villages of Briar Forest,1526,2x2,972,1555,06/10/2024,False
14281,The Villages of Briar Forest,1526,2x2,972,1555,06/11/2024,False
14282,The Villages of Briar Forest,1526,2x2,972,1555,06/12/2024,False
14283,The Villages of Briar Forest,1526,2x2,972,1555,06/13/2024,False
14284,The Villages of Briar Forest,1526,2x2,972,1555,06/14/2024,False
14285,The Villages of Briar Forest,1526,2x2,972,1555,06/15/2024,False
14286,The Villages of Briar Forest,1526,2x2,972,1555,06/16/2024,False
14287,The Villages of Briar Forest,1526,2x2,972,1555,06/17/2024,False
14288,The Villages of Briar Forest,1526,2x2,972,1555,06/18/2024,False
14289,The Villages of Briar Forest,1526,2x2,972,1555,06/19/2024,False
14290,The Villages of Briar Forest,1526,2x2,972,1555,06/20/2024,False
14291,The Villages of Briar Forest,1526,2x2,972,1555,06/21/2024,False
14292,The Villages of Briar Forest,1526,2x2,972,1555,06/22/2024,False
14293,The Villages of Briar Forest,1526,2x2,972,1555,06/23/2024,False
14294,The Villages of Briar Forest,1526,2x2,972,1555,06/24/2024,False
14295,The Villages of Briar Forest,1526,2x2,972,1555,06/25/2024,False
14296,The Villages of Briar Forest,1526,2x2,972,1555,06/26/2024,False
14297,The Villages of Briar Forest,1526,2x2,972,1555,06/27/2024,False
14298,The Villages of Briar Forest,1526,2x2,972,1534,06/28/2024,False
14299,The Villages of Briar Forest,1526,2x2,972,1534,06/29/2024,False
14300,The Villages of Briar Forest,1526,2x2,972,1484,06/30/2024,False
14301,The Villages of Briar Forest,1526,2x2,972,1483,07/01/2024,False
14302,The Villages of Briar Forest,1526,2x2,972,1437,07/02/2024,False
14303,The Villages of Briar Forest,1526,2x2,972,1437,07/03/2024,False
14304,The Villages of Briar Forest,1526,2x2,972,1437,07/04/2024,False
14305,The Villages of Briar Forest,1526,2x2,972,1432,07/05/2024,False
14306,The Villages of Briar Forest,1526,2x2,972,1432,07/06/2024,False
14307,The Villages of Briar Forest,1526,2x2,972,1432,07/07/2024,False
14308,The Villages of Briar Forest,1526,2x2,972,1432,07/08/2024,False
14309,The Villages of Briar Forest,1526,2x2,972,1432,07/09/2024,False
14310,The Villages of Briar Forest,1526,2x2,972,1432,07/10/2024,False
14311,The Villages of Briar Forest,1526,2x2,972,1432,07/11/2024,False
14312,The Villages of Briar Forest,1526,2x2,972,1432,07/12/2024,False
14313,The Villages of Briar Forest,1526,2x2,972,1432,07/13/2024,False
14314,The Villages of Briar Forest,1526,2x2,972,1432,07/14/2024,False
14315,The Villages of Briar Forest,1526,2x2,972,1432,07/15/2024,False
14316,The Villages of Briar Forest,1526,2x2,972,1432,07/16/2024,False
14317,The Villages of Briar Forest,1526,2x2,972,1432,07/17/2024,False
14318,The Villages of Briar Forest,1526,2x2,972,1432,07/18/2024,False
14319,The Villages of Briar Forest,1526,2x2,972,1432,07/19/2024,False
14320,The Villages of Briar Forest,1526,2x2,972,1432,07/20/2024,False
14321,The Villages of Briar Forest,1526,2x2,972,1432,07/21/2024,False
14322,The Villages of Briar Forest,1526,2x2,972,1432,07/22/2024,False
14323,The Villages of Briar Forest,1526,2x2,972,1432,07/23/2024,False
14324,The Villages of Briar Forest,1526,2x2,972,1432,07/24/2024,False
14325,The Villages of Briar Forest,1526,2x2,972,1432,07/25/2024,False
14326,The Villages of Briar Forest,1526,2x2,972,1432,07/26/2024,False
14327,The Villages of Briar Forest,1526,2x2,972,1432,07/27/2024,False
14328,The Villages of Briar Forest,1526,2x2,972,1432,07/28/2024,False
14329,The Villages of Briar Forest,1526,2x2,972,1432,07/29/2024,False
14330,The Villages of Briar Forest,1526,2x2,972,1432,07/30/2024,False
14331,The Villages of Briar Forest,1526,2x2,972,1432,07/31/2024,False
14332,The Villages of Briar Forest,1526,2x2,972,1378,08/01/2024,False
14333,The Villages of Briar Forest,1526,2x2,972,1378,08/02/2024,False
14334,The Villages of Briar Forest,1526,2x2,972,1425,08/03/2024,False
14335,The Villages of Briar Forest,1526,2x2,972,1425,08/04/2024,False
14336,The Villages of Briar Forest,1526,2x2,972,1425,08/05/2024,False
14337,The Villages of Briar Forest,1526,2x2,972,1425,08/06/2024,False
14338,The Villages of Briar Forest,1526,2x2,972,1425,08/07/2024,False
14339,The Villages of Briar Forest,1526,2x2,972,1425,08/08/2024,False
14340,The Villages of Briar Forest,1526,2x2,972,1425,08/09/2024,False
14341,The Villages of Briar Forest,1526,2x2,972,1425,08/10/2024,False
14342,The Villages of Briar Forest,1526,2x2,972,1425,08/11/2024,False
14343,The Villages of Briar Forest,1526,2x2,972,1425,08/12/2024,False
14344,The Villages of Briar Forest,1526,2x2,972,1425,08/13/2024,False
14345,The Villages of Briar Forest,1526,2x2,972,1425,08/14/2024,False
14346,The Villages of Briar Forest,1526,2x2,972,1425,08/15/2024,False
14347,The Villages of Briar Forest,1526,2x2,972,1500,08/16/2024,False
14348,The Villages of Briar Forest,1526,2x2,972,1500,08/17/2024,False
14349,The Villages of Briar Forest,1526,2x2,972,1500,08/18/2024,False
14350,The Villages of Briar Forest,1526,2x2,972,1500,08/19/2024,False
14351,The Villages of Briar Forest,1526,2x2,972,1500,08/20/2024,False
14352,The Villages of Briar Forest,1526,2x2,972,1500,08/21/2024,False
14353,The Villages of Briar Forest,1526,2x2,972,1500,08/22/2024,False
14354,The Villages of Briar Forest,1526,2x2,972,1500,08/23/2024,False
14355,The Villages of Briar Forest,1526,2x2,972,1500,08/24/2024,False
14356,The Villages of Briar Forest,1526,2x2,972,1500,08/25/2024,False
14357,The Villages of Briar Forest,1526,2x2,972,1500,08/26/2024,False
14358,The Villages of Briar Forest,1526,2x2,972,1500,08/27/2024,False
14359,The Villages of Briar Forest,1526,2x2,972,1465,08/28/2024,False
14360,The Villages of Briar Forest,1526,2x2,972,1465,08/29/2024,True
14361,The Villages of Briar Forest,1611,2x2,1138,1626,06/17/2023,False
14362,The Villages of Briar Forest,1611,2x2,1138,1626,06/18/2023,False
14363,The Villages of Briar Forest,1611,2x2,1138,1626,06/19/2023,False
14364,The Villages of Briar Forest,1611,2x2,1138,1626,06/20/2023,False
14365,The Villages of Briar Forest,1611,2x2,1138,1626,06/21/2023,False
14366,The Villages of Briar Forest,1611,2x2,1138,1631,06/22/2023,False
14367,The Villages of Briar Forest,1611,2x2,1138,1641,06/23/2023,False
14368,The Villages of Briar Forest,1611,2x2,1138,1636,06/24/2023,False
14369,The Villages of Briar Forest,1611,2x2,1138,1626,06/25/2023,False
14370,The Villages of Briar Forest,1611,2x2,1138,1626,06/26/2023,False
14371,The Villages of Briar Forest,1611,2x2,1138,1816,06/27/2023,False
14372,The Villages of Briar Forest,1611,2x2,1138,1816,06/28/2023,False
14373,The Villages of Briar Forest,1611,2x2,1138,1816,06/29/2023,False
14374,The Villages of Briar Forest,1611,2x2,1138,1816,06/30/2023,False
14375,The Villages of Briar Forest,1611,2x2,1138,1816,07/01/2023,False
14376,The Villages of Briar Forest,1611,2x2,1138,1816,07/02/2023,False
14377,The Villages of Briar Forest,1611,2x2,1138,1816,07/03/2023,False
14378,The Villages of Briar Forest,1611,2x2,1138,1816,07/04/2023,False
14379,The Villages of Briar Forest,1611,2x2,1138,1816,07/05/2023,False
14380,The Villages of Briar Forest,1611,2x2,1138,1816,07/06/2023,False
14381,The Villages of Briar Forest,1611,2x2,1138,1816,07/07/2023,False
14382,The Villages of Briar Forest,1611,2x2,1138,1791,07/08/2023,False
14383,The Villages of Briar Forest,1611,2x2,1138,1791,07/09/2023,False
14384,The Villages of Briar Forest,1611,2x2,1138,1791,07/10/2023,False
14385,The Villages of Briar Forest,1611,2x2,1138,1701,07/11/2023,False
14386,The Villages of Briar Forest,1611,2x2,1138,1701,07/12/2023,False
14387,The Villages of Briar Forest,1611,2x2,1138,1701,07/13/2023,False
14388,The Villages of Briar Forest,1611,2x2,1138,1701,07/14/2023,False
14389,The Villages of Briar Forest,1611,2x2,1138,1711,07/15/2023,False
14390,The Villages of Briar Forest,1611,2x2,1138,1711,07/16/2023,False
14391,The Villages of Briar Forest,1611,2x2,1138,1648,07/17/2023,False
14392,The Villages of Briar Forest,1611,2x2,1138,1618,07/18/2023,False
14393,The Villages of Briar Forest,1611,2x2,1138,1618,07/19/2023,False
14394,The Villages of Briar Forest,1611,2x2,1138,1624,07/20/2023,False
14395,The Villages of Briar Forest,1611,2x2,1138,1624,07/21/2023,False
14396,The Villages of Briar Forest,1611,2x2,1138,1664,07/22/2023,False
14397,The Villages of Briar Forest,1611,2x2,1138,1596,07/23/2023,False
14398,The Villages of Briar Forest,1611,2x2,1138,1596,07/24/2023,False
14399,The Villages of Briar Forest,1611,2x2,1138,1596,07/25/2023,False
14400,The Villages of Briar Forest,1611,2x2,1138,1624,07/26/2023,False
14401,The Villages of Briar Forest,1611,2x2,1138,1624,07/27/2023,False
14402,The Villages of Briar Forest,1611,2x2,1138,1624,07/28/2023,False
14403,The Villages of Briar Forest,1611,2x2,1138,1624,07/29/2023,False
14404,The Villages of Briar Forest,1611,2x2,1138,1624,07/30/2023,False
14405,The Villages of Briar Forest,1611,2x2,1138,1636,07/31/2023,False
14406,The Villages of Briar Forest,1611,2x2,1138,1636,08/01/2023,False
14407,The Villages of Briar Forest,1611,2x2,1138,1636,08/02/2023,False
14408,The Villages of Briar Forest,1611,2x2,1138,1706,08/03/2023,False
14409,The Villages of Briar Forest,1611,2x2,1138,1710,08/04/2023,False
14410,The Villages of Briar Forest,1611,2x2,1138,1786,08/05/2023,False
14411,The Villages of Briar Forest,1611,2x2,1138,1786,08/06/2023,False
14412,The Villages of Briar Forest,1611,2x2,1138,1786,08/07/2023,False
14413,The Villages of Briar Forest,1611,2x2,1138,1786,08/08/2023,False
14414,The Villages of Briar Forest,1611,2x2,1138,1786,08/09/2023,False
14415,The Villages of Briar Forest,1611,2x2,1138,1668,08/10/2023,False
14416,The Villages of Briar Forest,1611,2x2,1138,1658,08/11/2023,False
14417,The Villages of Briar Forest,1611,2x2,1138,1724,08/12/2023,False
14418,The Villages of Briar Forest,1611,2x2,1138,1724,08/13/2023,False
14419,The Villages of Briar Forest,1611,2x2,1138,1724,08/14/2023,False
14420,The Villages of Briar Forest,1611,2x2,1138,1724,08/15/2023,True
14421,The Villages of Briar Forest,1612,1x1,817,1424,08/09/2023,False
14422,The Villages of Briar Forest,1612,1x1,817,1418,08/10/2023,False
14423,The Villages of Briar Forest,1612,1x1,817,1394,08/11/2023,False
14424,The Villages of Briar Forest,1612,1x1,817,1384,08/12/2023,False
14425,The Villages of Briar Forest,1612,1x1,817,1414,08/13/2023,False
14426,The Villages of Briar Forest,1612,1x1,817,1414,08/14/2023,False
14427,The Villages of Briar Forest,1612,1x1,817,1404,08/15/2023,False
14428,The Villages of Briar Forest,1612,1x1,817,1462,08/16/2023,False
14429,The Villages of Briar Forest,1612,1x1,817,1462,08/17/2023,False
14430,The Villages of Briar Forest,1612,1x1,817,1397,08/18/2023,False
14431,The Villages of Briar Forest,1612,1x1,817,1397,08/19/2023,False
14432,The Villages of Briar Forest,1612,1x1,817,1397,08/20/2023,False
14433,The Villages of Briar Forest,1612,1x1,817,1397,08/21/2023,False
14434,The Villages of Briar Forest,1612,1x1,817,1397,08/22/2023,False
14435,The Villages of Briar Forest,1612,1x1,817,1397,08/23/2023,False
14436,The Villages of Briar Forest,1612,1x1,817,1397,08/24/2023,False
14437,The Villages of Briar Forest,1612,1x1,817,1397,08/25/2023,False
14438,The Villages of Briar Forest,1612,1x1,817,1357,08/26/2023,False
14439,The Villages of Briar Forest,1612,1x1,817,1357,08/27/2023,False
14440,The Villages of Briar Forest,1612,1x1,817,1357,08/28/2023,False
14441,The Villages of Briar Forest,1612,1x1,817,1357,08/29/2023,False
14442,The Villages of Briar Forest,1612,1x1,817,1357,08/30/2023,False
14443,The Villages of Briar Forest,1612,1x1,817,1357,08/31/2023,False
14444,The Villages of Briar Forest,1612,1x1,817,1347,09/01/2023,False
14445,The Villages of Briar Forest,1612,1x1,817,1347,09/02/2023,False
14446,The Villages of Briar Forest,1612,1x1,817,1347,09/03/2023,False
14447,The Villages of Briar Forest,1612,1x1,817,1347,09/04/2023,False
14448,The Villages of Briar Forest,1612,1x1,817,1347,09/05/2023,False
14449,The Villages of Briar Forest,1612,1x1,817,1347,09/06/2023,False
14450,The Villages of Briar Forest,1612,1x1,817,1347,09/07/2023,False
14451,The Villages of Briar Forest,1612,1x1,817,1347,09/08/2023,False
14452,The Villages of Briar Forest,1612,1x1,817,1347,09/09/2023,False
14453,The Villages of Briar Forest,1612,1x1,817,1347,09/10/2023,False
14454,The Villages of Briar Forest,1612,1x1,817,1347,09/11/2023,False
14455,The Villages of Briar Forest,1612,1x1,817,1347,09/12/2023,False
14456,The Villages of Briar Forest,1612,1x1,817,1347,09/13/2023,False
14457,The Villages of Briar Forest,1612,1x1,817,1347,09/14/2023,False
14458,The Villages of Briar Forest,1612,1x1,817,1347,09/15/2023,False
14459,The Villages of Briar Forest,1612,1x1,817,1347,09/16/2023,False
14460,The Villages of Briar Forest,1612,1x1,817,1347,09/17/2023,False
14461,The Villages of Briar Forest,1612,1x1,817,1347,09/18/2023,False
14462,The Villages of Briar Forest,1612,1x1,817,1347,09/19/2023,False
14463,The Villages of Briar Forest,1612,1x1,817,1347,09/20/2023,False
14464,The Villages of Briar Forest,1612,1x1,817,1347,09/21/2023,False
14465,The Villages of Briar Forest,1612,1x1,817,1347,09/22/2023,False
14466,The Villages of Briar Forest,1612,1x1,817,1347,09/23/2023,False
14467,The Villages of Briar Forest,1612,1x1,817,1347,09/24/2023,False
14468,The Villages of Briar Forest,1612,1x1,817,1347,09/25/2023,False
14469,The Villages of Briar Forest,1612,1x1,817,1347,09/26/2023,False
14470,The Villages of Briar Forest,1612,1x1,817,1347,09/27/2023,False
14471,The Villages of Briar Forest,1612,1x1,817,1347,09/28/2023,False
14472,The Villages of Briar Forest,1612,1x1,817,1347,09/29/2023,False
14473,The Villages of Briar Forest,1612,1x1,817,1347,09/30/2023,False
14474,The Villages of Briar Forest,1612,1x1,817,1347,10/01/2023,False
14475,The Villages of Briar Forest,1612,1x1,817,1347,10/02/2023,False
14476,The Villages of Briar Forest,1612,1x1,817,1347,10/03/2023,False
14477,The Villages of Briar Forest,1612,1x1,817,1347,10/04/2023,False
14478,The Villages of Briar Forest,1612,1x1,817,1284,10/05/2023,False
14479,The Villages of Briar Forest,1612,1x1,817,1284,10/06/2023,False
14480,The Villages of Briar Forest,1612,1x1,817,1284,10/07/2023,False
14481,The Villages of Briar Forest,1612,1x1,817,1284,10/08/2023,False
14482,The Villages of Briar Forest,1612,1x1,817,1284,10/09/2023,False
14483,The Villages of Briar Forest,1612,1x1,817,1284,10/10/2023,False
14484,The Villages of Briar Forest,1612,1x1,817,1284,10/11/2023,False
14485,The Villages of Briar Forest,1612,1x1,817,1284,10/12/2023,False
14486,The Villages of Briar Forest,1612,1x1,817,1284,10/13/2023,False
14487,The Villages of Briar Forest,1612,1x1,817,1284,10/14/2023,False
14488,The Villages of Briar Forest,1612,1x1,817,1284,10/15/2023,False
14489,The Villages of Briar Forest,1612,1x1,817,1284,10/16/2023,False
14490,The Villages of Briar Forest,1612,1x1,817,1284,10/17/2023,False
14491,The Villages of Briar Forest,1612,1x1,817,1284,10/18/2023,False
14492,The Villages of Briar Forest,1612,1x1,817,1284,10/19/2023,False
14493,The Villages of Briar Forest,1612,1x1,817,1284,10/20/2023,False
14494,The Villages of Briar Forest,1612,1x1,817,1284,10/21/2023,False
14495,The Villages of Briar Forest,1612,1x1,817,1284,10/22/2023,False
14496,The Villages of Briar Forest,1612,1x1,817,1284,10/23/2023,False
14497,The Villages of Briar Forest,1612,1x1,817,1284,10/24/2023,False
14498,The Villages of Briar Forest,1612,1x1,817,1284,10/25/2023,False
14499,The Villages of Briar Forest,1612,1x1,817,1284,10/26/2023,False
14500,The Villages of Briar Forest,1612,1x1,817,1284,10/27/2023,False
14501,The Villages of Briar Forest,1612,1x1,817,1284,10/28/2023,False
14502,The Villages of Briar Forest,1612,1x1,817,1284,10/29/2023,False
14503,The Villages of Briar Forest,1612,1x1,817,1284,10/30/2023,False
14504,The Villages of Briar Forest,1612,1x1,817,1284,10/31/2023,False
14505,The Villages of Briar Forest,1612,1x1,817,1347,11/01/2023,False
14506,The Villages of Briar Forest,1612,1x1,817,1347,11/02/2023,False
14507,The Villages of Briar Forest,1612,1x1,817,1347,11/03/2023,False
14508,The Villages of Briar Forest,1612,1x1,817,1347,11/04/2023,False
14509,The Villages of Briar Forest,1612,1x1,817,1347,11/05/2023,False
14510,The Villages of Briar Forest,1612,1x1,817,1235,11/06/2023,False
14511,The Villages of Briar Forest,1612,1x1,817,1235,11/07/2023,False
14512,The Villages of Briar Forest,1612,1x1,817,1235,11/08/2023,False
14513,The Villages of Briar Forest,1612,1x1,817,1235,11/09/2023,False
14514,The Villages of Briar Forest,1612,1x1,817,1235,11/10/2023,False
14515,The Villages of Briar Forest,1612,1x1,817,1235,11/11/2023,False
14516,The Villages of Briar Forest,1612,1x1,817,1235,11/12/2023,False
14517,The Villages of Briar Forest,1612,1x1,817,1235,11/13/2023,False
14518,The Villages of Briar Forest,1612,1x1,817,1235,11/14/2023,False
14519,The Villages of Briar Forest,1612,1x1,817,1235,11/15/2023,False
14520,The Villages of Briar Forest,1612,1x1,817,1235,11/16/2023,False
14521,The Villages of Briar Forest,1612,1x1,817,1235,11/17/2023,False
14522,The Villages of Briar Forest,1612,1x1,817,1235,11/18/2023,False
14523,The Villages of Briar Forest,1612,1x1,817,1235,11/19/2023,False
14524,The Villages of Briar Forest,1612,1x1,817,1235,11/20/2023,False
14525,The Villages of Briar Forest,1612,1x1,817,1235,11/21/2023,False
14526,The Villages of Briar Forest,1612,1x1,817,1235,11/22/2023,False
14527,The Villages of Briar Forest,1612,1x1,817,1235,11/23/2023,False
14528,The Villages of Briar Forest,1612,1x1,817,1235,11/24/2023,False
14529,The Villages of Briar Forest,1612,1x1,817,1235,11/25/2023,False
14530,The Villages of Briar Forest,1612,1x1,817,1240,11/26/2023,False
14531,The Villages of Briar Forest,1612,1x1,817,1240,11/27/2023,False
14532,The Villages of Briar Forest,1612,1x1,817,1240,11/28/2023,True
14533,The Villages of Briar Forest,1613,1x1,817,1340,11/14/2024,False
14534,The Villages of Briar Forest,1613,1x1,817,1340,11/15/2024,False
14535,The Villages of Briar Forest,1613,1x1,817,1340,11/16/2024,False
14536,The Villages of Briar Forest,1613,1x1,817,1340,11/17/2024,False
14537,The Villages of Briar Forest,1613,1x1,817,1340,11/18/2024,False
14538,The Villages of Briar Forest,1613,1x1,817,1340,11/19/2024,False
14539,The Villages of Briar Forest,1613,1x1,817,1340,11/20/2024,False
14540,The Villages of Briar Forest,1613,1x1,817,1340,11/21/2024,False
14541,The Villages of Briar Forest,1613,1x1,817,1350,11/22/2024,False
14542,The Villages of Briar Forest,1613,1x1,817,1335,11/23/2024,False
14543,The Villages of Briar Forest,1613,1x1,817,1335,11/24/2024,False
14544,The Villages of Briar Forest,1613,1x1,817,1335,11/25/2024,False
14545,The Villages of Briar Forest,1613,1x1,817,1335,11/26/2024,False
14546,The Villages of Briar Forest,1613,1x1,817,1335,11/27/2024,False
14547,The Villages of Briar Forest,1613,1x1,817,1335,11/28/2024,False
14548,The Villages of Briar Forest,1613,1x1,817,1330,11/29/2024,False
14549,The Villages of Briar Forest,1613,1x1,817,1330,11/30/2024,False
14550,The Villages of Briar Forest,1613,1x1,817,1330,12/01/2024,False
14551,The Villages of Briar Forest,1613,1x1,817,1330,12/02/2024,False
14552,The Villages of Briar Forest,1613,1x1,817,1380,12/03/2024,False
14553,The Villages of Briar Forest,1613,1x1,817,1380,12/04/2024,False
14554,The Villages of Briar Forest,1613,1x1,817,1380,12/05/2024,False
14555,The Villages of Briar Forest,1613,1x1,817,1380,12/06/2024,False
14556,The Villages of Briar Forest,1613,1x1,817,1350,12/07/2024,False
14557,The Villages of Briar Forest,1613,1x1,817,1350,12/08/2024,False
14558,The Villages of Briar Forest,1613,1x1,817,1350,12/09/2024,False
14559,The Villages of Briar Forest,1613,1x1,817,1350,12/10/2024,False
14560,The Villages of Briar Forest,1613,1x1,817,1350,12/11/2024,False
14561,The Villages of Briar Forest,1613,1x1,817,1350,12/12/2024,False
14562,The Villages of Briar Forest,1613,1x1,817,1390,12/13/2024,False
14563,The Villages of Briar Forest,1613,1x1,817,1390,12/14/2024,False
14564,The Villages of Briar Forest,1613,1x1,817,1390,12/15/2024,False
14565,The Villages of Briar Forest,1613,1x1,817,1390,12/16/2024,False
14566,The Villages of Briar Forest,1613,1x1,817,1390,12/17/2024,False
14567,The Villages of Briar Forest,1613,1x1,817,1369,12/18/2024,False
14568,The Villages of Briar Forest,1613,1x1,817,1369,12/19/2024,False
14569,The Villages of Briar Forest,1613,1x1,817,1328,12/20/2024,False
14570,The Villages of Briar Forest,1613,1x1,817,1328,12/21/2024,False
14571,The Villages of Briar Forest,1613,1x1,817,1328,12/22/2024,False
14572,The Villages of Briar Forest,1613,1x1,817,1328,12/23/2024,False
14573,The Villages of Briar Forest,1613,1x1,817,1328,12/24/2024,False
14574,The Villages of Briar Forest,1613,1x1,817,1328,12/25/2024,False
14575,The Villages of Briar Forest,1613,1x1,817,1328,12/26/2024,False
14576,The Villages of Briar Forest,1613,1x1,817,1322,12/27/2024,False
14577,The Villages of Briar Forest,1613,1x1,817,1322,12/28/2024,False
14578,The Villages of Briar Forest,1613,1x1,817,1322,12/29/2024,False
14579,The Villages of Briar Forest,1613,1x1,817,1322,12/30/2024,False
14580,The Villages of Briar Forest,1613,1x1,817,1322,12/31/2024,False
14581,The Villages of Briar Forest,1613,1x1,817,1390,01/01/2025,False
14582,The Villages of Briar Forest,1613,1x1,817,1315,01/02/2025,False
14583,The Villages of Briar Forest,1613,1x1,817,1315,01/03/2025,False
14584,The Villages of Briar Forest,1613,1x1,817,1295,01/04/2025,False
14585,The Villages of Briar Forest,1613,1x1,817,1295,01/05/2025,False
14586,The Villages of Briar Forest,1613,1x1,817,1295,01/06/2025,False
14587,The Villages of Briar Forest,1613,1x1,817,1265,01/07/2025,False
14588,The Villages of Briar Forest,1613,1x1,817,1265,01/08/2025,False
14589,The Villages of Briar Forest,1613,1x1,817,1265,01/09/2025,False
14590,The Villages of Briar Forest,1613,1x1,817,1255,01/10/2025,False
14591,The Villages of Briar Forest,1613,1x1,817,1255,01/11/2025,False
14592,The Villages of Briar Forest,1613,1x1,817,1255,01/12/2025,False
14593,The Villages of Briar Forest,1613,1x1,817,1255,01/13/2025,False
14594,The Villages of Briar Forest,1613,1x1,817,1255,01/14/2025,False
14595,The Villages of Briar Forest,1613,1x1,817,1255,01/15/2025,False
14596,The Villages of Briar Forest,1613,1x1,817,1255,01/16/2025,False
14597,The Villages of Briar Forest,1613,1x1,817,1255,01/17/2025,False
14598,The Villages of Briar Forest,1613,1x1,817,1255,01/18/2025,False
14599,The Villages of Briar Forest,1613,1x1,817,1255,01/19/2025,False
14600,The Villages of Briar Forest,1613,1x1,817,1255,01/20/2025,False
14601,The Villages of Briar Forest,1613,1x1,817,1255,01/21/2025,False
14602,The Villages of Briar Forest,1613,1x1,817,1255,01/22/2025,False
14603,The Villages of Briar Forest,1613,1x1,817,1255,01/23/2025,False
14604,The Villages of Briar Forest,1613,1x1,817,1270,01/24/2025,False
14605,The Villages of Briar Forest,1613,1x1,817,1270,01/25/2025,False
14606,The Villages of Briar Forest,1613,1x1,817,1270,01/26/2025,False
14607,The Villages of Briar Forest,1613,1x1,817,1270,01/27/2025,False
14608,The Villages of Briar Forest,1613,1x1,817,1270,01/28/2025,False
14609,The Villages of Briar Forest,1613,1x1,817,1270,01/29/2025,False
14610,The Villages of Briar Forest,1613,1x1,817,1270,01/30/2025,False
14611,The Villages of Briar Forest,1613,1x1,817,1270,01/31/2025,False
14612,The Villages of Briar Forest,1613,1x1,817,1282,02/01/2025,False
14613,The Villages of Briar Forest,1613,1x1,817,1282,02/02/2025,False
14614,The Villages of Briar Forest,1613,1x1,817,1282,02/03/2025,False
14615,The Villages of Briar Forest,1613,1x1,817,1282,02/04/2025,False
14616,The Villages of Briar Forest,1613,1x1,817,1282,02/05/2025,False
14617,The Villages of Briar Forest,1613,1x1,817,1282,02/06/2025,False
14618,The Villages of Briar Forest,1613,1x1,817,1248,02/07/2025,False
14619,The Villages of Briar Forest,1613,1x1,817,1248,02/08/2025,False
14620,The Villages of Briar Forest,1613,1x1,817,1248,02/09/2025,False
14621,The Villages of Briar Forest,1613,1x1,817,1248,02/10/2025,False
14622,The Villages of Briar Forest,1613,1x1,817,1248,02/11/2025,False
14623,The Villages of Briar Forest,1613,1x1,817,1248,02/12/2025,False
14624,The Villages of Briar Forest,1613,1x1,817,1248,02/13/2025,False
14625,The Villages of Briar Forest,1613,1x1,817,1262,02/14/2025,False
14626,The Villages of Briar Forest,1613,1x1,817,1262,02/15/2025,False
14627,The Villages of Briar Forest,1613,1x1,817,1262,02/16/2025,False
14628,The Villages of Briar Forest,1613,1x1,817,1262,02/17/2025,False
14629,The Villages of Briar Forest,1613,1x1,817,1262,02/18/2025,False
14630,The Villages of Briar Forest,1613,1x1,817,1262,02/19/2025,False
14631,The Villages of Briar Forest,1613,1x1,817,1325,02/20/2025,False
14632,The Villages of Briar Forest,1613,1x1,817,1250,02/21/2025,False
14633,The Villages of Briar Forest,1613,1x1,817,1262,02/22/2025,False
14634,The Villages of Briar Forest,1613,1x1,817,1262,02/23/2025,False
14635,The Villages of Briar Forest,1613,1x1,817,1262,02/24/2025,False
14636,The Villages of Briar Forest,1613,1x1,817,1250,02/25/2025,False
14637,The Villages of Briar Forest,1613,1x1,817,1250,02/26/2025,False
14638,The Villages of Briar Forest,1613,1x1,817,1250,02/27/2025,False
14639,The Villages of Briar Forest,1613,1x1,817,1225,02/28/2025,False
14640,The Villages of Briar Forest,1613,1x1,817,1238,03/01/2025,False
14641,The Villages of Briar Forest,1613,1x1,817,1238,03/02/2025,False
14642,The Villages of Briar Forest,1613,1x1,817,1238,03/03/2025,False
14643,The Villages of Briar Forest,1613,1x1,817,1238,03/04/2025,False
14644,The Villages of Briar Forest,1613,1x1,817,1238,03/05/2025,False
14645,The Villages of Briar Forest,1613,1x1,817,1300,03/06/2025,False
14646,The Villages of Briar Forest,1613,1x1,817,1315,03/07/2025,False
14647,The Villages of Briar Forest,1613,1x1,817,1315,03/08/2025,False
14648,The Villages of Briar Forest,1613,1x1,817,1315,03/09/2025,False
14649,The Villages of Briar Forest,1613,1x1,817,1315,03/10/2025,False
14650,The Villages of Briar Forest,1613,1x1,817,1315,03/11/2025,False
14651,The Villages of Briar Forest,1613,1x1,817,1315,03/12/2025,False
14652,The Villages of Briar Forest,1613,1x1,817,1315,03/13/2025,False
14653,The Villages of Briar Forest,1613,1x1,817,1315,03/14/2025,False
14654,The Villages of Briar Forest,1613,1x1,817,1315,03/15/2025,False
14655,The Villages of Briar Forest,1613,1x1,817,1315,03/16/2025,False
14656,The Villages of Briar Forest,1613,1x1,817,1315,03/17/2025,False
14657,The Villages of Briar Forest,1613,1x1,817,1315,03/18/2025,False
14658,The Villages of Briar Forest,1613,1x1,817,1315,03/19/2025,False
14659,The Villages of Briar Forest,1613,1x1,817,1315,03/20/2025,False
14660,The Villages of Briar Forest,1613,1x1,817,1315,03/21/2025,False
14661,The Villages of Briar Forest,1613,1x1,817,1315,03/22/2025,False
14662,The Villages of Briar Forest,1613,1x1,817,1315,03/23/2025,False
14663,The Villages of Briar Forest,1613,1x1,817,1315,03/24/2025,False
14664,The Villages of Briar Forest,1613,1x1,817,1425,03/25/2025,False
14665,The Villages of Briar Forest,1613,1x1,817,1425,03/26/2025,False
14666,The Villages of Briar Forest,1613,1x1,817,1425,03/27/2025,False
14667,The Villages of Briar Forest,1613,1x1,817,1425,03/28/2025,False
14668,The Villages of Briar Forest,1613,1x1,817,1425,03/29/2025,False
14669,The Villages of Briar Forest,1613,1x1,817,1425,03/30/2025,False
14670,The Villages of Briar Forest,1613,1x1,817,1425,03/31/2025,False
14671,The Villages of Briar Forest,1613,1x1,817,1425,04/01/2025,True
14672,The Villages of Briar Forest,1614,2x2,1138,1636,04/21/2024,False
14673,The Villages of Briar Forest,1614,2x2,1138,1636,04/22/2024,False
14674,The Villages of Briar Forest,1614,2x2,1138,1636,04/23/2024,False
14675,The Villages of Briar Forest,1614,2x2,1138,1636,04/24/2024,False
14676,The Villages of Briar Forest,1614,2x2,1138,1636,04/25/2024,False
14677,The Villages of Briar Forest,1614,2x2,1138,1611,04/26/2024,False
14678,The Villages of Briar Forest,1614,2x2,1138,1611,04/27/2024,False
14679,The Villages of Briar Forest,1614,2x2,1138,1611,04/28/2024,False
14680,The Villages of Briar Forest,1614,2x2,1138,1611,04/29/2024,False
14681,The Villages of Briar Forest,1614,2x2,1138,1611,04/30/2024,False
14682,The Villages of Briar Forest,1614,2x2,1138,1611,05/01/2024,False
14683,The Villages of Briar Forest,1614,2x2,1138,1611,05/02/2024,False
14684,The Villages of Briar Forest,1614,2x2,1138,1611,05/03/2024,False
14685,The Villages of Briar Forest,1614,2x2,1138,1611,05/04/2024,False
14686,The Villages of Briar Forest,1614,2x2,1138,1611,05/05/2024,False
14687,The Villages of Briar Forest,1614,2x2,1138,1571,05/06/2024,False
14688,The Villages of Briar Forest,1614,2x2,1138,1571,05/07/2024,False
14689,The Villages of Briar Forest,1614,2x2,1138,1571,05/08/2024,False
14690,The Villages of Briar Forest,1614,2x2,1138,1571,05/09/2024,False
14691,The Villages of Briar Forest,1614,2x2,1138,1551,05/10/2024,False
14692,The Villages of Briar Forest,1614,2x2,1138,1521,05/11/2024,False
14693,The Villages of Briar Forest,1614,2x2,1138,1521,05/12/2024,False
14694,The Villages of Briar Forest,1614,2x2,1138,1521,05/13/2024,False
14695,The Villages of Briar Forest,1614,2x2,1138,1521,05/14/2024,False
14696,The Villages of Briar Forest,1614,2x2,1138,1521,05/15/2024,False
14697,The Villages of Briar Forest,1614,2x2,1138,1521,05/16/2024,False
14698,The Villages of Briar Forest,1614,2x2,1138,1521,05/17/2024,False
14699,The Villages of Briar Forest,1614,2x2,1138,1521,05/18/2024,False
14700,The Villages of Briar Forest,1614,2x2,1138,1521,05/19/2024,False
14701,The Villages of Briar Forest,1614,2x2,1138,1521,05/20/2024,False
14702,The Villages of Briar Forest,1614,2x2,1138,1521,05/21/2024,False
14703,The Villages of Briar Forest,1614,2x2,1138,1521,05/22/2024,False
14704,The Villages of Briar Forest,1614,2x2,1138,1521,05/23/2024,False
14705,The Villages of Briar Forest,1614,2x2,1138,1531,05/24/2024,False
14706,The Villages of Briar Forest,1614,2x2,1138,1572,05/25/2024,False
14707,The Villages of Briar Forest,1614,2x2,1138,1572,05/26/2024,False
14708,The Villages of Briar Forest,1614,2x2,1138,1572,05/27/2024,False
14709,The Villages of Briar Forest,1614,2x2,1138,1572,05/28/2024,False
14710,The Villages of Briar Forest,1614,2x2,1138,1526,05/29/2024,False
14711,The Villages of Briar Forest,1614,2x2,1138,1567,05/30/2024,False
14712,The Villages of Briar Forest,1614,2x2,1138,1526,05/31/2024,False
14713,The Villages of Briar Forest,1614,2x2,1138,1526,06/01/2024,False
14714,The Villages of Briar Forest,1614,2x2,1138,1526,06/02/2024,False
14715,The Villages of Briar Forest,1614,2x2,1138,1526,06/03/2024,False
14716,The Villages of Briar Forest,1614,2x2,1138,1534,06/04/2024,False
14717,The Villages of Briar Forest,1614,2x2,1138,1526,06/05/2024,False
14718,The Villages of Briar Forest,1614,2x2,1138,1526,06/06/2024,False
14719,The Villages of Briar Forest,1614,2x2,1138,1526,06/07/2024,False
14720,The Villages of Briar Forest,1614,2x2,1138,1567,06/08/2024,False
14721,The Villages of Briar Forest,1614,2x2,1138,1567,06/09/2024,False
14722,The Villages of Briar Forest,1614,2x2,1138,1567,06/10/2024,False
14723,The Villages of Briar Forest,1614,2x2,1138,1567,06/11/2024,False
14724,The Villages of Briar Forest,1614,2x2,1138,1567,06/12/2024,False
14725,The Villages of Briar Forest,1614,2x2,1138,1567,06/13/2024,False
14726,The Villages of Briar Forest,1614,2x2,1138,1567,06/14/2024,False
14727,The Villages of Briar Forest,1614,2x2,1138,1567,06/15/2024,False
14728,The Villages of Briar Forest,1614,2x2,1138,1567,06/16/2024,False
14729,The Villages of Briar Forest,1614,2x2,1138,1567,06/17/2024,False
14730,The Villages of Briar Forest,1614,2x2,1138,1567,06/18/2024,False
14731,The Villages of Briar Forest,1614,2x2,1138,1567,06/19/2024,False
14732,The Villages of Briar Forest,1614,2x2,1138,1624,06/20/2024,False
14733,The Villages of Briar Forest,1614,2x2,1138,1501,06/21/2024,False
14734,The Villages of Briar Forest,1614,2x2,1138,1501,06/22/2024,False
14735,The Villages of Briar Forest,1614,2x2,1138,1501,06/23/2024,False
14736,The Villages of Briar Forest,1614,2x2,1138,1486,06/24/2024,False
14737,The Villages of Briar Forest,1614,2x2,1138,1486,06/25/2024,False
14738,The Villages of Briar Forest,1614,2x2,1138,1486,06/26/2024,False
14739,The Villages of Briar Forest,1614,2x2,1138,1486,06/27/2024,False
14740,The Villages of Briar Forest,1614,2x2,1138,1436,06/28/2024,False
14741,The Villages of Briar Forest,1614,2x2,1138,1436,06/29/2024,False
14742,The Villages of Briar Forest,1614,2x2,1138,1436,06/30/2024,False
14743,The Villages of Briar Forest,1614,2x2,1138,1436,07/01/2024,False
14744,The Villages of Briar Forest,1614,2x2,1138,1388,07/02/2024,False
14745,The Villages of Briar Forest,1614,2x2,1138,1388,07/03/2024,False
14746,The Villages of Briar Forest,1614,2x2,1138,1388,07/04/2024,False
14747,The Villages of Briar Forest,1614,2x2,1138,1384,07/05/2024,False
14748,The Villages of Briar Forest,1614,2x2,1138,1384,07/06/2024,False
14749,The Villages of Briar Forest,1614,2x2,1138,1384,07/07/2024,False
14750,The Villages of Briar Forest,1614,2x2,1138,1388,07/08/2024,False
14751,The Villages of Briar Forest,1614,2x2,1138,1388,07/09/2024,False
14752,The Villages of Briar Forest,1614,2x2,1138,1388,07/10/2024,False
14753,The Villages of Briar Forest,1614,2x2,1138,1388,07/11/2024,False
14754,The Villages of Briar Forest,1614,2x2,1138,1388,07/12/2024,False
14755,The Villages of Briar Forest,1614,2x2,1138,1388,07/13/2024,False
14756,The Villages of Briar Forest,1614,2x2,1138,1388,07/14/2024,False
14757,The Villages of Briar Forest,1614,2x2,1138,1388,07/15/2024,False
14758,The Villages of Briar Forest,1614,2x2,1138,1388,07/16/2024,False
14759,The Villages of Briar Forest,1614,2x2,1138,1388,07/17/2024,False
14760,The Villages of Briar Forest,1614,2x2,1138,1388,07/18/2024,False
14761,The Villages of Briar Forest,1614,2x2,1138,1388,07/19/2024,False
14762,The Villages of Briar Forest,1614,2x2,1138,1388,07/20/2024,False
14763,The Villages of Briar Forest,1614,2x2,1138,1388,07/21/2024,False
14764,The Villages of Briar Forest,1614,2x2,1138,1388,07/22/2024,False
14765,The Villages of Briar Forest,1614,2x2,1138,1388,07/23/2024,False
14766,The Villages of Briar Forest,1614,2x2,1138,1388,07/24/2024,False
14767,The Villages of Briar Forest,1614,2x2,1138,1388,07/25/2024,False
14768,The Villages of Briar Forest,1614,2x2,1138,1388,07/26/2024,True
14769,The Villages of Briar Forest,1615,2x2,1138,1586,09/11/2024,False
14770,The Villages of Briar Forest,1615,2x2,1138,1586,09/12/2024,False
14771,The Villages of Briar Forest,1615,2x2,1138,1626,09/13/2024,False
14772,The Villages of Briar Forest,1615,2x2,1138,1626,09/14/2024,False
14773,The Villages of Briar Forest,1615,2x2,1138,1626,09/15/2024,False
14774,The Villages of Briar Forest,1615,2x2,1138,1626,09/16/2024,False
14775,The Villages of Briar Forest,1615,2x2,1138,1626,09/17/2024,False
14776,The Villages of Briar Forest,1615,2x2,1138,1621,09/18/2024,False
14777,The Villages of Briar Forest,1615,2x2,1138,1631,09/19/2024,False
14778,The Villages of Briar Forest,1615,2x2,1138,1641,09/20/2024,False
14779,The Villages of Briar Forest,1615,2x2,1138,1641,09/21/2024,False
14780,The Villages of Briar Forest,1615,2x2,1138,1641,09/22/2024,False
14781,The Villages of Briar Forest,1615,2x2,1138,1636,09/23/2024,False
14782,The Villages of Briar Forest,1615,2x2,1138,1636,09/24/2024,False
14783,The Villages of Briar Forest,1615,2x2,1138,1626,09/25/2024,False
14784,The Villages of Briar Forest,1615,2x2,1138,1626,09/26/2024,False
14785,The Villages of Briar Forest,1615,2x2,1138,1616,09/27/2024,False
14786,The Villages of Briar Forest,1615,2x2,1138,1611,09/28/2024,False
14787,The Villages of Briar Forest,1615,2x2,1138,1611,09/29/2024,False
14788,The Villages of Briar Forest,1615,2x2,1138,1586,09/30/2024,False
14789,The Villages of Briar Forest,1615,2x2,1138,1586,10/01/2024,False
14790,The Villages of Briar Forest,1615,2x2,1138,1581,10/02/2024,False
14791,The Villages of Briar Forest,1615,2x2,1138,1581,10/03/2024,False
14792,The Villages of Briar Forest,1615,2x2,1138,1581,10/04/2024,False
14793,The Villages of Briar Forest,1615,2x2,1138,1576,10/05/2024,False
14794,The Villages of Briar Forest,1615,2x2,1138,1586,10/06/2024,False
14795,The Villages of Briar Forest,1615,2x2,1138,1581,10/07/2024,False
14796,The Villages of Briar Forest,1615,2x2,1138,1586,10/08/2024,False
14797,The Villages of Briar Forest,1615,2x2,1138,1586,10/09/2024,False
14798,The Villages of Briar Forest,1615,2x2,1138,1611,10/10/2024,False
14799,The Villages of Briar Forest,1615,2x2,1138,1611,10/11/2024,False
14800,The Villages of Briar Forest,1615,2x2,1138,1606,10/12/2024,False
14801,The Villages of Briar Forest,1615,2x2,1138,1606,10/13/2024,False
14802,The Villages of Briar Forest,1615,2x2,1138,1606,10/14/2024,False
14803,The Villages of Briar Forest,1615,2x2,1138,1601,10/15/2024,False
14804,The Villages of Briar Forest,1615,2x2,1138,1601,10/16/2024,False
14805,The Villages of Briar Forest,1615,2x2,1138,1611,10/17/2024,False
14806,The Villages of Briar Forest,1615,2x2,1138,1611,10/18/2024,False
14807,The Villages of Briar Forest,1615,2x2,1138,1611,10/19/2024,False
14808,The Villages of Briar Forest,1615,2x2,1138,1616,10/20/2024,False
14809,The Villages of Briar Forest,1615,2x2,1138,1601,10/21/2024,False
14810,The Villages of Briar Forest,1615,2x2,1138,1601,10/22/2024,False
14811,The Villages of Briar Forest,1615,2x2,1138,1596,10/23/2024,False
14812,The Villages of Briar Forest,1615,2x2,1138,1596,10/24/2024,False
14813,The Villages of Briar Forest,1615,2x2,1138,1601,10/25/2024,False
14814,The Villages of Briar Forest,1615,2x2,1138,1611,10/26/2024,False
14815,The Villages of Briar Forest,1615,2x2,1138,1611,10/27/2024,False
14816,The Villages of Briar Forest,1615,2x2,1138,1596,10/28/2024,False
14817,The Villages of Briar Forest,1615,2x2,1138,1611,10/29/2024,False
14818,The Villages of Briar Forest,1615,2x2,1138,1626,10/30/2024,False
14819,The Villages of Briar Forest,1615,2x2,1138,1626,10/31/2024,False
14820,The Villages of Briar Forest,1615,2x2,1138,1626,11/01/2024,False
14821,The Villages of Briar Forest,1615,2x2,1138,1626,11/02/2024,False
14822,The Villages of Briar Forest,1615,2x2,1138,1626,11/03/2024,False
14823,The Villages of Briar Forest,1615,2x2,1138,1611,11/04/2024,False
14824,The Villages of Briar Forest,1615,2x2,1138,1581,11/05/2024,False
14825,The Villages of Briar Forest,1615,2x2,1138,1576,11/06/2024,False
14826,The Villages of Briar Forest,1615,2x2,1138,1576,11/07/2024,False
14827,The Villages of Briar Forest,1615,2x2,1138,1576,11/08/2024,False
14828,The Villages of Briar Forest,1615,2x2,1138,1576,11/09/2024,False
14829,The Villages of Briar Forest,1615,2x2,1138,1586,11/10/2024,False
14830,The Villages of Briar Forest,1615,2x2,1138,1566,11/11/2024,False
14831,The Villages of Briar Forest,1615,2x2,1138,1566,11/12/2024,False
14832,The Villages of Briar Forest,1615,2x2,1138,1566,11/13/2024,False
14833,The Villages of Briar Forest,1615,2x2,1138,1481,11/14/2024,False
14834,The Villages of Briar Forest,1615,2x2,1138,1461,11/15/2024,False
14835,The Villages of Briar Forest,1615,2x2,1138,1461,11/16/2024,False
14836,The Villages of Briar Forest,1615,2x2,1138,1461,11/17/2024,False
14837,The Villages of Briar Forest,1615,2x2,1138,1461,11/18/2024,False
14838,The Villages of Briar Forest,1615,2x2,1138,1461,11/19/2024,False
14839,The Villages of Briar Forest,1615,2x2,1138,1461,11/20/2024,False
14840,The Villages of Briar Forest,1615,2x2,1138,1461,11/21/2024,False
14841,The Villages of Briar Forest,1615,2x2,1138,1506,11/22/2024,False
14842,The Villages of Briar Forest,1615,2x2,1138,1398,11/23/2024,False
14843,The Villages of Briar Forest,1615,2x2,1138,1398,11/24/2024,False
14844,The Villages of Briar Forest,1615,2x2,1138,1398,11/25/2024,False
14845,The Villages of Briar Forest,1615,2x2,1138,1466,11/26/2024,False
14846,The Villages of Briar Forest,1615,2x2,1138,1398,11/27/2024,False
14847,The Villages of Briar Forest,1615,2x2,1138,1398,11/28/2024,False
14848,The Villages of Briar Forest,1615,2x2,1138,1398,11/29/2024,False
14849,The Villages of Briar Forest,1615,2x2,1138,1398,11/30/2024,False
14850,The Villages of Briar Forest,1615,2x2,1138,1391,12/01/2024,False
14851,The Villages of Briar Forest,1615,2x2,1138,1391,12/02/2024,False
14852,The Villages of Briar Forest,1615,2x2,1138,1411,12/03/2024,False
14853,The Villages of Briar Forest,1615,2x2,1138,1411,12/04/2024,False
14854,The Villages of Briar Forest,1615,2x2,1138,1411,12/05/2024,False
14855,The Villages of Briar Forest,1615,2x2,1138,1401,12/06/2024,False
14856,The Villages of Briar Forest,1615,2x2,1138,1401,12/07/2024,False
14857,The Villages of Briar Forest,1615,2x2,1138,1401,12/08/2024,False
14858,The Villages of Briar Forest,1615,2x2,1138,1401,12/09/2024,False
14859,The Villages of Briar Forest,1615,2x2,1138,1401,12/10/2024,False
14860,The Villages of Briar Forest,1615,2x2,1138,1401,12/11/2024,False
14861,The Villages of Briar Forest,1615,2x2,1138,1408,12/12/2024,False
14862,The Villages of Briar Forest,1615,2x2,1138,1443,12/13/2024,False
14863,The Villages of Briar Forest,1615,2x2,1138,1443,12/14/2024,False
14864,The Villages of Briar Forest,1615,2x2,1138,1443,12/15/2024,False
14865,The Villages of Briar Forest,1615,2x2,1138,1443,12/16/2024,False
14866,The Villages of Briar Forest,1615,2x2,1138,1443,12/17/2024,True
14867,The Villages of Briar Forest,1616,1x1,817,1480,03/26/2024,False
14868,The Villages of Briar Forest,1616,1x1,817,1475,03/27/2024,False
14869,The Villages of Briar Forest,1616,1x1,817,1475,03/28/2024,False
14870,The Villages of Briar Forest,1616,1x1,817,1475,03/29/2024,False
14871,The Villages of Briar Forest,1616,1x1,817,1470,03/30/2024,False
14872,The Villages of Briar Forest,1616,1x1,817,1465,03/31/2024,False
14873,The Villages of Briar Forest,1616,1x1,817,1465,04/01/2024,False
14874,The Villages of Briar Forest,1616,1x1,817,1475,04/02/2024,False
14875,The Villages of Briar Forest,1616,1x1,817,1470,04/03/2024,False
14876,The Villages of Briar Forest,1616,1x1,817,1470,04/04/2024,False
14877,The Villages of Briar Forest,1616,1x1,817,1470,04/05/2024,False
14878,The Villages of Briar Forest,1616,1x1,817,1490,04/06/2024,False
14879,The Villages of Briar Forest,1616,1x1,817,1490,04/07/2024,False
14880,The Villages of Briar Forest,1616,1x1,817,1490,04/08/2024,False
14881,The Villages of Briar Forest,1616,1x1,817,1475,04/09/2024,False
14882,The Villages of Briar Forest,1616,1x1,817,1475,04/10/2024,False
14883,The Villages of Briar Forest,1616,1x1,817,1480,04/11/2024,False
14884,The Villages of Briar Forest,1616,1x1,817,1480,04/12/2024,False
14885,The Villages of Briar Forest,1616,1x1,817,1480,04/13/2024,False
14886,The Villages of Briar Forest,1616,1x1,817,1475,04/14/2024,False
14887,The Villages of Briar Forest,1616,1x1,817,1475,04/15/2024,False
14888,The Villages of Briar Forest,1616,1x1,817,1465,04/16/2024,False
14889,The Villages of Briar Forest,1616,1x1,817,1465,04/17/2024,False
14890,The Villages of Briar Forest,1616,1x1,817,1475,04/18/2024,False
14891,The Villages of Briar Forest,1616,1x1,817,1475,04/19/2024,False
14892,The Villages of Briar Forest,1616,1x1,817,1475,04/20/2024,False
14893,The Villages of Briar Forest,1616,1x1,817,1480,04/21/2024,False
14894,The Villages of Briar Forest,1616,1x1,817,1465,04/22/2024,False
14895,The Villages of Briar Forest,1616,1x1,817,1465,04/23/2024,False
14896,The Villages of Briar Forest,1616,1x1,817,1465,04/24/2024,True
14897,The Villages of Briar Forest,1617,1x1,817,1310,04/06/2024,False
14898,The Villages of Briar Forest,1617,1x1,817,1310,04/07/2024,False
14899,The Villages of Briar Forest,1617,1x1,817,1310,04/08/2024,False
14900,The Villages of Briar Forest,1617,1x1,817,1305,04/09/2024,False
14901,The Villages of Briar Forest,1617,1x1,817,1305,04/10/2024,False
14902,The Villages of Briar Forest,1617,1x1,817,1305,04/11/2024,False
14903,The Villages of Briar Forest,1617,1x1,817,1305,04/12/2024,False
14904,The Villages of Briar Forest,1617,1x1,817,1305,04/13/2024,False
14905,The Villages of Briar Forest,1617,1x1,817,1305,04/14/2024,False
14906,The Villages of Briar Forest,1617,1x1,817,1305,04/15/2024,False
14907,The Villages of Briar Forest,1617,1x1,817,1305,04/16/2024,False
14908,The Villages of Briar Forest,1617,1x1,817,1305,04/17/2024,False
14909,The Villages of Briar Forest,1617,1x1,817,1305,04/18/2024,False
14910,The Villages of Briar Forest,1617,1x1,817,1300,04/19/2024,False
14911,The Villages of Briar Forest,1617,1x1,817,1300,04/20/2024,False
14912,The Villages of Briar Forest,1617,1x1,817,1300,04/21/2024,False
14913,The Villages of Briar Forest,1617,1x1,817,1300,04/22/2024,False
14914,The Villages of Briar Forest,1617,1x1,817,1300,04/23/2024,False
14915,The Villages of Briar Forest,1617,1x1,817,1300,04/24/2024,False
14916,The Villages of Briar Forest,1617,1x1,817,1300,04/25/2024,False
14917,The Villages of Briar Forest,1617,1x1,817,1275,04/26/2024,False
14918,The Villages of Briar Forest,1617,1x1,817,1275,04/27/2024,False
14919,The Villages of Briar Forest,1617,1x1,817,1270,04/28/2024,False
14920,The Villages of Briar Forest,1617,1x1,817,1270,04/29/2024,False
14921,The Villages of Briar Forest,1617,1x1,817,1270,04/30/2024,False
14922,The Villages of Briar Forest,1617,1x1,817,1270,05/01/2024,False
14923,The Villages of Briar Forest,1617,1x1,817,1270,05/02/2024,False
14924,The Villages of Briar Forest,1617,1x1,817,1270,05/03/2024,False
14925,The Villages of Briar Forest,1617,1x1,817,1270,05/04/2024,False
14926,The Villages of Briar Forest,1617,1x1,817,1270,05/05/2024,False
14927,The Villages of Briar Forest,1617,1x1,817,1265,05/06/2024,False
14928,The Villages of Briar Forest,1617,1x1,817,1265,05/07/2024,False
14929,The Villages of Briar Forest,1617,1x1,817,1265,05/08/2024,False
14930,The Villages of Briar Forest,1617,1x1,817,1265,05/09/2024,False
14931,The Villages of Briar Forest,1617,1x1,817,1245,05/10/2024,False
14932,The Villages of Briar Forest,1617,1x1,817,1245,05/11/2024,False
14933,The Villages of Briar Forest,1617,1x1,817,1245,05/12/2024,False
14934,The Villages of Briar Forest,1617,1x1,817,1245,05/13/2024,False
14935,The Villages of Briar Forest,1617,1x1,817,1245,05/14/2024,False
14936,The Villages of Briar Forest,1617,1x1,817,1245,05/15/2024,False
14937,The Villages of Briar Forest,1617,1x1,817,1245,05/16/2024,False
14938,The Villages of Briar Forest,1617,1x1,817,1245,05/17/2024,False
14939,The Villages of Briar Forest,1617,1x1,817,1245,05/18/2024,False
14940,The Villages of Briar Forest,1617,1x1,817,1245,05/19/2024,False
14941,The Villages of Briar Forest,1617,1x1,817,1245,05/20/2024,False
14942,The Villages of Briar Forest,1617,1x1,817,1245,05/21/2024,False
14943,The Villages of Briar Forest,1617,1x1,817,1245,05/22/2024,False
14944,The Villages of Briar Forest,1617,1x1,817,1245,05/23/2024,False
14945,The Villages of Briar Forest,1617,1x1,817,1245,05/24/2024,False
14946,The Villages of Briar Forest,1617,1x1,817,1245,05/25/2024,False
14947,The Villages of Briar Forest,1617,1x1,817,1245,05/26/2024,False
14948,The Villages of Briar Forest,1617,1x1,817,1245,05/27/2024,False
14949,The Villages of Briar Forest,1617,1x1,817,1245,05/28/2024,False
14950,The Villages of Briar Forest,1617,1x1,817,1245,05/29/2024,False
14951,The Villages of Briar Forest,1617,1x1,817,1245,05/30/2024,False
14952,The Villages of Briar Forest,1617,1x1,817,1245,05/31/2024,False
14953,The Villages of Briar Forest,1617,1x1,817,1245,06/01/2024,False
14954,The Villages of Briar Forest,1617,1x1,817,1245,06/02/2024,False
14955,The Villages of Briar Forest,1617,1x1,817,1245,06/03/2024,False
14956,The Villages of Briar Forest,1617,1x1,817,1245,06/04/2024,False
14957,The Villages of Briar Forest,1617,1x1,817,1375,06/05/2024,False
14958,The Villages of Briar Forest,1617,1x1,817,1375,06/06/2024,False
14959,The Villages of Briar Forest,1617,1x1,817,1400,06/07/2024,False
14960,The Villages of Briar Forest,1617,1x1,817,1400,06/08/2024,False
14961,The Villages of Briar Forest,1617,1x1,817,1400,06/09/2024,False
14962,The Villages of Briar Forest,1617,1x1,817,1400,06/10/2024,False
14963,The Villages of Briar Forest,1617,1x1,817,1400,06/11/2024,False
14964,The Villages of Briar Forest,1617,1x1,817,1400,06/12/2024,False
14965,The Villages of Briar Forest,1617,1x1,817,1400,06/13/2024,False
14966,The Villages of Briar Forest,1617,1x1,817,1400,06/14/2024,False
14967,The Villages of Briar Forest,1617,1x1,817,1400,06/15/2024,False
14968,The Villages of Briar Forest,1617,1x1,817,1400,06/16/2024,False
14969,The Villages of Briar Forest,1617,1x1,817,1400,06/17/2024,False
14970,The Villages of Briar Forest,1617,1x1,817,1400,06/18/2024,False
14971,The Villages of Briar Forest,1617,1x1,817,1400,06/19/2024,False
14972,The Villages of Briar Forest,1617,1x1,817,1400,06/20/2024,False
14973,The Villages of Briar Forest,1617,1x1,817,1385,06/21/2024,False
14974,The Villages of Briar Forest,1617,1x1,817,1385,06/22/2024,False
14975,The Villages of Briar Forest,1617,1x1,817,1385,06/23/2024,False
14976,The Villages of Briar Forest,1617,1x1,817,1370,06/24/2024,False
14977,The Villages of Briar Forest,1617,1x1,817,1370,06/25/2024,False
14978,The Villages of Briar Forest,1617,1x1,817,1370,06/26/2024,False
14979,The Villages of Briar Forest,1617,1x1,817,1370,06/27/2024,False
14980,The Villages of Briar Forest,1617,1x1,817,1350,06/28/2024,False
14981,The Villages of Briar Forest,1617,1x1,817,1350,06/29/2024,False
14982,The Villages of Briar Forest,1617,1x1,817,1350,06/30/2024,False
14983,The Villages of Briar Forest,1617,1x1,817,1350,07/01/2024,False
14984,The Villages of Briar Forest,1617,1x1,817,1350,07/02/2024,False
14985,The Villages of Briar Forest,1617,1x1,817,1350,07/03/2024,False
14986,The Villages of Briar Forest,1617,1x1,817,1350,07/04/2024,False
14987,The Villages of Briar Forest,1617,1x1,817,1350,07/05/2024,False
14988,The Villages of Briar Forest,1617,1x1,817,1350,07/06/2024,False
14989,The Villages of Briar Forest,1617,1x1,817,1350,07/07/2024,False
14990,The Villages of Briar Forest,1617,1x1,817,1350,07/08/2024,False
14991,The Villages of Briar Forest,1617,1x1,817,1350,07/09/2024,False
14992,The Villages of Briar Forest,1617,1x1,817,1350,07/10/2024,False
14993,The Villages of Briar Forest,1617,1x1,817,1350,07/11/2024,False
14994,The Villages of Briar Forest,1617,1x1,817,1350,07/12/2024,False
14995,The Villages of Briar Forest,1617,1x1,817,1350,07/13/2024,False
14996,The Villages of Briar Forest,1617,1x1,817,1350,07/14/2024,False
14997,The Villages of Briar Forest,1617,1x1,817,1350,07/15/2024,False
14998,The Villages of Briar Forest,1617,1x1,817,1350,07/16/2024,False
14999,The Villages of Briar Forest,1617,1x1,817,1350,07/17/2024,False
15000,The Villages of Briar Forest,1617,1x1,817,1350,07/18/2024,False
15001,The Villages of Briar Forest,1617,1x1,817,1350,07/19/2024,False
15002,The Villages of Briar Forest,1617,1x1,817,1350,07/20/2024,False
15003,The Villages of Briar Forest,1617,1x1,817,1350,07/21/2024,False
15004,The Villages of Briar Forest,1617,1x1,817,1350,07/22/2024,False
15005,The Villages of Briar Forest,1617,1x1,817,1350,07/23/2024,False
15006,The Villages of Briar Forest,1617,1x1,817,1350,07/24/2024,False
15007,The Villages of Briar Forest,1617,1x1,817,1350,07/25/2024,False
15008,The Villages of Briar Forest,1617,1x1,817,1350,07/26/2024,False
15009,The Villages of Briar Forest,1617,1x1,817,1350,07/27/2024,False
15010,The Villages of Briar Forest,1617,1x1,817,1350,07/28/2024,False
15011,The Villages of Briar Forest,1617,1x1,817,1350,07/29/2024,False
15012,The Villages of Briar Forest,1617,1x1,817,1350,07/30/2024,False
15013,The Villages of Briar Forest,1617,1x1,817,1350,07/31/2024,False
15014,The Villages of Briar Forest,1617,1x1,817,1350,08/01/2024,False
15015,The Villages of Briar Forest,1617,1x1,817,1350,08/02/2024,False
15016,The Villages of Briar Forest,1617,1x1,817,1350,08/03/2024,False
15017,The Villages of Briar Forest,1617,1x1,817,1350,08/04/2024,False
15018,The Villages of Briar Forest,1617,1x1,817,1350,08/05/2024,False
15019,The Villages of Briar Forest,1617,1x1,817,1350,08/06/2024,False
15020,The Villages of Briar Forest,1617,1x1,817,1350,08/07/2024,False
15021,The Villages of Briar Forest,1617,1x1,817,1350,08/08/2024,False
15022,The Villages of Briar Forest,1617,1x1,817,1350,08/09/2024,False
15023,The Villages of Briar Forest,1617,1x1,817,1350,08/10/2024,False
15024,The Villages of Briar Forest,1617,1x1,817,1350,08/11/2024,False
15025,The Villages of Briar Forest,1617,1x1,817,1350,08/12/2024,False
15026,The Villages of Briar Forest,1617,1x1,817,1247,08/13/2024,False
15027,The Villages of Briar Forest,1617,1x1,817,1247,08/14/2024,False
15028,The Villages of Briar Forest,1617,1x1,817,1247,08/15/2024,False
15029,The Villages of Briar Forest,1617,1x1,817,1300,08/16/2024,False
15030,The Villages of Briar Forest,1617,1x1,817,1300,08/17/2024,False
15031,The Villages of Briar Forest,1617,1x1,817,1300,08/18/2024,False
15032,The Villages of Briar Forest,1617,1x1,817,1300,08/19/2024,False
15033,The Villages of Briar Forest,1617,1x1,817,1300,08/20/2024,False
15034,The Villages of Briar Forest,1617,1x1,817,1300,08/21/2024,False
15035,The Villages of Briar Forest,1617,1x1,817,1300,08/22/2024,False
15036,The Villages of Briar Forest,1617,1x1,817,1300,08/23/2024,False
15037,The Villages of Briar Forest,1617,1x1,817,1300,08/24/2024,False
15038,The Villages of Briar Forest,1617,1x1,817,1300,08/25/2024,False
15039,The Villages of Briar Forest,1617,1x1,817,1300,08/26/2024,False
15040,The Villages of Briar Forest,1617,1x1,817,1300,08/27/2024,False
15041,The Villages of Briar Forest,1617,1x1,817,1268,08/28/2024,False
15042,The Villages of Briar Forest,1617,1x1,817,1243,08/29/2024,False
15043,The Villages of Briar Forest,1617,1x1,817,1258,08/30/2024,False
15044,The Villages of Briar Forest,1617,1x1,817,1261,08/31/2024,False
15045,The Villages of Briar Forest,1617,1x1,817,1258,09/01/2024,False
15046,The Villages of Briar Forest,1617,1x1,817,1258,09/02/2024,False
15047,The Villages of Briar Forest,1617,1x1,817,1258,09/03/2024,False
15048,The Villages of Briar Forest,1617,1x1,817,1258,09/04/2024,False
15049,The Villages of Briar Forest,1617,1x1,817,1258,09/05/2024,False
15050,The Villages of Briar Forest,1617,1x1,817,1258,09/06/2024,False
15051,The Villages of Briar Forest,1617,1x1,817,1258,09/07/2024,False
15052,The Villages of Briar Forest,1617,1x1,817,1261,09/08/2024,False
15053,The Villages of Briar Forest,1617,1x1,817,1258,09/09/2024,False
15054,The Villages of Briar Forest,1617,1x1,817,1258,09/10/2024,False
15055,The Villages of Briar Forest,1617,1x1,817,1258,09/11/2024,True
15056,The Villages of Briar Forest,1618,2x2,1138,1651,07/01/2024,False
15057,The Villages of Briar Forest,1618,2x2,1138,1601,07/02/2024,False
15058,The Villages of Briar Forest,1618,2x2,1138,1601,07/03/2024,False
15059,The Villages of Briar Forest,1618,2x2,1138,1601,07/04/2024,False
15060,The Villages of Briar Forest,1618,2x2,1138,1596,07/05/2024,False
15061,The Villages of Briar Forest,1618,2x2,1138,1596,07/06/2024,False
15062,The Villages of Briar Forest,1618,2x2,1138,1596,07/07/2024,False
15063,The Villages of Briar Forest,1618,2x2,1138,1601,07/08/2024,False
15064,The Villages of Briar Forest,1618,2x2,1138,1601,07/09/2024,False
15065,The Villages of Briar Forest,1618,2x2,1138,1601,07/10/2024,False
15066,The Villages of Briar Forest,1618,2x2,1138,1601,07/11/2024,False
15067,The Villages of Briar Forest,1618,2x2,1138,1601,07/12/2024,False
15068,The Villages of Briar Forest,1618,2x2,1138,1601,07/13/2024,False
15069,The Villages of Briar Forest,1618,2x2,1138,1601,07/14/2024,False
15070,The Villages of Briar Forest,1618,2x2,1138,1601,07/15/2024,False
15071,The Villages of Briar Forest,1618,2x2,1138,1601,07/16/2024,False
15072,The Villages of Briar Forest,1618,2x2,1138,1601,07/17/2024,False
15073,The Villages of Briar Forest,1618,2x2,1138,1601,07/18/2024,False
15074,The Villages of Briar Forest,1618,2x2,1138,1601,07/19/2024,False
15075,The Villages of Briar Forest,1618,2x2,1138,1601,07/20/2024,False
15076,The Villages of Briar Forest,1618,2x2,1138,1601,07/21/2024,False
15077,The Villages of Briar Forest,1618,2x2,1138,1601,07/22/2024,False
15078,The Villages of Briar Forest,1618,2x2,1138,1601,07/23/2024,False
15079,The Villages of Briar Forest,1618,2x2,1138,1601,07/24/2024,False
15080,The Villages of Briar Forest,1618,2x2,1138,1601,07/25/2024,False
15081,The Villages of Briar Forest,1618,2x2,1138,1601,07/26/2024,False
15082,The Villages of Briar Forest,1618,2x2,1138,1601,07/27/2024,False
15083,The Villages of Briar Forest,1618,2x2,1138,1601,07/28/2024,False
15084,The Villages of Briar Forest,1618,2x2,1138,1601,07/29/2024,False
15085,The Villages of Briar Forest,1618,2x2,1138,1601,07/30/2024,False
15086,The Villages of Briar Forest,1618,2x2,1138,1601,07/31/2024,False
15087,The Villages of Briar Forest,1618,2x2,1138,1601,08/01/2024,False
15088,The Villages of Briar Forest,1618,2x2,1138,1601,08/02/2024,False
15089,The Villages of Briar Forest,1618,2x2,1138,1611,08/03/2024,False
15090,The Villages of Briar Forest,1618,2x2,1138,1611,08/04/2024,False
15091,The Villages of Briar Forest,1618,2x2,1138,1611,08/05/2024,False
15092,The Villages of Briar Forest,1618,2x2,1138,1611,08/06/2024,False
15093,The Villages of Briar Forest,1618,2x2,1138,1611,08/07/2024,False
15094,The Villages of Briar Forest,1618,2x2,1138,1611,08/08/2024,False
15095,The Villages of Briar Forest,1618,2x2,1138,1611,08/09/2024,False
15096,The Villages of Briar Forest,1618,2x2,1138,1611,08/10/2024,False
15097,The Villages of Briar Forest,1618,2x2,1138,1611,08/11/2024,False
15098,The Villages of Briar Forest,1618,2x2,1138,1611,08/12/2024,False
15099,The Villages of Briar Forest,1618,2x2,1138,1616,08/13/2024,False
15100,The Villages of Briar Forest,1618,2x2,1138,1611,08/14/2024,False
15101,The Villages of Briar Forest,1618,2x2,1138,1611,08/15/2024,False
15102,The Villages of Briar Forest,1618,2x2,1138,1611,08/16/2024,False
15103,The Villages of Briar Forest,1618,2x2,1138,1611,08/17/2024,False
15104,The Villages of Briar Forest,1618,2x2,1138,1611,08/18/2024,False
15105,The Villages of Briar Forest,1618,2x2,1138,1611,08/19/2024,False
15106,The Villages of Briar Forest,1618,2x2,1138,1611,08/20/2024,False
15107,The Villages of Briar Forest,1618,2x2,1138,1611,08/21/2024,False
15108,The Villages of Briar Forest,1618,2x2,1138,1611,08/22/2024,False
15109,The Villages of Briar Forest,1618,2x2,1138,1611,08/23/2024,False
15110,The Villages of Briar Forest,1618,2x2,1138,1611,08/24/2024,False
15111,The Villages of Briar Forest,1618,2x2,1138,1611,08/25/2024,False
15112,The Villages of Briar Forest,1618,2x2,1138,1611,08/26/2024,False
15113,The Villages of Briar Forest,1618,2x2,1138,1611,08/27/2024,False
15114,The Villages of Briar Forest,1618,2x2,1138,1582,08/28/2024,False
15115,The Villages of Briar Forest,1618,2x2,1138,1582,08/29/2024,False
15116,The Villages of Briar Forest,1618,2x2,1138,1574,08/30/2024,False
15117,The Villages of Briar Forest,1618,2x2,1138,1577,08/31/2024,False
15118,The Villages of Briar Forest,1618,2x2,1138,1574,09/01/2024,False
15119,The Villages of Briar Forest,1618,2x2,1138,1574,09/02/2024,False
15120,The Villages of Briar Forest,1618,2x2,1138,1574,09/03/2024,False
15121,The Villages of Briar Forest,1618,2x2,1138,1574,09/04/2024,False
15122,The Villages of Briar Forest,1618,2x2,1138,1574,09/05/2024,False
15123,The Villages of Briar Forest,1618,2x2,1138,1574,09/06/2024,False
15124,The Villages of Briar Forest,1618,2x2,1138,1574,09/07/2024,False
15125,The Villages of Briar Forest,1618,2x2,1138,1577,09/08/2024,False
15126,The Villages of Briar Forest,1618,2x2,1138,1574,09/09/2024,False
15127,The Villages of Briar Forest,1618,2x2,1138,1574,09/10/2024,False
15128,The Villages of Briar Forest,1618,2x2,1138,1574,09/11/2024,False
15129,The Villages of Briar Forest,1618,2x2,1138,1577,09/12/2024,False
15130,The Villages of Briar Forest,1618,2x2,1138,1611,09/13/2024,False
15131,The Villages of Briar Forest,1618,2x2,1138,1611,09/14/2024,False
15132,The Villages of Briar Forest,1618,2x2,1138,1611,09/15/2024,False
15133,The Villages of Briar Forest,1618,2x2,1138,1611,09/16/2024,False
15134,The Villages of Briar Forest,1618,2x2,1138,1646,09/17/2024,False
15135,The Villages of Briar Forest,1618,2x2,1138,1641,09/18/2024,False
15136,The Villages of Briar Forest,1618,2x2,1138,1651,09/19/2024,False
15137,The Villages of Briar Forest,1618,2x2,1138,1661,09/20/2024,False
15138,The Villages of Briar Forest,1618,2x2,1138,1661,09/21/2024,False
15139,The Villages of Briar Forest,1618,2x2,1138,1661,09/22/2024,False
15140,The Villages of Briar Forest,1618,2x2,1138,1656,09/23/2024,False
15141,The Villages of Briar Forest,1618,2x2,1138,1656,09/24/2024,False
15142,The Villages of Briar Forest,1618,2x2,1138,1646,09/25/2024,False
15143,The Villages of Briar Forest,1618,2x2,1138,1646,09/26/2024,False
15144,The Villages of Briar Forest,1618,2x2,1138,1601,09/27/2024,False
15145,The Villages of Briar Forest,1618,2x2,1138,1596,09/28/2024,False
15146,The Villages of Briar Forest,1618,2x2,1138,1631,09/29/2024,False
15147,The Villages of Briar Forest,1618,2x2,1138,1606,09/30/2024,False
15148,The Villages of Briar Forest,1618,2x2,1138,1606,10/01/2024,False
15149,The Villages of Briar Forest,1618,2x2,1138,1601,10/02/2024,False
15150,The Villages of Briar Forest,1618,2x2,1138,1601,10/03/2024,False
15151,The Villages of Briar Forest,1618,2x2,1138,1601,10/04/2024,False
15152,The Villages of Briar Forest,1618,2x2,1138,1596,10/05/2024,False
15153,The Villages of Briar Forest,1618,2x2,1138,1606,10/06/2024,False
15154,The Villages of Briar Forest,1618,2x2,1138,1601,10/07/2024,False
15155,The Villages of Briar Forest,1618,2x2,1138,1606,10/08/2024,False
15156,The Villages of Briar Forest,1618,2x2,1138,1606,10/09/2024,False
15157,The Villages of Briar Forest,1618,2x2,1138,1556,10/10/2024,False
15158,The Villages of Briar Forest,1618,2x2,1138,1556,10/11/2024,False
15159,The Villages of Briar Forest,1618,2x2,1138,1533,10/12/2024,False
15160,The Villages of Briar Forest,1618,2x2,1138,1533,10/13/2024,False
15161,The Villages of Briar Forest,1618,2x2,1138,1533,10/14/2024,False
15162,The Villages of Briar Forest,1618,2x2,1138,1528,10/15/2024,False
15163,The Villages of Briar Forest,1618,2x2,1138,1528,10/16/2024,False
15164,The Villages of Briar Forest,1618,2x2,1138,1528,10/17/2024,True
15165,The Villages of Briar Forest,1621,2x2,1138,1671,09/13/2023,False
15166,The Villages of Briar Forest,1621,2x2,1138,1671,09/14/2023,False
15167,The Villages of Briar Forest,1621,2x2,1138,1671,09/15/2023,False
15168,The Villages of Briar Forest,1621,2x2,1138,1671,09/16/2023,False
15169,The Villages of Briar Forest,1621,2x2,1138,1671,09/17/2023,False
15170,The Villages of Briar Forest,1621,2x2,1138,1671,09/18/2023,False
15171,The Villages of Briar Forest,1621,2x2,1138,1671,09/19/2023,False
15172,The Villages of Briar Forest,1621,2x2,1138,1671,09/20/2023,False
15173,The Villages of Briar Forest,1621,2x2,1138,1671,09/21/2023,False
15174,The Villages of Briar Forest,1621,2x2,1138,1671,09/22/2023,False
15175,The Villages of Briar Forest,1621,2x2,1138,1671,09/23/2023,False
15176,The Villages of Briar Forest,1621,2x2,1138,1671,09/24/2023,False
15177,The Villages of Briar Forest,1621,2x2,1138,1671,09/25/2023,False
15178,The Villages of Briar Forest,1621,2x2,1138,1671,09/26/2023,False
15179,The Villages of Briar Forest,1621,2x2,1138,1671,09/27/2023,False
15180,The Villages of Briar Forest,1621,2x2,1138,1671,09/28/2023,False
15181,The Villages of Briar Forest,1621,2x2,1138,1671,09/29/2023,False
15182,The Villages of Briar Forest,1621,2x2,1138,1671,09/30/2023,False
15183,The Villages of Briar Forest,1621,2x2,1138,1671,10/01/2023,False
15184,The Villages of Briar Forest,1621,2x2,1138,1671,10/02/2023,False
15185,The Villages of Briar Forest,1621,2x2,1138,1671,10/03/2023,False
15186,The Villages of Briar Forest,1621,2x2,1138,1671,10/04/2023,False
15187,The Villages of Briar Forest,1621,2x2,1138,1671,10/05/2023,False
15188,The Villages of Briar Forest,1621,2x2,1138,1697,10/06/2023,False
15189,The Villages of Briar Forest,1621,2x2,1138,1697,10/07/2023,False
15190,The Villages of Briar Forest,1621,2x2,1138,1676,10/08/2023,False
15191,The Villages of Briar Forest,1621,2x2,1138,1676,10/09/2023,False
15192,The Villages of Briar Forest,1621,2x2,1138,1676,10/10/2023,False
15193,The Villages of Briar Forest,1621,2x2,1138,1676,10/11/2023,False
15194,The Villages of Briar Forest,1621,2x2,1138,1676,10/12/2023,False
15195,The Villages of Briar Forest,1621,2x2,1138,1676,10/13/2023,False
15196,The Villages of Briar Forest,1621,2x2,1138,1631,10/14/2023,False
15197,The Villages of Briar Forest,1621,2x2,1138,1631,10/15/2023,False
15198,The Villages of Briar Forest,1621,2x2,1138,1631,10/16/2023,False
15199,The Villages of Briar Forest,1621,2x2,1138,1631,10/17/2023,False
15200,The Villages of Briar Forest,1621,2x2,1138,1631,10/18/2023,False
15201,The Villages of Briar Forest,1621,2x2,1138,1631,10/19/2023,False
15202,The Villages of Briar Forest,1621,2x2,1138,1631,10/20/2023,False
15203,The Villages of Briar Forest,1621,2x2,1138,1601,10/21/2023,False
15204,The Villages of Briar Forest,1621,2x2,1138,1601,10/22/2023,False
15205,The Villages of Briar Forest,1621,2x2,1138,1601,10/23/2023,False
15206,The Villages of Briar Forest,1621,2x2,1138,1601,10/24/2023,False
15207,The Villages of Briar Forest,1621,2x2,1138,1601,10/25/2023,False
15208,The Villages of Briar Forest,1621,2x2,1138,1601,10/26/2023,False
15209,The Villages of Briar Forest,1621,2x2,1138,1601,10/27/2023,False
15210,The Villages of Briar Forest,1621,2x2,1138,1581,10/28/2023,False
15211,The Villages of Briar Forest,1621,2x2,1138,1581,10/29/2023,False
15212,The Villages of Briar Forest,1621,2x2,1138,1581,10/30/2023,False
15213,The Villages of Briar Forest,1621,2x2,1138,1581,10/31/2023,False
15214,The Villages of Briar Forest,1621,2x2,1138,1581,11/01/2023,False
15215,The Villages of Briar Forest,1621,2x2,1138,1581,11/02/2023,False
15216,The Villages of Briar Forest,1621,2x2,1138,1516,11/03/2023,False
15217,The Villages of Briar Forest,1621,2x2,1138,1516,11/04/2023,False
15218,The Villages of Briar Forest,1621,2x2,1138,1516,11/05/2023,False
15219,The Villages of Briar Forest,1621,2x2,1138,1516,11/06/2023,False
15220,The Villages of Briar Forest,1621,2x2,1138,1516,11/07/2023,True
15221,The Villages of Briar Forest,1622,1x1,817,1295,03/08/2025,False
15222,The Villages of Briar Forest,1622,1x1,817,1295,03/09/2025,False
15223,The Villages of Briar Forest,1622,1x1,817,1295,03/10/2025,False
15224,The Villages of Briar Forest,1622,1x1,817,1295,03/11/2025,False
15225,The Villages of Briar Forest,1622,1x1,817,1295,03/12/2025,False
15226,The Villages of Briar Forest,1622,1x1,817,1295,03/13/2025,False
15227,The Villages of Briar Forest,1622,1x1,817,1295,03/14/2025,False
15228,The Villages of Briar Forest,1622,1x1,817,1295,03/15/2025,False
15229,The Villages of Briar Forest,1622,1x1,817,1295,03/16/2025,False
15230,The Villages of Briar Forest,1622,1x1,817,1295,03/17/2025,False
15231,The Villages of Briar Forest,1622,1x1,817,1295,03/18/2025,False
15232,The Villages of Briar Forest,1622,1x1,817,1295,03/19/2025,False
15233,The Villages of Briar Forest,1622,1x1,817,1295,03/20/2025,False
15234,The Villages of Briar Forest,1622,1x1,817,1295,03/21/2025,False
15235,The Villages of Briar Forest,1622,1x1,817,1295,03/22/2025,False
15236,The Villages of Briar Forest,1622,1x1,817,1295,03/23/2025,False
15237,The Villages of Briar Forest,1622,1x1,817,1295,03/24/2025,False
15238,The Villages of Briar Forest,1622,1x1,817,1480,03/25/2025,False
15239,The Villages of Briar Forest,1622,1x1,817,1480,03/26/2025,False
15240,The Villages of Briar Forest,1622,1x1,817,1480,03/27/2025,False
15241,The Villages of Briar Forest,1622,1x1,817,1480,03/28/2025,False
15242,The Villages of Briar Forest,1622,1x1,817,1480,03/29/2025,False
15243,The Villages of Briar Forest,1622,1x1,817,1480,03/30/2025,False
15244,The Villages of Briar Forest,1622,1x1,817,1480,03/31/2025,False
15245,The Villages of Briar Forest,1622,1x1,817,1480,04/01/2025,True
15246,The Villages of Briar Forest,1623,1x1,817,1190,06/17/2023,False
15247,The Villages of Briar Forest,1623,1x1,817,1190,06/18/2023,False
15248,The Villages of Briar Forest,1623,1x1,817,1190,06/19/2023,False
15249,The Villages of Briar Forest,1623,1x1,817,1190,06/20/2023,False
15250,The Villages of Briar Forest,1623,1x1,817,1190,06/21/2023,False
15251,The Villages of Briar Forest,1623,1x1,817,1190,06/22/2023,False
15252,The Villages of Briar Forest,1623,1x1,817,1210,06/23/2023,False
15253,The Villages of Briar Forest,1623,1x1,817,1210,06/24/2023,False
15254,The Villages of Briar Forest,1623,1x1,817,1210,06/25/2023,False
15255,The Villages of Briar Forest,1623,1x1,817,1210,06/26/2023,False
15256,The Villages of Briar Forest,1623,1x1,817,1351,06/27/2023,False
15257,The Villages of Briar Forest,1623,1x1,817,1261,06/28/2023,False
15258,The Villages of Briar Forest,1623,1x1,817,1225,06/29/2023,False
15259,The Villages of Briar Forest,1623,1x1,817,1331,06/30/2023,False
15260,The Villages of Briar Forest,1623,1x1,817,1251,07/01/2023,False
15261,The Villages of Briar Forest,1623,1x1,817,1311,07/02/2023,False
15262,The Villages of Briar Forest,1623,1x1,817,1306,07/03/2023,False
15263,The Villages of Briar Forest,1623,1x1,817,1240,07/04/2023,False
15264,The Villages of Briar Forest,1623,1x1,817,1205,07/05/2023,False
15265,The Villages of Briar Forest,1623,1x1,817,1205,07/06/2023,False
15266,The Villages of Briar Forest,1623,1x1,817,1205,07/07/2023,False
15267,The Villages of Briar Forest,1623,1x1,817,1215,07/08/2023,False
15268,The Villages of Briar Forest,1623,1x1,817,1215,07/09/2023,False
15269,The Villages of Briar Forest,1623,1x1,817,1215,07/10/2023,False
15270,The Villages of Briar Forest,1623,1x1,817,1200,07/11/2023,False
15271,The Villages of Briar Forest,1623,1x1,817,1200,07/12/2023,False
15272,The Villages of Briar Forest,1623,1x1,817,1200,07/13/2023,False
15273,The Villages of Briar Forest,1623,1x1,817,1210,07/14/2023,False
15274,The Villages of Briar Forest,1623,1x1,817,1265,07/15/2023,False
15275,The Villages of Briar Forest,1623,1x1,817,1265,07/16/2023,False
15276,The Villages of Briar Forest,1623,1x1,817,1265,07/17/2023,False
15277,The Villages of Briar Forest,1623,1x1,817,1235,07/18/2023,False
15278,The Villages of Briar Forest,1623,1x1,817,1235,07/19/2023,False
15279,The Villages of Briar Forest,1623,1x1,817,1172,07/20/2023,False
15280,The Villages of Briar Forest,1623,1x1,817,1172,07/21/2023,False
15281,The Villages of Briar Forest,1623,1x1,817,1178,07/22/2023,False
15282,The Villages of Briar Forest,1623,1x1,817,1178,07/23/2023,False
15283,The Villages of Briar Forest,1623,1x1,817,1178,07/24/2023,False
15284,The Villages of Briar Forest,1623,1x1,817,1178,07/25/2023,False
15285,The Villages of Briar Forest,1623,1x1,817,1148,07/26/2023,False
15286,The Villages of Briar Forest,1623,1x1,817,1148,07/27/2023,False
15287,The Villages of Briar Forest,1623,1x1,817,1148,07/28/2023,False
15288,The Villages of Briar Forest,1623,1x1,817,1148,07/29/2023,False
15289,The Villages of Briar Forest,1623,1x1,817,1148,07/30/2023,False
15290,The Villages of Briar Forest,1623,1x1,817,1148,07/31/2023,False
15291,The Villages of Briar Forest,1623,1x1,817,1234,08/01/2023,False
15292,The Villages of Briar Forest,1623,1x1,817,1164,08/02/2023,False
15293,The Villages of Briar Forest,1623,1x1,817,1154,08/03/2023,False
15294,The Villages of Briar Forest,1623,1x1,817,1244,08/04/2023,False
15295,The Villages of Briar Forest,1623,1x1,817,1254,08/05/2023,False
15296,The Villages of Briar Forest,1623,1x1,817,1322,08/06/2023,False
15297,The Villages of Briar Forest,1623,1x1,817,1254,08/07/2023,False
15298,The Villages of Briar Forest,1623,1x1,817,1322,08/08/2023,False
15299,The Villages of Briar Forest,1623,1x1,817,1322,08/09/2023,False
15300,The Villages of Briar Forest,1623,1x1,817,1322,08/10/2023,False
15301,The Villages of Briar Forest,1623,1x1,817,1322,08/11/2023,False
15302,The Villages of Briar Forest,1623,1x1,817,1322,08/12/2023,False
15303,The Villages of Briar Forest,1623,1x1,817,1322,08/13/2023,False
15304,The Villages of Briar Forest,1623,1x1,817,1322,08/14/2023,False
15305,The Villages of Briar Forest,1623,1x1,817,1182,08/15/2023,False
15306,The Villages of Briar Forest,1623,1x1,817,1234,08/16/2023,False
15307,The Villages of Briar Forest,1623,1x1,817,1238,08/17/2023,False
15308,The Villages of Briar Forest,1623,1x1,817,1254,08/18/2023,False
15309,The Villages of Briar Forest,1623,1x1,817,1279,08/19/2023,False
15310,The Villages of Briar Forest,1623,1x1,817,1261,08/20/2023,False
15311,The Villages of Briar Forest,1623,1x1,817,1264,08/21/2023,False
15312,The Villages of Briar Forest,1623,1x1,817,1268,08/22/2023,False
15313,The Villages of Briar Forest,1623,1x1,817,1272,08/23/2023,False
15314,The Villages of Briar Forest,1623,1x1,817,1275,08/24/2023,False
15315,The Villages of Briar Forest,1623,1x1,817,1300,08/25/2023,False
15316,The Villages of Briar Forest,1623,1x1,817,1255,08/26/2023,False
15317,The Villages of Briar Forest,1623,1x1,817,1255,08/27/2023,False
15318,The Villages of Briar Forest,1623,1x1,817,1255,08/28/2023,False
15319,The Villages of Briar Forest,1623,1x1,817,1255,08/29/2023,False
15320,The Villages of Briar Forest,1623,1x1,817,1255,08/30/2023,False
15321,The Villages of Briar Forest,1623,1x1,817,1255,08/31/2023,False
15322,The Villages of Briar Forest,1623,1x1,817,1255,09/01/2023,False
15323,The Villages of Briar Forest,1623,1x1,817,1237,09/02/2023,False
15324,The Villages of Briar Forest,1623,1x1,817,1242,09/03/2023,False
15325,The Villages of Briar Forest,1623,1x1,817,1242,09/04/2023,False
15326,The Villages of Briar Forest,1623,1x1,817,1242,09/05/2023,False
15327,The Villages of Briar Forest,1623,1x1,817,1242,09/06/2023,False
15328,The Villages of Briar Forest,1623,1x1,817,1242,09/07/2023,False
15329,The Villages of Briar Forest,1623,1x1,817,1242,09/08/2023,False
15330,The Villages of Briar Forest,1623,1x1,817,1227,09/09/2023,False
15331,The Villages of Briar Forest,1623,1x1,817,1197,09/10/2023,False
15332,The Villages of Briar Forest,1623,1x1,817,1197,09/11/2023,False
15333,The Villages of Briar Forest,1623,1x1,817,1197,09/12/2023,False
15334,The Villages of Briar Forest,1623,1x1,817,1197,09/13/2023,False
15335,The Villages of Briar Forest,1623,1x1,817,1197,09/14/2023,False
15336,The Villages of Briar Forest,1623,1x1,817,1197,09/15/2023,False
15337,The Villages of Briar Forest,1623,1x1,817,1227,09/16/2023,False
15338,The Villages of Briar Forest,1623,1x1,817,1227,09/17/2023,False
15339,The Villages of Briar Forest,1623,1x1,817,1227,09/18/2023,False
15340,The Villages of Briar Forest,1623,1x1,817,1227,09/19/2023,False
15341,The Villages of Briar Forest,1623,1x1,817,1227,09/20/2023,False
15342,The Villages of Briar Forest,1623,1x1,817,1227,09/21/2023,False
15343,The Villages of Briar Forest,1623,1x1,817,1217,09/22/2023,False
15344,The Villages of Briar Forest,1623,1x1,817,1217,09/23/2023,False
15345,The Villages of Briar Forest,1623,1x1,817,1217,09/24/2023,False
15346,The Villages of Briar Forest,1623,1x1,817,1217,09/25/2023,False
15347,The Villages of Briar Forest,1623,1x1,817,1217,09/26/2023,False
15348,The Villages of Briar Forest,1623,1x1,817,1217,09/27/2023,False
15349,The Villages of Briar Forest,1623,1x1,817,1217,09/28/2023,False
15350,The Villages of Briar Forest,1623,1x1,817,1217,09/29/2023,False
15351,The Villages of Briar Forest,1623,1x1,817,1167,09/30/2023,False
15352,The Villages of Briar Forest,1623,1x1,817,1157,10/01/2023,False
15353,The Villages of Briar Forest,1623,1x1,817,1151,10/02/2023,False
15354,The Villages of Briar Forest,1623,1x1,817,1151,10/03/2023,False
15355,The Villages of Briar Forest,1623,1x1,817,1151,10/04/2023,False
15356,The Villages of Briar Forest,1623,1x1,817,1088,10/05/2023,False
15357,The Villages of Briar Forest,1623,1x1,817,1114,10/06/2023,False
15358,The Villages of Briar Forest,1623,1x1,817,1032,10/07/2023,False
15359,The Villages of Briar Forest,1623,1x1,817,1032,10/08/2023,False
15360,The Villages of Briar Forest,1623,1x1,817,1032,10/09/2023,False
15361,The Villages of Briar Forest,1623,1x1,817,1032,10/10/2023,False
15362,The Villages of Briar Forest,1623,1x1,817,1032,10/11/2023,False
15363,The Villages of Briar Forest,1623,1x1,817,1032,10/12/2023,False
15364,The Villages of Briar Forest,1623,1x1,817,1032,10/13/2023,False
15365,The Villages of Briar Forest,1623,1x1,817,1032,10/14/2023,False
15366,The Villages of Briar Forest,1623,1x1,817,1032,10/15/2023,False
15367,The Villages of Briar Forest,1623,1x1,817,1032,10/16/2023,False
15368,The Villages of Briar Forest,1623,1x1,817,1032,10/17/2023,False
15369,The Villages of Briar Forest,1623,1x1,817,1028,10/18/2023,False
15370,The Villages of Briar Forest,1623,1x1,817,1028,10/19/2023,False
15371,The Villages of Briar Forest,1623,1x1,817,1028,10/20/2023,False
15372,The Villages of Briar Forest,1623,1x1,817,1028,10/21/2023,False
15373,The Villages of Briar Forest,1623,1x1,817,1028,10/22/2023,False
15374,The Villages of Briar Forest,1623,1x1,817,1028,10/23/2023,False
15375,The Villages of Briar Forest,1623,1x1,817,1028,10/24/2023,False
15376,The Villages of Briar Forest,1623,1x1,817,1028,10/25/2023,False
15377,The Villages of Briar Forest,1623,1x1,817,1028,10/26/2023,False
15378,The Villages of Briar Forest,1623,1x1,817,1028,10/27/2023,False
15379,The Villages of Briar Forest,1623,1x1,817,1028,10/28/2023,False
15380,The Villages of Briar Forest,1623,1x1,817,1028,10/29/2023,False
15381,The Villages of Briar Forest,1623,1x1,817,1028,10/30/2023,False
15382,The Villages of Briar Forest,1623,1x1,817,1028,10/31/2023,False
15383,The Villages of Briar Forest,1623,1x1,817,1090,11/01/2023,False
15384,The Villages of Briar Forest,1623,1x1,817,1090,11/02/2023,False
15385,The Villages of Briar Forest,1623,1x1,817,1090,11/03/2023,False
15386,The Villages of Briar Forest,1623,1x1,817,1090,11/04/2023,False
15387,The Villages of Briar Forest,1623,1x1,817,1090,11/05/2023,False
15388,The Villages of Briar Forest,1623,1x1,817,1090,11/06/2023,False
15389,The Villages of Briar Forest,1623,1x1,817,1090,11/07/2023,False
15390,The Villages of Briar Forest,1623,1x1,817,1090,11/08/2023,False
15391,The Villages of Briar Forest,1623,1x1,817,1090,11/09/2023,False
15392,The Villages of Briar Forest,1623,1x1,817,1090,11/10/2023,False
15393,The Villages of Briar Forest,1623,1x1,817,1090,11/11/2023,False
15394,The Villages of Briar Forest,1623,1x1,817,1090,11/12/2023,False
15395,The Villages of Briar Forest,1623,1x1,817,1090,11/13/2023,False
15396,The Villages of Briar Forest,1623,1x1,817,1090,11/14/2023,False
15397,The Villages of Briar Forest,1623,1x1,817,1090,11/15/2023,False
15398,The Villages of Briar Forest,1623,1x1,817,1090,11/16/2023,False
15399,The Villages of Briar Forest,1623,1x1,817,1110,11/17/2023,False
15400,The Villages of Briar Forest,1623,1x1,817,1110,11/18/2023,False
15401,The Villages of Briar Forest,1623,1x1,817,1110,11/19/2023,False
15402,The Villages of Briar Forest,1623,1x1,817,1110,11/20/2023,False
15403,The Villages of Briar Forest,1623,1x1,817,1110,11/21/2023,False
15404,The Villages of Briar Forest,1623,1x1,817,1110,11/22/2023,False
15405,The Villages of Briar Forest,1623,1x1,817,1110,11/23/2023,False
15406,The Villages of Briar Forest,1623,1x1,817,1095,11/24/2023,False
15407,The Villages of Briar Forest,1623,1x1,817,1095,11/25/2023,False
15408,The Villages of Briar Forest,1623,1x1,817,1095,11/26/2023,True
15409,The Villages of Briar Forest,1623,1x1,817,1325,09/19/2024,False
15410,The Villages of Briar Forest,1623,1x1,817,1335,09/20/2024,False
15411,The Villages of Briar Forest,1623,1x1,817,1335,09/21/2024,False
15412,The Villages of Briar Forest,1623,1x1,817,1335,09/22/2024,False
15413,The Villages of Briar Forest,1623,1x1,817,1340,09/23/2024,False
15414,The Villages of Briar Forest,1623,1x1,817,1335,09/24/2024,False
15415,The Villages of Briar Forest,1623,1x1,817,1335,09/25/2024,False
15416,The Villages of Briar Forest,1623,1x1,817,1335,09/26/2024,False
15417,The Villages of Briar Forest,1623,1x1,817,1305,09/27/2024,False
15418,The Villages of Briar Forest,1623,1x1,817,1290,09/28/2024,False
15419,The Villages of Briar Forest,1623,1x1,817,1290,09/29/2024,False
15420,The Villages of Briar Forest,1623,1x1,817,1269,09/30/2024,False
15421,The Villages of Briar Forest,1623,1x1,817,1269,10/01/2024,False
15422,The Villages of Briar Forest,1623,1x1,817,1264,10/02/2024,False
15423,The Villages of Briar Forest,1623,1x1,817,1259,10/03/2024,False
15424,The Villages of Briar Forest,1623,1x1,817,1224,10/04/2024,False
15425,The Villages of Briar Forest,1623,1x1,817,1229,10/05/2024,False
15426,The Villages of Briar Forest,1623,1x1,817,1229,10/06/2024,False
15427,The Villages of Briar Forest,1623,1x1,817,1227,10/07/2024,False
15428,The Villages of Briar Forest,1623,1x1,817,1234,10/08/2024,False
15429,The Villages of Briar Forest,1623,1x1,817,1232,10/09/2024,False
15430,The Villages of Briar Forest,1623,1x1,817,1250,10/10/2024,False
15431,The Villages of Briar Forest,1623,1x1,817,1245,10/11/2024,False
15432,The Villages of Briar Forest,1623,1x1,817,1245,10/12/2024,False
15433,The Villages of Briar Forest,1623,1x1,817,1245,10/13/2024,False
15434,The Villages of Briar Forest,1623,1x1,817,1245,10/14/2024,False
15435,The Villages of Briar Forest,1623,1x1,817,1195,10/15/2024,False
15436,The Villages of Briar Forest,1623,1x1,817,1195,10/16/2024,False
15437,The Villages of Briar Forest,1623,1x1,817,1195,10/17/2024,False
15438,The Villages of Briar Forest,1623,1x1,817,1195,10/18/2024,False
15439,The Villages of Briar Forest,1623,1x1,817,1195,10/19/2024,False
15440,The Villages of Briar Forest,1623,1x1,817,1195,10/20/2024,False
15441,The Villages of Briar Forest,1623,1x1,817,1195,10/21/2024,False
15442,The Villages of Briar Forest,1623,1x1,817,1195,10/22/2024,False
15443,The Villages of Briar Forest,1623,1x1,817,1195,10/23/2024,False
15444,The Villages of Briar Forest,1623,1x1,817,1195,10/24/2024,False
15445,The Villages of Briar Forest,1623,1x1,817,1195,10/25/2024,False
15446,The Villages of Briar Forest,1623,1x1,817,1195,10/26/2024,False
15447,The Villages of Briar Forest,1623,1x1,817,1195,10/27/2024,False
15448,The Villages of Briar Forest,1623,1x1,817,1195,10/28/2024,False
15449,The Villages of Briar Forest,1623,1x1,817,1195,10/29/2024,False
15450,The Villages of Briar Forest,1623,1x1,817,1195,10/30/2024,False
15451,The Villages of Briar Forest,1623,1x1,817,1195,10/31/2024,False
15452,The Villages of Briar Forest,1623,1x1,817,1195,11/01/2024,False
15453,The Villages of Briar Forest,1623,1x1,817,1195,11/02/2024,False
15454,The Villages of Briar Forest,1623,1x1,817,1195,11/03/2024,False
15455,The Villages of Briar Forest,1623,1x1,817,1195,11/04/2024,False
15456,The Villages of Briar Forest,1623,1x1,817,1153,11/05/2024,False
15457,The Villages of Briar Forest,1623,1x1,817,1153,11/06/2024,True
15458,The Villages of Briar Forest,1625,2x2,1138,1606,06/17/2023,False
15459,The Villages of Briar Forest,1625,2x2,1138,1606,06/18/2023,False
15460,The Villages of Briar Forest,1625,2x2,1138,1606,06/19/2023,False
15461,The Villages of Briar Forest,1625,2x2,1138,1606,06/20/2023,False
15462,The Villages of Briar Forest,1625,2x2,1138,1606,06/21/2023,False
15463,The Villages of Briar Forest,1625,2x2,1138,1611,06/22/2023,False
15464,The Villages of Briar Forest,1625,2x2,1138,1621,06/23/2023,False
15465,The Villages of Briar Forest,1625,2x2,1138,1616,06/24/2023,False
15466,The Villages of Briar Forest,1625,2x2,1138,1606,06/25/2023,False
15467,The Villages of Briar Forest,1625,2x2,1138,1606,06/26/2023,False
15468,The Villages of Briar Forest,1625,2x2,1138,1796,06/27/2023,False
15469,The Villages of Briar Forest,1625,2x2,1138,1796,06/28/2023,False
15470,The Villages of Briar Forest,1625,2x2,1138,1796,06/29/2023,False
15471,The Villages of Briar Forest,1625,2x2,1138,1796,06/30/2023,False
15472,The Villages of Briar Forest,1625,2x2,1138,1796,07/01/2023,False
15473,The Villages of Briar Forest,1625,2x2,1138,1796,07/02/2023,False
15474,The Villages of Briar Forest,1625,2x2,1138,1796,07/03/2023,False
15475,The Villages of Briar Forest,1625,2x2,1138,1796,07/04/2023,False
15476,The Villages of Briar Forest,1625,2x2,1138,1796,07/05/2023,False
15477,The Villages of Briar Forest,1625,2x2,1138,1796,07/06/2023,False
15478,The Villages of Briar Forest,1625,2x2,1138,1796,07/07/2023,False
15479,The Villages of Briar Forest,1625,2x2,1138,1771,07/08/2023,False
15480,The Villages of Briar Forest,1625,2x2,1138,1771,07/09/2023,False
15481,The Villages of Briar Forest,1625,2x2,1138,1771,07/10/2023,False
15482,The Villages of Briar Forest,1625,2x2,1138,1771,07/11/2023,False
15483,The Villages of Briar Forest,1625,2x2,1138,1681,07/12/2023,False
15484,The Villages of Briar Forest,1625,2x2,1138,1677,07/13/2023,False
15485,The Villages of Briar Forest,1625,2x2,1138,1631,07/14/2023,False
15486,The Villages of Briar Forest,1625,2x2,1138,1641,07/15/2023,False
15487,The Villages of Briar Forest,1625,2x2,1138,1691,07/16/2023,False
15488,The Villages of Briar Forest,1625,2x2,1138,1628,07/17/2023,False
15489,The Villages of Briar Forest,1625,2x2,1138,1598,07/18/2023,False
15490,The Villages of Briar Forest,1625,2x2,1138,1598,07/19/2023,False
15491,The Villages of Briar Forest,1625,2x2,1138,1604,07/20/2023,False
15492,The Villages of Briar Forest,1625,2x2,1138,1604,07/21/2023,False
15493,The Villages of Briar Forest,1625,2x2,1138,1604,07/22/2023,True
15494,The Villages of Briar Forest,1625,2x2,1138,1626,12/13/2023,False
15495,The Villages of Briar Forest,1625,2x2,1138,1626,12/14/2023,False
15496,The Villages of Briar Forest,1625,2x2,1138,1636,12/15/2023,False
15497,The Villages of Briar Forest,1625,2x2,1138,1636,12/16/2023,False
15498,The Villages of Briar Forest,1625,2x2,1138,1636,12/17/2023,False
15499,The Villages of Briar Forest,1625,2x2,1138,1636,12/18/2023,False
15500,The Villages of Briar Forest,1625,2x2,1138,1636,12/19/2023,False
15501,The Villages of Briar Forest,1625,2x2,1138,1636,12/20/2023,False
15502,The Villages of Briar Forest,1625,2x2,1138,1636,12/21/2023,False
15503,The Villages of Briar Forest,1625,2x2,1138,1636,12/22/2023,False
15504,The Villages of Briar Forest,1625,2x2,1138,1636,12/23/2023,False
15505,The Villages of Briar Forest,1625,2x2,1138,1636,12/24/2023,False
15506,The Villages of Briar Forest,1625,2x2,1138,1636,12/25/2023,False
15507,The Villages of Briar Forest,1625,2x2,1138,1636,12/26/2023,False
15508,The Villages of Briar Forest,1625,2x2,1138,1636,12/27/2023,False
15509,The Villages of Briar Forest,1625,2x2,1138,1636,12/28/2023,False
15510,The Villages of Briar Forest,1625,2x2,1138,1636,12/29/2023,False
15511,The Villages of Briar Forest,1625,2x2,1138,1566,12/30/2023,False
15512,The Villages of Briar Forest,1625,2x2,1138,1566,12/31/2023,False
15513,The Villages of Briar Forest,1625,2x2,1138,1566,01/01/2024,False
15514,The Villages of Briar Forest,1625,2x2,1138,1566,01/02/2024,False
15515,The Villages of Briar Forest,1625,2x2,1138,1566,01/03/2024,False
15516,The Villages of Briar Forest,1625,2x2,1138,1566,01/04/2024,True
15517,The Villages of Briar Forest,1625,2x2,1138,1771,04/06/2024,False
15518,The Villages of Briar Forest,1625,2x2,1138,1771,04/07/2024,False
15519,The Villages of Briar Forest,1625,2x2,1138,1771,04/08/2024,False
15520,The Villages of Briar Forest,1625,2x2,1138,1771,04/09/2024,False
15521,The Villages of Briar Forest,1625,2x2,1138,1771,04/10/2024,False
15522,The Villages of Briar Forest,1625,2x2,1138,1771,04/11/2024,False
15523,The Villages of Briar Forest,1625,2x2,1138,1771,04/12/2024,False
15524,The Villages of Briar Forest,1625,2x2,1138,1721,04/13/2024,False
15525,The Villages of Briar Forest,1625,2x2,1138,1721,04/14/2024,False
15526,The Villages of Briar Forest,1625,2x2,1138,1721,04/15/2024,False
15527,The Villages of Briar Forest,1625,2x2,1138,1721,04/16/2024,False
15528,The Villages of Briar Forest,1625,2x2,1138,1721,04/17/2024,False
15529,The Villages of Briar Forest,1625,2x2,1138,1721,04/18/2024,False
15530,The Villages of Briar Forest,1625,2x2,1138,1721,04/19/2024,False
15531,The Villages of Briar Forest,1625,2x2,1138,1721,04/20/2024,False
15532,The Villages of Briar Forest,1625,2x2,1138,1721,04/21/2024,False
15533,The Villages of Briar Forest,1625,2x2,1138,1721,04/22/2024,False
15534,The Villages of Briar Forest,1625,2x2,1138,1721,04/23/2024,False
15535,The Villages of Briar Forest,1625,2x2,1138,1721,04/24/2024,False
15536,The Villages of Briar Forest,1625,2x2,1138,1721,04/25/2024,False
15537,The Villages of Briar Forest,1625,2x2,1138,1691,04/26/2024,False
15538,The Villages of Briar Forest,1625,2x2,1138,1691,04/27/2024,False
15539,The Villages of Briar Forest,1625,2x2,1138,1691,04/28/2024,False
15540,The Villages of Briar Forest,1625,2x2,1138,1691,04/29/2024,False
15541,The Villages of Briar Forest,1625,2x2,1138,1691,04/30/2024,False
15542,The Villages of Briar Forest,1625,2x2,1138,1691,05/01/2024,False
15543,The Villages of Briar Forest,1625,2x2,1138,1691,05/02/2024,False
15544,The Villages of Briar Forest,1625,2x2,1138,1691,05/03/2024,False
15545,The Villages of Briar Forest,1625,2x2,1138,1656,05/04/2024,False
15546,The Villages of Briar Forest,1625,2x2,1138,1656,05/05/2024,False
15547,The Villages of Briar Forest,1625,2x2,1138,1656,05/06/2024,False
15548,The Villages of Briar Forest,1625,2x2,1138,1656,05/07/2024,False
15549,The Villages of Briar Forest,1625,2x2,1138,1656,05/08/2024,False
15550,The Villages of Briar Forest,1625,2x2,1138,1656,05/09/2024,False
15551,The Villages of Briar Forest,1625,2x2,1138,1639,05/10/2024,False
15552,The Villages of Briar Forest,1625,2x2,1138,1606,05/11/2024,False
15553,The Villages of Briar Forest,1625,2x2,1138,1606,05/12/2024,False
15554,The Villages of Briar Forest,1625,2x2,1138,1606,05/13/2024,False
15555,The Villages of Briar Forest,1625,2x2,1138,1606,05/14/2024,False
15556,The Villages of Briar Forest,1625,2x2,1138,1606,05/15/2024,False
15557,The Villages of Briar Forest,1625,2x2,1138,1606,05/16/2024,False
15558,The Villages of Briar Forest,1625,2x2,1138,1601,05/17/2024,False
15559,The Villages of Briar Forest,1625,2x2,1138,1601,05/18/2024,False
15560,The Villages of Briar Forest,1625,2x2,1138,1601,05/19/2024,False
15561,The Villages of Briar Forest,1625,2x2,1138,1601,05/20/2024,False
15562,The Villages of Briar Forest,1625,2x2,1138,1601,05/21/2024,False
15563,The Villages of Briar Forest,1625,2x2,1138,1601,05/22/2024,False
15564,The Villages of Briar Forest,1625,2x2,1138,1601,05/23/2024,False
15565,The Villages of Briar Forest,1625,2x2,1138,1616,05/24/2024,False
15566,The Villages of Briar Forest,1625,2x2,1138,1617,05/25/2024,False
15567,The Villages of Briar Forest,1625,2x2,1138,1617,05/26/2024,False
15568,The Villages of Briar Forest,1625,2x2,1138,1617,05/27/2024,False
15569,The Villages of Briar Forest,1625,2x2,1138,1617,05/28/2024,False
15570,The Villages of Briar Forest,1625,2x2,1138,1627,05/29/2024,False
15571,The Villages of Briar Forest,1625,2x2,1138,1611,05/30/2024,False
15572,The Villages of Briar Forest,1625,2x2,1138,1627,05/31/2024,False
15573,The Villages of Briar Forest,1625,2x2,1138,1627,06/01/2024,False
15574,The Villages of Briar Forest,1625,2x2,1138,1627,06/02/2024,False
15575,The Villages of Briar Forest,1625,2x2,1138,1627,06/03/2024,False
15576,The Villages of Briar Forest,1625,2x2,1138,1630,06/04/2024,False
15577,The Villages of Briar Forest,1625,2x2,1138,1627,06/05/2024,False
15578,The Villages of Briar Forest,1625,2x2,1138,1627,06/06/2024,False
15579,The Villages of Briar Forest,1625,2x2,1138,1627,06/07/2024,False
15580,The Villages of Briar Forest,1625,2x2,1138,1676,06/08/2024,False
15581,The Villages of Briar Forest,1625,2x2,1138,1676,06/09/2024,False
15582,The Villages of Briar Forest,1625,2x2,1138,1676,06/10/2024,False
15583,The Villages of Briar Forest,1625,2x2,1138,1676,06/11/2024,False
15584,The Villages of Briar Forest,1625,2x2,1138,1676,06/12/2024,False
15585,The Villages of Briar Forest,1625,2x2,1138,1676,06/13/2024,False
15586,The Villages of Briar Forest,1625,2x2,1138,1676,06/14/2024,False
15587,The Villages of Briar Forest,1625,2x2,1138,1676,06/15/2024,False
15588,The Villages of Briar Forest,1625,2x2,1138,1676,06/16/2024,False
15589,The Villages of Briar Forest,1625,2x2,1138,1676,06/17/2024,False
15590,The Villages of Briar Forest,1625,2x2,1138,1676,06/18/2024,False
15591,The Villages of Briar Forest,1625,2x2,1138,1676,06/19/2024,False
15592,The Villages of Briar Forest,1625,2x2,1138,1676,06/20/2024,False
15593,The Villages of Briar Forest,1625,2x2,1138,1676,06/21/2024,False
15594,The Villages of Briar Forest,1625,2x2,1138,1676,06/22/2024,False
15595,The Villages of Briar Forest,1625,2x2,1138,1676,06/23/2024,False
15596,The Villages of Briar Forest,1625,2x2,1138,1656,06/24/2024,False
15597,The Villages of Briar Forest,1625,2x2,1138,1656,06/25/2024,False
15598,The Villages of Briar Forest,1625,2x2,1138,1656,06/26/2024,False
15599,The Villages of Briar Forest,1625,2x2,1138,1656,06/27/2024,False
15600,The Villages of Briar Forest,1625,2x2,1138,1636,06/28/2024,False
15601,The Villages of Briar Forest,1625,2x2,1138,1636,06/29/2024,False
15602,The Villages of Briar Forest,1625,2x2,1138,1636,06/30/2024,False
15603,The Villages of Briar Forest,1625,2x2,1138,1636,07/01/2024,False
15604,The Villages of Briar Forest,1625,2x2,1138,1558,07/02/2024,False
15605,The Villages of Briar Forest,1625,2x2,1138,1558,07/03/2024,False
15606,The Villages of Briar Forest,1625,2x2,1138,1558,07/04/2024,False
15607,The Villages of Briar Forest,1625,2x2,1138,1553,07/05/2024,False
15608,The Villages of Briar Forest,1625,2x2,1138,1553,07/06/2024,True
15609,The Villages of Briar Forest,1627,1x1,817,1510,07/05/2023,False
15610,The Villages of Briar Forest,1627,1x1,817,1501,07/06/2023,False
15611,The Villages of Briar Forest,1627,1x1,817,1496,07/07/2023,False
15612,The Villages of Briar Forest,1627,1x1,817,1541,07/08/2023,False
15613,The Villages of Briar Forest,1627,1x1,817,1536,07/09/2023,False
15614,The Villages of Briar Forest,1627,1x1,817,1536,07/10/2023,False
15615,The Villages of Briar Forest,1627,1x1,817,1456,07/11/2023,False
15616,The Villages of Briar Forest,1627,1x1,817,1456,07/12/2023,False
15617,The Villages of Briar Forest,1627,1x1,817,1456,07/13/2023,False
15618,The Villages of Briar Forest,1627,1x1,817,1456,07/14/2023,False
15619,The Villages of Briar Forest,1627,1x1,817,1456,07/15/2023,False
15620,The Villages of Briar Forest,1627,1x1,817,1456,07/16/2023,False
15621,The Villages of Briar Forest,1627,1x1,817,1456,07/17/2023,False
15622,The Villages of Briar Forest,1627,1x1,817,1456,07/18/2023,False
15623,The Villages of Briar Forest,1627,1x1,817,1456,07/19/2023,False
15624,The Villages of Briar Forest,1627,1x1,817,1394,07/20/2023,False
15625,The Villages of Briar Forest,1627,1x1,817,1394,07/21/2023,False
15626,The Villages of Briar Forest,1627,1x1,817,1394,07/22/2023,False
15627,The Villages of Briar Forest,1627,1x1,817,1394,07/23/2023,False
15628,The Villages of Briar Forest,1627,1x1,817,1394,07/24/2023,False
15629,The Villages of Briar Forest,1627,1x1,817,1394,07/25/2023,False
15630,The Villages of Briar Forest,1627,1x1,817,1394,07/26/2023,False
15631,The Villages of Briar Forest,1627,1x1,817,1394,07/27/2023,False
15632,The Villages of Briar Forest,1627,1x1,817,1394,07/28/2023,False
15633,The Villages of Briar Forest,1627,1x1,817,1424,07/29/2023,False
15634,The Villages of Briar Forest,1627,1x1,817,1424,07/30/2023,False
15635,The Villages of Briar Forest,1627,1x1,817,1408,07/31/2023,False
15636,The Villages of Briar Forest,1627,1x1,817,1408,08/01/2023,False
15637,The Villages of Briar Forest,1627,1x1,817,1408,08/02/2023,False
15638,The Villages of Briar Forest,1627,1x1,817,1374,08/03/2023,False
15639,The Villages of Briar Forest,1627,1x1,817,1374,08/04/2023,False
15640,The Villages of Briar Forest,1627,1x1,817,1374,08/05/2023,False
15641,The Villages of Briar Forest,1627,1x1,817,1374,08/06/2023,False
15642,The Villages of Briar Forest,1627,1x1,817,1374,08/07/2023,False
15643,The Villages of Briar Forest,1627,1x1,817,1374,08/08/2023,False
15644,The Villages of Briar Forest,1627,1x1,817,1374,08/09/2023,False
15645,The Villages of Briar Forest,1627,1x1,817,1374,08/10/2023,False
15646,The Villages of Briar Forest,1627,1x1,817,1394,08/11/2023,False
15647,The Villages of Briar Forest,1627,1x1,817,1384,08/12/2023,False
15648,The Villages of Briar Forest,1627,1x1,817,1414,08/13/2023,False
15649,The Villages of Briar Forest,1627,1x1,817,1414,08/14/2023,False
15650,The Villages of Briar Forest,1627,1x1,817,1404,08/15/2023,False
15651,The Villages of Briar Forest,1627,1x1,817,1462,08/16/2023,False
15652,The Villages of Briar Forest,1627,1x1,817,1462,08/17/2023,False
15653,The Villages of Briar Forest,1627,1x1,817,1397,08/18/2023,False
15654,The Villages of Briar Forest,1627,1x1,817,1397,08/19/2023,False
15655,The Villages of Briar Forest,1627,1x1,817,1397,08/20/2023,False
15656,The Villages of Briar Forest,1627,1x1,817,1397,08/21/2023,False
15657,The Villages of Briar Forest,1627,1x1,817,1397,08/22/2023,False
15658,The Villages of Briar Forest,1627,1x1,817,1397,08/23/2023,False
15659,The Villages of Briar Forest,1627,1x1,817,1397,08/24/2023,False
15660,The Villages of Briar Forest,1627,1x1,817,1397,08/25/2023,False
15661,The Villages of Briar Forest,1627,1x1,817,1357,08/26/2023,False
15662,The Villages of Briar Forest,1627,1x1,817,1357,08/27/2023,False
15663,The Villages of Briar Forest,1627,1x1,817,1357,08/28/2023,False
15664,The Villages of Briar Forest,1627,1x1,817,1357,08/29/2023,False
15665,The Villages of Briar Forest,1627,1x1,817,1357,08/30/2023,False
15666,The Villages of Briar Forest,1627,1x1,817,1357,08/31/2023,False
15667,The Villages of Briar Forest,1627,1x1,817,1357,09/01/2023,False
15668,The Villages of Briar Forest,1627,1x1,817,1357,09/02/2023,False
15669,The Villages of Briar Forest,1627,1x1,817,1357,09/03/2023,False
15670,The Villages of Briar Forest,1627,1x1,817,1357,09/04/2023,False
15671,The Villages of Briar Forest,1627,1x1,817,1357,09/05/2023,False
15672,The Villages of Briar Forest,1627,1x1,817,1357,09/06/2023,False
15673,The Villages of Briar Forest,1627,1x1,817,1357,09/07/2023,False
15674,The Villages of Briar Forest,1627,1x1,817,1387,09/08/2023,False
15675,The Villages of Briar Forest,1627,1x1,817,1372,09/09/2023,False
15676,The Villages of Briar Forest,1627,1x1,817,1342,09/10/2023,False
15677,The Villages of Briar Forest,1627,1x1,817,1342,09/11/2023,False
15678,The Villages of Briar Forest,1627,1x1,817,1342,09/12/2023,False
15679,The Villages of Briar Forest,1627,1x1,817,1342,09/13/2023,False
15680,The Villages of Briar Forest,1627,1x1,817,1342,09/14/2023,False
15681,The Villages of Briar Forest,1627,1x1,817,1342,09/15/2023,False
15682,The Villages of Briar Forest,1627,1x1,817,1372,09/16/2023,False
15683,The Villages of Briar Forest,1627,1x1,817,1372,09/17/2023,False
15684,The Villages of Briar Forest,1627,1x1,817,1372,09/18/2023,False
15685,The Villages of Briar Forest,1627,1x1,817,1372,09/19/2023,False
15686,The Villages of Briar Forest,1627,1x1,817,1372,09/20/2023,False
15687,The Villages of Briar Forest,1627,1x1,817,1372,09/21/2023,False
15688,The Villages of Briar Forest,1627,1x1,817,1362,09/22/2023,False
15689,The Villages of Briar Forest,1627,1x1,817,1362,09/23/2023,False
15690,The Villages of Briar Forest,1627,1x1,817,1362,09/24/2023,False
15691,The Villages of Briar Forest,1627,1x1,817,1362,09/25/2023,False
15692,The Villages of Briar Forest,1627,1x1,817,1362,09/26/2023,False
15693,The Villages of Briar Forest,1627,1x1,817,1362,09/27/2023,False
15694,The Villages of Briar Forest,1627,1x1,817,1362,09/28/2023,False
15695,The Villages of Briar Forest,1627,1x1,817,1362,09/29/2023,False
15696,The Villages of Briar Forest,1627,1x1,817,1312,09/30/2023,False
15697,The Villages of Briar Forest,1627,1x1,817,1302,10/01/2023,False
15698,The Villages of Briar Forest,1627,1x1,817,1296,10/02/2023,False
15699,The Villages of Briar Forest,1627,1x1,817,1296,10/03/2023,False
15700,The Villages of Briar Forest,1627,1x1,817,1296,10/04/2023,False
15701,The Villages of Briar Forest,1627,1x1,817,1234,10/05/2023,False
15702,The Villages of Briar Forest,1627,1x1,817,1258,10/06/2023,False
15703,The Villages of Briar Forest,1627,1x1,817,1178,10/07/2023,False
15704,The Villages of Briar Forest,1627,1x1,817,1178,10/08/2023,False
15705,The Villages of Briar Forest,1627,1x1,817,1178,10/09/2023,False
15706,The Villages of Briar Forest,1627,1x1,817,1178,10/10/2023,False
15707,The Villages of Briar Forest,1627,1x1,817,1178,10/11/2023,False
15708,The Villages of Briar Forest,1627,1x1,817,1178,10/12/2023,False
15709,The Villages of Briar Forest,1627,1x1,817,1178,10/13/2023,False
15710,The Villages of Briar Forest,1627,1x1,817,1172,10/14/2023,False
15711,The Villages of Briar Forest,1627,1x1,817,1172,10/15/2023,False
15712,The Villages of Briar Forest,1627,1x1,817,1172,10/16/2023,False
15713,The Villages of Briar Forest,1627,1x1,817,1172,10/17/2023,False
15714,The Villages of Briar Forest,1627,1x1,817,1172,10/18/2023,False
15715,The Villages of Briar Forest,1627,1x1,817,1172,10/19/2023,False
15716,The Villages of Briar Forest,1627,1x1,817,1172,10/20/2023,False
15717,The Villages of Briar Forest,1627,1x1,817,1172,10/21/2023,False
15718,The Villages of Briar Forest,1627,1x1,817,1172,10/22/2023,False
15719,The Villages of Briar Forest,1627,1x1,817,1172,10/23/2023,False
15720,The Villages of Briar Forest,1627,1x1,817,1172,10/24/2023,False
15721,The Villages of Briar Forest,1627,1x1,817,1172,10/25/2023,False
15722,The Villages of Briar Forest,1627,1x1,817,1172,10/26/2023,False
15723,The Villages of Briar Forest,1627,1x1,817,1172,10/27/2023,False
15724,The Villages of Briar Forest,1627,1x1,817,1172,10/28/2023,False
15725,The Villages of Briar Forest,1627,1x1,817,1172,10/29/2023,False
15726,The Villages of Briar Forest,1627,1x1,817,1172,10/30/2023,False
15727,The Villages of Briar Forest,1627,1x1,817,1172,10/31/2023,False
15728,The Villages of Briar Forest,1627,1x1,817,1235,11/01/2023,False
15729,The Villages of Briar Forest,1627,1x1,817,1235,11/02/2023,False
15730,The Villages of Briar Forest,1627,1x1,817,1235,11/03/2023,False
15731,The Villages of Briar Forest,1627,1x1,817,1235,11/04/2023,False
15732,The Villages of Briar Forest,1627,1x1,817,1235,11/05/2023,False
15733,The Villages of Briar Forest,1627,1x1,817,1235,11/06/2023,False
15734,The Villages of Briar Forest,1627,1x1,817,1235,11/07/2023,False
15735,The Villages of Briar Forest,1627,1x1,817,1235,11/08/2023,False
15736,The Villages of Briar Forest,1627,1x1,817,1235,11/09/2023,False
15737,The Villages of Briar Forest,1627,1x1,817,1235,11/10/2023,False
15738,The Villages of Briar Forest,1627,1x1,817,1275,11/11/2023,False
15739,The Villages of Briar Forest,1627,1x1,817,1275,11/12/2023,False
15740,The Villages of Briar Forest,1627,1x1,817,1275,11/13/2023,False
15741,The Villages of Briar Forest,1627,1x1,817,1275,11/14/2023,False
15742,The Villages of Briar Forest,1627,1x1,817,1275,11/15/2023,False
15743,The Villages of Briar Forest,1627,1x1,817,1275,11/16/2023,False
15744,The Villages of Briar Forest,1627,1x1,817,1255,11/17/2023,False
15745,The Villages of Briar Forest,1627,1x1,817,1255,11/18/2023,False
15746,The Villages of Briar Forest,1627,1x1,817,1255,11/19/2023,False
15747,The Villages of Briar Forest,1627,1x1,817,1255,11/20/2023,False
15748,The Villages of Briar Forest,1627,1x1,817,1255,11/21/2023,False
15749,The Villages of Briar Forest,1627,1x1,817,1255,11/22/2023,False
15750,The Villages of Briar Forest,1627,1x1,817,1255,11/23/2023,False
15751,The Villages of Briar Forest,1627,1x1,817,1240,11/24/2023,False
15752,The Villages of Briar Forest,1627,1x1,817,1240,11/25/2023,False
15753,The Villages of Briar Forest,1627,1x1,817,1240,11/26/2023,False
15754,The Villages of Briar Forest,1627,1x1,817,1240,11/27/2023,False
15755,The Villages of Briar Forest,1627,1x1,817,1240,11/28/2023,True
15756,The Villages of Briar Forest,1627,1x1,817,1420,08/14/2024,False
15757,The Villages of Briar Forest,1627,1x1,817,1420,08/15/2024,False
15758,The Villages of Briar Forest,1627,1x1,817,1405,08/16/2024,False
15759,The Villages of Briar Forest,1627,1x1,817,1405,08/17/2024,False
15760,The Villages of Briar Forest,1627,1x1,817,1405,08/18/2024,False
15761,The Villages of Briar Forest,1627,1x1,817,1405,08/19/2024,False
15762,The Villages of Briar Forest,1627,1x1,817,1405,08/20/2024,False
15763,The Villages of Briar Forest,1627,1x1,817,1405,08/21/2024,False
15764,The Villages of Briar Forest,1627,1x1,817,1405,08/22/2024,False
15765,The Villages of Briar Forest,1627,1x1,817,1405,08/23/2024,False
15766,The Villages of Briar Forest,1627,1x1,817,1405,08/24/2024,False
15767,The Villages of Briar Forest,1627,1x1,817,1405,08/25/2024,False
15768,The Villages of Briar Forest,1627,1x1,817,1405,08/26/2024,False
15769,The Villages of Briar Forest,1627,1x1,817,1405,08/27/2024,False
15770,The Villages of Briar Forest,1627,1x1,817,1405,08/28/2024,False
15771,The Villages of Briar Forest,1627,1x1,817,1380,08/29/2024,False
15772,The Villages of Briar Forest,1627,1x1,817,1395,08/30/2024,False
15773,The Villages of Briar Forest,1627,1x1,817,1395,08/31/2024,False
15774,The Villages of Briar Forest,1627,1x1,817,1395,09/01/2024,False
15775,The Villages of Briar Forest,1627,1x1,817,1395,09/02/2024,False
15776,The Villages of Briar Forest,1627,1x1,817,1395,09/03/2024,False
15777,The Villages of Briar Forest,1627,1x1,817,1395,09/04/2024,False
15778,The Villages of Briar Forest,1627,1x1,817,1395,09/05/2024,False
15779,The Villages of Briar Forest,1627,1x1,817,1395,09/06/2024,False
15780,The Villages of Briar Forest,1627,1x1,817,1395,09/07/2024,False
15781,The Villages of Briar Forest,1627,1x1,817,1395,09/08/2024,False
15782,The Villages of Briar Forest,1627,1x1,817,1395,09/09/2024,False
15783,The Villages of Briar Forest,1627,1x1,817,1395,09/10/2024,False
15784,The Villages of Briar Forest,1627,1x1,817,1395,09/11/2024,False
15785,The Villages of Briar Forest,1627,1x1,817,1395,09/12/2024,False
15786,The Villages of Briar Forest,1627,1x1,817,1475,09/13/2024,False
15787,The Villages of Briar Forest,1627,1x1,817,1475,09/14/2024,False
15788,The Villages of Briar Forest,1627,1x1,817,1475,09/15/2024,False
15789,The Villages of Briar Forest,1627,1x1,817,1460,09/16/2024,False
15790,The Villages of Briar Forest,1627,1x1,817,1460,09/17/2024,False
15791,The Villages of Briar Forest,1627,1x1,817,1460,09/18/2024,False
15792,The Villages of Briar Forest,1627,1x1,817,1455,09/19/2024,False
15793,The Villages of Briar Forest,1627,1x1,817,1470,09/20/2024,False
15794,The Villages of Briar Forest,1627,1x1,817,1470,09/21/2024,False
15795,The Villages of Briar Forest,1627,1x1,817,1470,09/22/2024,False
15796,The Villages of Briar Forest,1627,1x1,817,1460,09/23/2024,False
15797,The Villages of Briar Forest,1627,1x1,817,1455,09/24/2024,False
15798,The Villages of Briar Forest,1627,1x1,817,1455,09/25/2024,False
15799,The Villages of Briar Forest,1627,1x1,817,1455,09/26/2024,False
15800,The Villages of Briar Forest,1627,1x1,817,1425,09/27/2024,False
15801,The Villages of Briar Forest,1627,1x1,817,1425,09/28/2024,False
15802,The Villages of Briar Forest,1627,1x1,817,1425,09/29/2024,False
15803,The Villages of Briar Forest,1627,1x1,817,1404,09/30/2024,False
15804,The Villages of Briar Forest,1627,1x1,817,1404,10/01/2024,False
15805,The Villages of Briar Forest,1627,1x1,817,1404,10/02/2024,False
15806,The Villages of Briar Forest,1627,1x1,817,1404,10/03/2024,False
15807,The Villages of Briar Forest,1627,1x1,817,1369,10/04/2024,False
15808,The Villages of Briar Forest,1627,1x1,817,1369,10/05/2024,False
15809,The Villages of Briar Forest,1627,1x1,817,1369,10/06/2024,False
15810,The Villages of Briar Forest,1627,1x1,817,1369,10/07/2024,False
15811,The Villages of Briar Forest,1627,1x1,817,1369,10/08/2024,False
15812,The Villages of Briar Forest,1627,1x1,817,1369,10/09/2024,False
15813,The Villages of Briar Forest,1627,1x1,817,1328,10/10/2024,False
15814,The Villages of Briar Forest,1627,1x1,817,1328,10/11/2024,False
15815,The Villages of Briar Forest,1627,1x1,817,1328,10/12/2024,False
15816,The Villages of Briar Forest,1627,1x1,817,1328,10/13/2024,False
15817,The Villages of Briar Forest,1627,1x1,817,1328,10/14/2024,False
15818,The Villages of Briar Forest,1627,1x1,817,1278,10/15/2024,False
15819,The Villages of Briar Forest,1627,1x1,817,1278,10/16/2024,False
15820,The Villages of Briar Forest,1627,1x1,817,1278,10/17/2024,False
15821,The Villages of Briar Forest,1627,1x1,817,1278,10/18/2024,False
15822,The Villages of Briar Forest,1627,1x1,817,1278,10/19/2024,False
15823,The Villages of Briar Forest,1627,1x1,817,1278,10/20/2024,False
15824,The Villages of Briar Forest,1627,1x1,817,1278,10/21/2024,False
15825,The Villages of Briar Forest,1627,1x1,817,1278,10/22/2024,False
15826,The Villages of Briar Forest,1627,1x1,817,1278,10/23/2024,False
15827,The Villages of Briar Forest,1627,1x1,817,1278,10/24/2024,False
15828,The Villages of Briar Forest,1627,1x1,817,1278,10/25/2024,False
15829,The Villages of Briar Forest,1627,1x1,817,1278,10/26/2024,False
15830,The Villages of Briar Forest,1627,1x1,817,1278,10/27/2024,False
15831,The Villages of Briar Forest,1627,1x1,817,1340,10/28/2024,False
15832,The Villages of Briar Forest,1627,1x1,817,1340,10/29/2024,False
15833,The Villages of Briar Forest,1627,1x1,817,1340,10/30/2024,False
15834,The Villages of Briar Forest,1627,1x1,817,1340,10/31/2024,False
15835,The Villages of Briar Forest,1627,1x1,817,1340,11/01/2024,False
15836,The Villages of Briar Forest,1627,1x1,817,1340,11/02/2024,False
15837,The Villages of Briar Forest,1627,1x1,817,1340,11/03/2024,False
15838,The Villages of Briar Forest,1627,1x1,817,1340,11/04/2024,False
15839,The Villages of Briar Forest,1627,1x1,817,1298,11/05/2024,False
15840,The Villages of Briar Forest,1627,1x1,817,1298,11/06/2024,False
15841,The Villages of Briar Forest,1627,1x1,817,1298,11/07/2024,False
15842,The Villages of Briar Forest,1627,1x1,817,1298,11/08/2024,False
15843,The Villages of Briar Forest,1627,1x1,817,1298,11/09/2024,False
15844,The Villages of Briar Forest,1627,1x1,817,1298,11/10/2024,False
15845,The Villages of Briar Forest,1627,1x1,817,1298,11/11/2024,False
15846,The Villages of Briar Forest,1627,1x1,817,1298,11/12/2024,False
15847,The Villages of Briar Forest,1627,1x1,817,1298,11/13/2024,False
15848,The Villages of Briar Forest,1627,1x1,817,1298,11/14/2024,False
15849,The Villages of Briar Forest,1627,1x1,817,1298,11/15/2024,False
15850,The Villages of Briar Forest,1627,1x1,817,1298,11/16/2024,False
15851,The Villages of Briar Forest,1627,1x1,817,1298,11/17/2024,False
15852,The Villages of Briar Forest,1627,1x1,817,1298,11/18/2024,False
15853,The Villages of Briar Forest,1627,1x1,817,1298,11/19/2024,False
15854,The Villages of Briar Forest,1627,1x1,817,1298,11/20/2024,False
15855,The Villages of Briar Forest,1627,1x1,817,1298,11/21/2024,False
15856,The Villages of Briar Forest,1627,1x1,817,1350,11/22/2024,False
15857,The Villages of Briar Forest,1627,1x1,817,1272,11/23/2024,False
15858,The Villages of Briar Forest,1627,1x1,817,1272,11/24/2024,False
15859,The Villages of Briar Forest,1627,1x1,817,1272,11/25/2024,False
15860,The Villages of Briar Forest,1627,1x1,817,1335,11/26/2024,False
15861,The Villages of Briar Forest,1627,1x1,817,1272,11/27/2024,False
15862,The Villages of Briar Forest,1627,1x1,817,1272,11/28/2024,False
15863,The Villages of Briar Forest,1627,1x1,817,1268,11/29/2024,False
15864,The Villages of Briar Forest,1627,1x1,817,1268,11/30/2024,False
15865,The Villages of Briar Forest,1627,1x1,817,1262,12/01/2024,False
15866,The Villages of Briar Forest,1627,1x1,817,1262,12/02/2024,False
15867,The Villages of Briar Forest,1627,1x1,817,1312,12/03/2024,False
15868,The Villages of Briar Forest,1627,1x1,817,1312,12/04/2024,False
15869,The Villages of Briar Forest,1627,1x1,817,1312,12/05/2024,False
15870,The Villages of Briar Forest,1627,1x1,817,1312,12/06/2024,False
15871,The Villages of Briar Forest,1627,1x1,817,1282,12/07/2024,False
15872,The Villages of Briar Forest,1627,1x1,817,1282,12/08/2024,False
15873,The Villages of Briar Forest,1627,1x1,817,1282,12/09/2024,False
15874,The Villages of Briar Forest,1627,1x1,817,1282,12/10/2024,False
15875,The Villages of Briar Forest,1627,1x1,817,1282,12/11/2024,False
15876,The Villages of Briar Forest,1627,1x1,817,1282,12/12/2024,False
15877,The Villages of Briar Forest,1627,1x1,817,1328,12/13/2024,False
15878,The Villages of Briar Forest,1627,1x1,817,1328,12/14/2024,False
15879,The Villages of Briar Forest,1627,1x1,817,1328,12/15/2024,False
15880,The Villages of Briar Forest,1627,1x1,817,1328,12/16/2024,False
15881,The Villages of Briar Forest,1627,1x1,817,1328,12/17/2024,False
15882,The Villages of Briar Forest,1627,1x1,817,1369,12/18/2024,False
15883,The Villages of Briar Forest,1627,1x1,817,1369,12/19/2024,False
15884,The Villages of Briar Forest,1627,1x1,817,1328,12/20/2024,False
15885,The Villages of Briar Forest,1627,1x1,817,1328,12/21/2024,False
15886,The Villages of Briar Forest,1627,1x1,817,1328,12/22/2024,False
15887,The Villages of Briar Forest,1627,1x1,817,1328,12/23/2024,False
15888,The Villages of Briar Forest,1627,1x1,817,1328,12/24/2024,False
15889,The Villages of Briar Forest,1627,1x1,817,1328,12/25/2024,False
15890,The Villages of Briar Forest,1627,1x1,817,1328,12/26/2024,False
15891,The Villages of Briar Forest,1627,1x1,817,1322,12/27/2024,False
15892,The Villages of Briar Forest,1627,1x1,817,1322,12/28/2024,False
15893,The Villages of Briar Forest,1627,1x1,817,1322,12/29/2024,False
15894,The Villages of Briar Forest,1627,1x1,817,1322,12/30/2024,False
15895,The Villages of Briar Forest,1627,1x1,817,1322,12/31/2024,False
15896,The Villages of Briar Forest,1627,1x1,817,1390,01/01/2025,False
15897,The Villages of Briar Forest,1627,1x1,817,1315,01/02/2025,False
15898,The Villages of Briar Forest,1627,1x1,817,1315,01/03/2025,False
15899,The Villages of Briar Forest,1627,1x1,817,1295,01/04/2025,False
15900,The Villages of Briar Forest,1627,1x1,817,1295,01/05/2025,False
15901,The Villages of Briar Forest,1627,1x1,817,1295,01/06/2025,False
15902,The Villages of Briar Forest,1627,1x1,817,1265,01/07/2025,False
15903,The Villages of Briar Forest,1627,1x1,817,1265,01/08/2025,False
15904,The Villages of Briar Forest,1627,1x1,817,1265,01/09/2025,False
15905,The Villages of Briar Forest,1627,1x1,817,1255,01/10/2025,False
15906,The Villages of Briar Forest,1627,1x1,817,1255,01/11/2025,False
15907,The Villages of Briar Forest,1627,1x1,817,1255,01/12/2025,False
15908,The Villages of Briar Forest,1627,1x1,817,1255,01/13/2025,False
15909,The Villages of Briar Forest,1627,1x1,817,1255,01/14/2025,False
15910,The Villages of Briar Forest,1627,1x1,817,1255,01/15/2025,False
15911,The Villages of Briar Forest,1627,1x1,817,1255,01/16/2025,False
15912,The Villages of Briar Forest,1627,1x1,817,1255,01/17/2025,False
15913,The Villages of Briar Forest,1627,1x1,817,1255,01/18/2025,False
15914,The Villages of Briar Forest,1627,1x1,817,1255,01/19/2025,False
15915,The Villages of Briar Forest,1627,1x1,817,1255,01/20/2025,False
15916,The Villages of Briar Forest,1627,1x1,817,1255,01/21/2025,False
15917,The Villages of Briar Forest,1627,1x1,817,1255,01/22/2025,False
15918,The Villages of Briar Forest,1627,1x1,817,1255,01/23/2025,False
15919,The Villages of Briar Forest,1627,1x1,817,1270,01/24/2025,False
15920,The Villages of Briar Forest,1627,1x1,817,1270,01/25/2025,False
15921,The Villages of Briar Forest,1627,1x1,817,1270,01/26/2025,False
15922,The Villages of Briar Forest,1627,1x1,817,1270,01/27/2025,False
15923,The Villages of Briar Forest,1627,1x1,817,1270,01/28/2025,False
15924,The Villages of Briar Forest,1627,1x1,817,1270,01/29/2025,False
15925,The Villages of Briar Forest,1627,1x1,817,1270,01/30/2025,False
15926,The Villages of Briar Forest,1627,1x1,817,1270,01/31/2025,False
15927,The Villages of Briar Forest,1627,1x1,817,1282,02/01/2025,False
15928,The Villages of Briar Forest,1627,1x1,817,1282,02/02/2025,False
15929,The Villages of Briar Forest,1627,1x1,817,1282,02/03/2025,False
15930,The Villages of Briar Forest,1627,1x1,817,1282,02/04/2025,False
15931,The Villages of Briar Forest,1627,1x1,817,1282,02/05/2025,False
15932,The Villages of Briar Forest,1627,1x1,817,1282,02/06/2025,False
15933,The Villages of Briar Forest,1627,1x1,817,1248,02/07/2025,False
15934,The Villages of Briar Forest,1627,1x1,817,1248,02/08/2025,False
15935,The Villages of Briar Forest,1627,1x1,817,1248,02/09/2025,False
15936,The Villages of Briar Forest,1627,1x1,817,1248,02/10/2025,False
15937,The Villages of Briar Forest,1627,1x1,817,1248,02/11/2025,False
15938,The Villages of Briar Forest,1627,1x1,817,1248,02/12/2025,False
15939,The Villages of Briar Forest,1627,1x1,817,1248,02/13/2025,False
15940,The Villages of Briar Forest,1627,1x1,817,1262,02/14/2025,False
15941,The Villages of Briar Forest,1627,1x1,817,1262,02/15/2025,False
15942,The Villages of Briar Forest,1627,1x1,817,1262,02/16/2025,False
15943,The Villages of Briar Forest,1627,1x1,817,1262,02/17/2025,False
15944,The Villages of Briar Forest,1627,1x1,817,1262,02/18/2025,False
15945,The Villages of Briar Forest,1627,1x1,817,1262,02/19/2025,False
15946,The Villages of Briar Forest,1627,1x1,817,1325,02/20/2025,False
15947,The Villages of Briar Forest,1627,1x1,817,1250,02/21/2025,False
15948,The Villages of Briar Forest,1627,1x1,817,1250,02/22/2025,False
15949,The Villages of Briar Forest,1627,1x1,817,1250,02/23/2025,False
15950,The Villages of Briar Forest,1627,1x1,817,1262,02/24/2025,False
15951,The Villages of Briar Forest,1627,1x1,817,1250,02/25/2025,False
15952,The Villages of Briar Forest,1627,1x1,817,1250,02/26/2025,False
15953,The Villages of Briar Forest,1627,1x1,817,1250,02/27/2025,False
15954,The Villages of Briar Forest,1627,1x1,817,1225,02/28/2025,False
15955,The Villages of Briar Forest,1627,1x1,817,1238,03/01/2025,False
15956,The Villages of Briar Forest,1627,1x1,817,1238,03/02/2025,False
15957,The Villages of Briar Forest,1627,1x1,817,1238,03/03/2025,False
15958,The Villages of Briar Forest,1627,1x1,817,1238,03/04/2025,False
15959,The Villages of Briar Forest,1627,1x1,817,1238,03/05/2025,False
15960,The Villages of Briar Forest,1627,1x1,817,1300,03/06/2025,False
15961,The Villages of Briar Forest,1627,1x1,817,1315,03/07/2025,False
15962,The Villages of Briar Forest,1627,1x1,817,1315,03/08/2025,False
15963,The Villages of Briar Forest,1627,1x1,817,1315,03/09/2025,False
15964,The Villages of Briar Forest,1627,1x1,817,1315,03/10/2025,False
15965,The Villages of Briar Forest,1627,1x1,817,1315,03/11/2025,False
15966,The Villages of Briar Forest,1627,1x1,817,1315,03/12/2025,False
15967,The Villages of Briar Forest,1627,1x1,817,1315,03/13/2025,False
15968,The Villages of Briar Forest,1627,1x1,817,1315,03/14/2025,False
15969,The Villages of Briar Forest,1627,1x1,817,1315,03/15/2025,False
15970,The Villages of Briar Forest,1627,1x1,817,1315,03/16/2025,False
15971,The Villages of Briar Forest,1627,1x1,817,1315,03/17/2025,False
15972,The Villages of Briar Forest,1627,1x1,817,1315,03/18/2025,False
15973,The Villages of Briar Forest,1627,1x1,817,1315,03/19/2025,False
15974,The Villages of Briar Forest,1627,1x1,817,1315,03/20/2025,False
15975,The Villages of Briar Forest,1627,1x1,817,1315,03/21/2025,False
15976,The Villages of Briar Forest,1627,1x1,817,1315,03/22/2025,False
15977,The Villages of Briar Forest,1627,1x1,817,1315,03/23/2025,False
15978,The Villages of Briar Forest,1627,1x1,817,1315,03/24/2025,False
15979,The Villages of Briar Forest,1627,1x1,817,1425,03/25/2025,False
15980,The Villages of Briar Forest,1627,1x1,817,1425,03/26/2025,False
15981,The Villages of Briar Forest,1627,1x1,817,1425,03/27/2025,False
15982,The Villages of Briar Forest,1627,1x1,817,1425,03/28/2025,False
15983,The Villages of Briar Forest,1627,1x1,817,1425,03/29/2025,False
15984,The Villages of Briar Forest,1627,1x1,817,1425,03/30/2025,False
15985,The Villages of Briar Forest,1627,1x1,817,1425,03/31/2025,False
15986,The Villages of Briar Forest,1627,1x1,817,1425,04/01/2025,True
15987,The Villages of Briar Forest,1628,2x2,1138,1499,05/29/2024,False
15988,The Villages of Briar Forest,1628,2x2,1138,1499,05/30/2024,False
15989,The Villages of Briar Forest,1628,2x2,1138,1499,05/31/2024,False
15990,The Villages of Briar Forest,1628,2x2,1138,1499,06/01/2024,False
15991,The Villages of Briar Forest,1628,2x2,1138,1501,06/02/2024,False
15992,The Villages of Briar Forest,1628,2x2,1138,1499,06/03/2024,False
15993,The Villages of Briar Forest,1628,2x2,1138,1501,06/04/2024,False
15994,The Villages of Briar Forest,1628,2x2,1138,1501,06/05/2024,False
15995,The Villages of Briar Forest,1628,2x2,1138,1501,06/06/2024,False
15996,The Villages of Briar Forest,1628,2x2,1138,1501,06/07/2024,False
15997,The Villages of Briar Forest,1628,2x2,1138,1501,06/08/2024,False
15998,The Villages of Briar Forest,1628,2x2,1138,1501,06/09/2024,False
15999,The Villages of Briar Forest,1628,2x2,1138,1501,06/10/2024,False
16000,The Villages of Briar Forest,1628,2x2,1138,1501,06/11/2024,False
16001,The Villages of Briar Forest,1628,2x2,1138,1501,06/12/2024,False
16002,The Villages of Briar Forest,1628,2x2,1138,1501,06/13/2024,False
16003,The Villages of Briar Forest,1628,2x2,1138,1501,06/14/2024,False
16004,The Villages of Briar Forest,1628,2x2,1138,1501,06/15/2024,False
16005,The Villages of Briar Forest,1628,2x2,1138,1501,06/16/2024,False
16006,The Villages of Briar Forest,1628,2x2,1138,1501,06/17/2024,False
16007,The Villages of Briar Forest,1628,2x2,1138,1501,06/18/2024,False
16008,The Villages of Briar Forest,1628,2x2,1138,1501,06/19/2024,False
16009,The Villages of Briar Forest,1628,2x2,1138,1501,06/20/2024,False
16010,The Villages of Briar Forest,1628,2x2,1138,1501,06/21/2024,False
16011,The Villages of Briar Forest,1628,2x2,1138,1501,06/22/2024,False
16012,The Villages of Briar Forest,1628,2x2,1138,1501,06/23/2024,False
16013,The Villages of Briar Forest,1628,2x2,1138,1501,06/24/2024,False
16014,The Villages of Briar Forest,1628,2x2,1138,1501,06/25/2024,False
16015,The Villages of Briar Forest,1628,2x2,1138,1501,06/26/2024,False
16016,The Villages of Briar Forest,1628,2x2,1138,1501,06/27/2024,False
16017,The Villages of Briar Forest,1628,2x2,1138,1543,06/28/2024,False
16018,The Villages of Briar Forest,1628,2x2,1138,1543,06/29/2024,False
16019,The Villages of Briar Forest,1628,2x2,1138,1543,06/30/2024,False
16020,The Villages of Briar Forest,1628,2x2,1138,1543,07/01/2024,False
16021,The Villages of Briar Forest,1628,2x2,1138,1543,07/02/2024,False
16022,The Villages of Briar Forest,1628,2x2,1138,1543,07/03/2024,False
16023,The Villages of Briar Forest,1628,2x2,1138,1543,07/04/2024,False
16024,The Villages of Briar Forest,1628,2x2,1138,1543,07/05/2024,False
16025,The Villages of Briar Forest,1628,2x2,1138,1543,07/06/2024,False
16026,The Villages of Briar Forest,1628,2x2,1138,1543,07/07/2024,False
16027,The Villages of Briar Forest,1628,2x2,1138,1543,07/08/2024,False
16028,The Villages of Briar Forest,1628,2x2,1138,1543,07/09/2024,False
16029,The Villages of Briar Forest,1628,2x2,1138,1543,07/10/2024,False
16030,The Villages of Briar Forest,1628,2x2,1138,1543,07/11/2024,False
16031,The Villages of Briar Forest,1628,2x2,1138,1543,07/12/2024,False
16032,The Villages of Briar Forest,1628,2x2,1138,1543,07/13/2024,False
16033,The Villages of Briar Forest,1628,2x2,1138,1543,07/14/2024,False
16034,The Villages of Briar Forest,1628,2x2,1138,1543,07/15/2024,False
16035,The Villages of Briar Forest,1628,2x2,1138,1543,07/16/2024,False
16036,The Villages of Briar Forest,1628,2x2,1138,1543,07/17/2024,False
16037,The Villages of Briar Forest,1628,2x2,1138,1543,07/18/2024,False
16038,The Villages of Briar Forest,1628,2x2,1138,1543,07/19/2024,False
16039,The Villages of Briar Forest,1628,2x2,1138,1543,07/20/2024,False
16040,The Villages of Briar Forest,1628,2x2,1138,1543,07/21/2024,False
16041,The Villages of Briar Forest,1628,2x2,1138,1543,07/22/2024,False
16042,The Villages of Briar Forest,1628,2x2,1138,1543,07/23/2024,False
16043,The Villages of Briar Forest,1628,2x2,1138,1480,07/24/2024,False
16044,The Villages of Briar Forest,1628,2x2,1138,1480,07/25/2024,False
16045,The Villages of Briar Forest,1628,2x2,1138,1480,07/26/2024,False
16046,The Villages of Briar Forest,1628,2x2,1138,1480,07/27/2024,False
16047,The Villages of Briar Forest,1628,2x2,1138,1480,07/28/2024,False
16048,The Villages of Briar Forest,1628,2x2,1138,1480,07/29/2024,False
16049,The Villages of Briar Forest,1628,2x2,1138,1480,07/30/2024,False
16050,The Villages of Briar Forest,1628,2x2,1138,1480,07/31/2024,False
16051,The Villages of Briar Forest,1628,2x2,1138,1480,08/01/2024,False
16052,The Villages of Briar Forest,1628,2x2,1138,1480,08/02/2024,False
16053,The Villages of Briar Forest,1628,2x2,1138,1480,08/03/2024,False
16054,The Villages of Briar Forest,1628,2x2,1138,1480,08/04/2024,False
16055,The Villages of Briar Forest,1628,2x2,1138,1480,08/05/2024,False
16056,The Villages of Briar Forest,1628,2x2,1138,1480,08/06/2024,False
16057,The Villages of Briar Forest,1628,2x2,1138,1480,08/07/2024,False
16058,The Villages of Briar Forest,1628,2x2,1138,1480,08/08/2024,False
16059,The Villages of Briar Forest,1628,2x2,1138,1480,08/09/2024,False
16060,The Villages of Briar Forest,1628,2x2,1138,1480,08/10/2024,False
16061,The Villages of Briar Forest,1628,2x2,1138,1480,08/11/2024,False
16062,The Villages of Briar Forest,1628,2x2,1138,1480,08/12/2024,False
16063,The Villages of Briar Forest,1628,2x2,1138,1436,08/13/2024,False
16064,The Villages of Briar Forest,1628,2x2,1138,1436,08/14/2024,False
16065,The Villages of Briar Forest,1628,2x2,1138,1436,08/15/2024,False
16066,The Villages of Briar Forest,1628,2x2,1138,1511,08/16/2024,False
16067,The Villages of Briar Forest,1628,2x2,1138,1511,08/17/2024,False
16068,The Villages of Briar Forest,1628,2x2,1138,1511,08/18/2024,False
16069,The Villages of Briar Forest,1628,2x2,1138,1511,08/19/2024,False
16070,The Villages of Briar Forest,1628,2x2,1138,1511,08/20/2024,True
